    0.46496612
   -0.21915547
   -0.22838609
   -0.24405889
   -0.23659044
    0.05494666
   -0.02784439
   -0.02812289
    0.05610137
    0.05511922
   -0.02077884
   -0.03143203
    0.05412299
    0.04867680
   -0.02208218
   -0.03144890
    0.05396052
    0.05198264
   -0.02809764
   -0.02776333
    0.05424386
   -0.06836193
    0.03936151
   -0.06797709
    0.03808571
   -0.07408747
    0.03564640
   -0.07206930
    0.03776973
   -0.10008198
    0.03605385
    0.03937382
    0.03631963
   -0.09996805
    0.03716320
    0.03865100
    0.03593156
   -0.10136861
    0.03709478
    0.03793475
    0.04415414
   -0.02745304
    0.02575517
   -0.09559014
    0.03548208
    0.02535283
   -0.10113349
    0.03922047
    0.03579851
    0.04351194
   -0.02753727
    0.02547770
   -0.09458731
    0.03701266
    0.02585049
   -0.09991480
    0.04013948
    0.03616650
    0.03607219
   -0.10009500
    0.03614730
    0.03728256
    0.03902406
   -0.48000234
    0.32468884
    0.32519838
   -0.07620750
    0.07112640
    0.07457480
    0.07592802
   -0.11056069
    0.16528648
