    0.46609066
   -0.21881318
   -0.21476048
   -0.24430352
   -0.25064717
    0.05419263
   -0.02881893
   -0.02705413
    0.05692227
    0.05974569
   -0.01684201
   -0.02821782
    0.05908200
    0.05168662
   -0.02022403
   -0.03289240
    0.05106677
    0.04629521
   -0.03154736
   -0.03187512
    0.04885595
   -0.07337267
    0.03598351
   -0.06319617
    0.04138120
   -0.06824908
    0.03933381
   -0.07806718
    0.03412723
   -0.10033218
    0.03604651
    0.03967368
    0.03756143
   -0.09972940
    0.03572319
    0.03855695
    0.03601614
   -0.10228479
    0.04070819
    0.03833503
    0.04495947
   -0.02662029
    0.02678034
   -0.09490935
    0.03742085
    0.02611808
   -0.10186942
    0.03867045
    0.03861961
    0.04412164
   -0.02765506
    0.02516473
   -0.09539740
    0.03622014
    0.02541451
   -0.09900926
    0.03608440
    0.03660189
    0.03483731
   -0.09929029
    0.03496752
    0.03706143
    0.03553467
   -0.47987524
    0.32518505
    0.32494513
   -0.07605875
    0.07425205
    0.07085262
    0.07612546
   -0.11172131
    0.16631198
