           1           2  0.59821225607751738     
           1           3  0.59686493212111735     
           1           4  0.58491574422688275     
           1           5  0.58400246292445368     
           2           6   1.2509158389958654     
           6           7   1.1277456600486524     
           7           8   1.6088201216565050     
           2           9   1.2463064776605373     
           8           9   1.1270441734523797     
           3          10   1.2461250377547670     
          10          11   1.1505005041630922     
          11          12   1.5374405430847140     
           3          13   1.2545390392588665     
          12          13   1.1113410590515826     
           4          14   1.2345251322350019     
          14          15   1.1609397420398182     
          15          16   1.5256777860573383     
           4          17   1.2538111829964724     
          16          17   1.1215364434280133     
           5          18   1.2426586403829600     
          18          19   1.1373060459149120     
          19          20   1.5966167604992991     
           5          21   1.2428681259720193     
          20          21   1.1383319130577927     
           6          22   1.3571293429903848     
          21          22   1.3551789779628973     
          22          23  0.96221440364143740     
           9          24   1.3683440182654967     
          10          24   1.3450988231310801     
          24          25  0.96048951948913719     
          13          26   1.3654456452052164     
          14          26   1.3443551875748259     
          26          27  0.95848020213201479     
          17          28   1.3553456823383858     
          18          28   1.3588442759992072     
          28          29  0.96012158280550042     
           8          30   1.0298515700921675     
          30          31  0.98042753815617212     
          30          32  0.97255600377313300     
          30          33  0.97296294451473431     
           7          34   1.0291577374964842     
          34          35  0.97318777191597849     
          34          36  0.97326358174688576     
          34          37  0.98041759762903335     
          11          38   1.0334507879081305     
          38          39  0.97637135946616149     
          38          40  0.96724132284924380     
          38          41  0.97740291419049907     
          12          42   1.1046186474934749     
          42          43  0.95833512084306482     
          42          44   1.8867973390189154     
          44          45  0.97571097503512527     
          44          46  0.97932031288501753     
          15          47   1.0329611247441581     
          47          48  0.96766076580530425     
          47          49  0.97635971677552535     
          47          50  0.97727076560608594     
          16          51   1.1048725502086971     
          51          52  0.95864030888930818     
          51          53   1.8863243862757271     
          53          54  0.97575012392095595     
          53          55  0.97935635540334753     
          19          56   1.0293316992234143     
          56          57  0.97333070443185254     
          56          58  0.97269268207330295     
          56          59  0.98046521736486070     
          20          60   1.0288634487304869     
          60          61  0.97351879346572612     
          60          62  0.98050828724625894     
          60          63  0.97310667990257071     
           1          64  0.26272662507009287     
          64          65  0.88425056710519634     
          64          66  0.88376413274400467     
          67          68  0.97092480374778201     
          67          69  0.97099353933851029     
          67          70  0.98186263132528773     
          71          72  0.94124285122736850     
          67          73   1.0317523643617672     
          71          73   1.1886632436352349     
          71          74   1.2621318089758262     
          73          74  0.11217562676068490     
          74          75  0.95389476920445870     
           1          76  0.50975649051900440     
          74          76   1.4790872371945238     
          73          77   1.5599961889098521     
          76          77   1.2462061944589133     
          77          78  0.95868492069646694     
