    0.44102914
   -0.21086937
   -0.20441253
   -0.22755256
   -0.23426460
    0.05036014
   -0.03057235
   -0.02801103
    0.05516233
    0.05614429
   -0.01899539
   -0.03185272
    0.05638473
    0.04965274
   -0.02334456
   -0.03391245
    0.05174901
    0.04803530
   -0.03187421
   -0.03315219
    0.04625445
   -0.07565363
    0.03436945
   -0.06434506
    0.03899714
   -0.07074901
    0.03486224
   -0.07370127
    0.03379297
   -0.09945862
    0.03446399
    0.03914612
    0.03517422
   -0.09852812
    0.03323381
    0.03715182
    0.03448579
   -0.10112471
    0.03491391
    0.03985610
    0.04274299
   -0.02696332
    0.02380917
   -0.09685812
    0.03567722
    0.02302494
   -0.10042146
    0.03672860
    0.03549130
    0.04203973
   -0.02751798
    0.02349085
   -0.09699803
    0.03447824
    0.02249747
   -0.09838166
    0.03570228
    0.03530419
    0.03339567
   -0.09836588
    0.03323468
    0.03367141
    0.03590174
   -0.48048693
    0.32113615
    0.32159128
   -0.11785451
    0.05677766
    0.05651797
    0.06386477
   -0.08418899
    0.17417332
    0.03855199
    0.07270232
    0.06979486
   -0.13157108
   -0.00300850
    0.06747034
