           1           2  0.59108543865659735     
           1           3  0.58950138635936722     
           1           4  0.58492017847117872     
           1           5  0.58656212989173162     
           2           6   1.2551523658744626     
           6           7   1.1287114002839356     
           7           8   1.6074756179499463     
           2           9   1.2460668936386392     
           8           9   1.1283293168258519     
           3          10   1.2443852670749205     
          10          11   1.1551916991531226     
          11          12   1.5317323582427871     
           3          13   1.2574399037102606     
          12          13   1.1137375166746022     
           4          14   1.2401886493750571     
          14          15   1.1603023212849835     
          15          16   1.5235200968920495     
           4          17   1.2591153788315106     
          16          17   1.1188105803395616     
           5          18   1.2479671350378814     
          18          19   1.1331228047200774     
          19          20   1.6015529728682678     
           5          21   1.2508190780568369     
          20          21   1.1331194727195741     
           6          22   1.3552298915853518     
          21          22   1.3554295844810522     
          22          23  0.96243356529298274     
           9          24   1.3632931756223075     
          10          24   1.3381700577159101     
          24          25  0.96100218329964582     
          13          26   1.3638959510856419     
          14          26   1.3426054276592660     
          26          27  0.95873866441402189     
          17          28   1.3489072768689967     
          18          28   1.3540218140439158     
          28          29  0.96062725387672088     
           8          30   1.0285066316819278     
          30          31  0.98060393639043020     
          30          32  0.97369532963090621     
          30          33  0.97353560693168917     
           7          34   1.0288588537014234     
          34          35  0.97327417004525851     
          34          36  0.97354660667060777     
          34          37  0.98062104260282301     
          11          38   1.0321449145773542     
          38          39  0.96842895606638368     
          38          40  0.97660094287479349     
          38          41  0.97765948139650760     
          12          42   1.1064847474860653     
          42          43  0.95842227915557154     
          42          44   1.8840083997408175     
          44          45  0.97591115744785339     
          44          46  0.97946948346207696     
          15          47   1.0325495531731403     
          47          48  0.96805653472794084     
          47          49  0.97658326452736721     
          47          50  0.97754876193532758     
          16          51   1.1082062898524982     
          51          52  0.95885026636453097     
          51          53   1.8815561477533356     
          53          54  0.97590227453154021     
          53          55  0.97952571004993383     
          19          56   1.0281822765109112     
          56          57  0.97397463653853078     
          56          58  0.97361249793307747     
          56          59  0.98060857874634255     
          20          60   1.0287793181440787     
          60          61  0.98064641611360104     
          60          62  0.97335618967207838     
          60          63  0.97353887196484246     
          64          65  0.97133697918787631     
          64          66  0.97170390050777378     
          64          67  0.98222716769149598     
          68          69  0.94195683955855392     
          64          70   1.0312482268522514     
          68          70   1.1868985318696261     
          68          71   1.2625362819173769     
          70          71  0.11257099830230245     
          71          72  0.95478516447977002     
           1          73  0.48969262309353800     
          71          73   1.4876296710378678     
          70          74   1.5616155798734770     
          73          74   1.2509449491785702     
          74          75  0.95987344332096691     
          76          77  0.97143822290335857     
          76          78  0.97159136830869131     
          76          79  0.98222190048751801     
          80          81  0.94198881527345046     
          76          82   1.0312564497430625     
          80          82   1.1868815054885653     
          80          83   1.2621664623749367     
          82          83  0.11263799741264996     
          83          84  0.95477125786365669     
           1          85  0.48975194910307912     
          83          85   1.4875369974360209     
          82          86   1.5616187988816534     
          85          86   1.2509951212266117     
          86          87  0.95993519727809851     
