    0.43035107
   -0.23009270
   -0.22456532
   -0.21175059
   -0.21757428
    0.05081579
   -0.03268307
   -0.03408631
    0.04881336
    0.05063715
   -0.03288661
   -0.03078560
    0.05217832
    0.05873539
   -0.03041564
   -0.01979429
    0.05597727
    0.05636715
   -0.03312694
   -0.02337075
    0.05232863
   -0.07142312
    0.03267323
   -0.07756869
    0.02995291
   -0.06841921
    0.03506580
   -0.06785926
    0.03529475
   -0.09755040
    0.03418272
    0.03458394
    0.03275862
   -0.09681118
    0.03408315
    0.03263694
    0.03259467
   -0.09942060
    0.03605880
    0.03383296
    0.04191638
   -0.02688085
    0.02363885
   -0.09674647
    0.03401873
    0.02285335
   -0.10025004
    0.03997028
    0.03403957
    0.04227830
   -0.02624154
    0.02395222
   -0.09649904
    0.03581015
    0.02289602
   -0.09832861
    0.03699454
    0.03490775
    0.03326822
   -0.09717935
    0.03483149
    0.03324743
    0.03236469
   -0.11725703
    0.05601728
    0.05619305
    0.06354835
   -0.08526064
    0.17365063
    0.03825090
    0.07436921
    0.06866959
   -0.12982391
   -0.00182746
    0.06660491
   -0.10816501
    0.04522941
    0.04889632
    0.05807676
   -0.02088230
    0.05022079
    0.05672555
   -0.05945190
   -0.07252394
    0.05890388
    0.06354624
    0.07168918
