           1           2  0.57462697245653716     
           1           3  0.57509165601538337     
           1           4  0.57916067304261476     
           1           5  0.57507062112798979     
           2           6   1.2423362418575705     
           6           7   1.1330869247267694     
           7           8   1.6023003503867315     
           2           9   1.2495925173031825     
           8           9   1.1335195205183375     
           3          10   1.2476013788526215     
          10          11   1.1338084516757312     
          11          12   1.6011801282215814     
           3          13   1.2475701764475500     
          12          13   1.1322607825222490     
           4          14   1.2618849958818352     
          14          15   1.1123749788616688     
          15          16   1.5382823161677794     
           4          17   1.2411910906545209     
          16          17   1.1497543970551560     
           5          18   1.2572643844406954     
          18          19   1.1164441284275539     
          19          20   1.5309701930193786     
           5          21   1.2412671853894479     
          20          21   1.1558911477975149     
           6          22   1.3645306124741114     
          21          22   1.3434312603530834     
          22          23  0.96094964055230370     
           9          24   1.3521684427711427     
          10          24   1.3530676921433755     
          24          25  0.96261847352983154     
          13          26   1.3552213915785487     
          14          26   1.3576415509059039     
          26          27  0.96005494400014402     
          17          28   1.3495185088411139     
          18          28   1.3584359280259133     
          28          29  0.95848647831347877     
           7          30   1.0290225789059864     
          30          31  0.97294381775269634     
          30          32  0.97341696806503153     
          30          33  0.98054040419070265     
           8          34   1.0286458990446250     
          34          35  0.97420534501320444     
          34          36  0.97273367278672251     
          34          37  0.98051329753101668     
          20          38   1.0326684950412826     
          38          39  0.96787411106838406     
          38          40  0.97680058767044842     
          38          41  0.97735930355779121     
          19          42   1.1053106764979366     
          42          43  0.95850446843790227     
          42          44   1.8859860868634766     
          44          45  0.97578360497786509     
          44          46  0.97935124112136274     
          16          47   1.0334684594907906     
          47          48  0.96738342726860804     
          47          49  0.97572856828479959     
          47          50  0.97764088839766861     
          15          51   1.1035390219409640     
          51          52  0.95829839941001094     
          51          53   1.8880149158913846     
          53          54  0.97567942709238586     
          53          55  0.97929136346770407     
          12          56   1.0295555801872609     
          56          57  0.97215377531709868     
          56          58  0.97358315980465993     
          56          59  0.98049935679719713     
          11          60   1.0287433898853198     
          60          61  0.97338194655677479     
          60          62  0.98054108169663645     
          60          63  0.97354755870000331     
          64          65  0.97108261548223307     
          64          66  0.97103518684941481     
          64          67  0.98190636651187102     
          68          69  0.94137624376267182     
          64          70   1.0316777433804174     
          68          70   1.1881285830769406     
          68          71   1.2620375954246776     
          70          71  0.11237280075667691     
          71          72  0.95438875619801156     
           1          73  0.49535610741735725     
          71          73   1.4814143856543731     
          70          74   1.5603025282611367     
          73          74   1.2469126306715135     
          74          75  0.95950469057179588     
          76          77  0.98029980170126496     
          76          78  0.98634935732622575     
          76          79  0.97854089889296914     
          76          80   1.0261584159197363     
          80          81  0.97321531927100158     
          80          82  0.96851848520975636     
           1          83  0.39792184428081179     
          80          83  0.96193038252730556     
          83          84  0.99597117157841308     
          84          85  0.98086175301938539     
          84          86  0.97756238578953014     
          84          87  0.97516972736989749     
