           1           2  0.58514451629307229     
           1           3  0.58201245449405681     
           1           4  0.59880976091362914     
           1           5  0.59686228206312986     
           2           6   1.2470972446633670     
           6           7   1.1373930468216007     
           7           8   1.5979325042030144     
           2           9   1.2363935721864301     
           8           9   1.1363217253233531     
           3          10   1.2370322252613168     
          10          11   1.1631516649476132     
          11          12   1.5297383111423497     
           3          13   1.2489501140003085     
          12          13   1.1237290181660335     
           4          14   1.2380438211686542     
          14          15   1.1499830063252254     
          15          16   1.5366403723689235     
           4          17   1.2621414900760524     
          16          17   1.1127033592209730     
           5          18   1.2505868919141898     
          18          19   1.1262784333649329     
          19          20   1.6098587448442760     
           5          21   1.2499714318513901     
          20          21   1.1263331576941233     
           6          22   1.3537301411243503     
          21          22   1.3619123690832442     
          22          23  0.96206210003696324     
           9          24   1.3665145044353193     
          10          24   1.3395227263396574     
          24          25  0.96232497842818399     
          13          26   1.3589369702992107     
          14          26   1.3530571792141008     
          26          27  0.95680747424385859     
          17          28   1.3541860370951007     
          18          28   1.3603881971152934     
          28          29  0.96013283539224858     
           8          30   1.0287083193070121     
          30          31  0.97387512229403295     
          30          32  0.98047490676289883     
          30          33  0.97297711782562557     
           7          34   1.0293366341202042     
          34          35  0.97295378944025424     
          34          36  0.97302885186824883     
          34          37  0.98052192814831129     
          11          38   1.0303917676884837     
          38          39  0.97368485076133404     
          38          40  0.97109982519112525     
          38          41  0.98226389178714091     
          12          42   1.0966400584717164     
          42          43  0.95792991265686733     
          42          44   1.8953984915230271     
          44          45  0.97501979143964401     
          44          46  0.97907865833751428     
          15          47   1.0334575998956967     
          47          48  0.97639585306099330     
          47          49  0.96739391610727632     
          47          50  0.97706356574746200     
          16          51   1.1050574668327242     
          51          52  0.95853327683823897     
          51          53   1.8864486521272927     
          53          54  0.97572926136778126     
          53          55  0.97933198626204221     
          19          56   1.0298577269729949     
          56          57  0.97217763983400807     
          56          58  0.97334144562478908     
          56          59  0.98043580642531813     
          20          60   1.0295219518527281     
          60          61  0.98043065820210695     
          60          62  0.97356290512623067     
          60          63  0.97251292421534119     
           1          64  0.26147980518057756     
          64          65  0.88359848855273104     
          64          66  0.88423828045924813     
          67          68  0.97107947690202212     
          67          69  0.97086437357991873     
          67          70  0.98184929813495492     
          71          72  0.94124874440867001     
          67          73   1.0316955969707162     
          71          73   1.1887901606728126     
          71          74   1.2617620264946319     
          73          74  0.11204676037695395     
          74          75  0.95513090715699578     
           1          76  0.51000762388557819     
          74          76   1.4795337878934360     
          73          77   1.5602330238531499     
          76          77   1.2456370712571720     
          77          78  0.95782869886575939     
