           1           2  0.58053720315443080     
           1           3  0.57677661821032877     
           1           4  0.57400700758062539     
           1           5  0.57627087234477115     
           2           6   1.2467750702675207     
           6           7   1.1263675050372275     
           7           8   1.6098324649176894     
           2           9   1.2523660285135902     
           8           9   1.1273604775979260     
           3          10   1.2472849153114258     
          10          11   1.1327619784668379     
          11          12   1.6011436738308142     
           3          13   1.2477598888795403     
          12          13   1.1327966515972823     
           4          14   1.2585863490239058     
          14          15   1.1181979712402719     
          15          16   1.5307824708337461     
           4          17   1.2373624881527621     
          16          17   1.1570102740766948     
           5          18   1.2531132628362665     
          18          19   1.1158330857724921     
          19          20   1.5316723505739043     
           5          21   1.2456072483894431     
          20          21   1.1557843224687918     
           6          22   1.3693327845823435     
          21          22   1.3412973842328872     
          22          23  0.96072150960270153     
           9          24   1.3568699030538403     
          10          24   1.3527446647295147     
          24          25  0.96227400325331458     
          13          26   1.3570247111844616     
          14          26   1.3523357661975073     
          26          27  0.96012781978049500     
          17          28   1.3435012601908116     
          18          28   1.3613693466709571     
          28          29  0.95882708574160724     
           7          30   1.0297156154883178     
          30          31  0.97294091973568764     
          30          32  0.97279271766555209     
          30          33  0.98045495457140286     
           8          34   1.0292492567823466     
          34          35  0.97313103875250473     
          34          36  0.97319709847392133     
          34          37  0.98046642610235368     
          20          38   1.0329636300788778     
          38          39  0.96765880975255325     
          38          40  0.97641666241449654     
          38          41  0.97758161631706419     
          19          42   1.1046001793260090     
          42          43  0.95860543076688198     
          42          44   1.8864035379482955     
          44          45  0.97582838449270692     
          44          46  0.97935195926739405     
          16          47   1.0326341930212599     
          47          48  0.96813580945340361     
          47          49  0.97581955201120218     
          47          50  0.97777544955572959     
          15          51   1.1035269918231869     
          51          52  0.95815987094804389     
          51          53   1.8876013789265593     
          53          54  0.97584350519343510     
          53          55  0.97934523258914519     
          12          56   1.0294328169516587     
          56          57  0.97265512623989814     
          56          58  0.97334094852264041     
          56          59  0.98049664072167408     
          11          60   1.0289085351643144     
          60          61  0.98050430290860024     
          60          62  0.97376784785028137     
          60          63  0.97281679462092052     
          64          65  0.97110364325485665     
          64          66  0.97106824599343788     
          64          67  0.98195008382794036     
          68          69  0.94136113306388736     
          64          70   1.0316779877553133     
          68          70   1.1880979479523548     
          68          71   1.2632676071899400     
          70          71  0.11254695902217871     
          71          72  0.95365633812124040     
           1          73  0.49391929398677475     
          71          73   1.4810831193370340     
          70          74   1.5596916730220118     
          73          74   1.2481092202359307     
          74          75  0.95905057145362771     
          76          77  0.98023114122596278     
          76          78  0.97928252296589080     
          76          79  0.98642734628373774     
          76          80   1.0263343119301538     
          80          81  0.96810064915130922     
          80          82  0.97312664398276838     
           1          83  0.39557846334544605     
          80          83  0.96217286032928684     
          83          84  0.99616512785577549     
          84          85  0.97710921202541423     
          84          86  0.98073279092234245     
          84          87  0.97541515020533631     
