    0.43999466
   -0.23268377
   -0.20325005
   -0.20592305
   -0.23506840
    0.04478993
   -0.03381299
   -0.03104983
    0.04981788
    0.05396152
   -0.02323065
   -0.03034759
    0.06092949
    0.05537943
   -0.02308604
   -0.03085853
    0.05758647
    0.04823772
   -0.03102590
   -0.03424624
    0.04515016
   -0.08038183
    0.03171535
   -0.06923708
    0.03642720
   -0.06605177
    0.04279522
   -0.07088226
    0.04142952
   -0.09891239
    0.03524067
    0.03342839
    0.03653882
   -0.09792837
    0.03305962
    0.03474509
    0.03344138
   -0.09965393
    0.03579328
    0.03840898
    0.03750240
   -0.02625994
    0.02497130
   -0.09596708
    0.03646805
    0.02428362
   -0.10011493
    0.03633692
    0.04021872
    0.03747991
   -0.02557732
    0.02543374
   -0.09627904
    0.03295463
    0.02379234
   -0.09901578
    0.03607375
    0.03660132
    0.03344064
   -0.09787138
    0.03348717
    0.03467825
    0.03269959
   -0.48094254
    0.32126273
    0.32154844
   -0.11793121
    0.05677063
    0.05637459
    0.06378100
   -0.08463442
    0.17403681
    0.03853232
    0.07289274
    0.06953597
   -0.13174551
   -0.00342371
    0.06736521
