           1           2  0.58057552354959518     
           1           3  0.57669281009755458     
           1           4  0.57420339799568965     
           1           5  0.57622836733671945     
           2           6   1.2468112827717293     
           6           7   1.1263644955184264     
           7           8   1.6098224170530893     
           2           9   1.2522871776485478     
           8           9   1.1273792369809981     
           3          10   1.2470909983648673     
          10          11   1.1327495289598144     
          11          12   1.6011996488709990     
           3          13   1.2479164017965836     
          12          13   1.1328684953885619     
           4          14   1.2589099431396735     
          14          15   1.1180729974110768     
          15          16   1.5307085721843621     
           4          17   1.2371719191951138     
          16          17   1.1570232829462643     
           5          18   1.2530493833485972     
          18          19   1.1157949015030879     
          19          20   1.5316573243438569     
           5          21   1.2456640687447522     
          20          21   1.1557534245801377     
           6          22   1.3693119284054127     
          21          22   1.3413140253269404     
          22          23  0.96069542427766486     
           9          24   1.3568733997182996     
          10          24   1.3524738523435351     
          24          25  0.96228364284850632     
          13          26   1.3567058526706937     
          14          26   1.3526795001336664     
          26          27  0.96010567244948364     
          17          28   1.3435817070373797     
          18          28   1.3613001141011927     
          28          29  0.95881228225881121     
           7          30   1.0297275074502517     
          30          31  0.97288833490827042     
          30          32  0.97282968708077566     
          30          33  0.98045435036733375     
           8          34   1.0292371257304651     
          34          35  0.97313878465165971     
          34          36  0.97320454083384156     
          34          37  0.98046743526312419     
          20          38   1.0329957440481954     
          38          39  0.96762271437004621     
          38          40  0.97642991968772441     
          38          41  0.97754680552123485     
          19          42   1.1046536113057934     
          42          43  0.95861441642321177     
          42          44   1.8863542364350554     
          44          45  0.97582251299646050     
          44          46  0.97935207210434572     
          16          47   1.0326473673454248     
          47          48  0.96810392514206445     
          47          49  0.97585377179722066     
          47          50  0.97773579707952929     
          15          51   1.1037143509153073     
          51          52  0.95814216474827063     
          51          53   1.8874114250965863     
          53          54  0.97584170449989671     
          53          55  0.97935015063760789     
          12          56   1.0294292053980567     
          56          57  0.97269571968383239     
          56          58  0.97330676511875214     
          56          59  0.98049721555446578     
          11          60   1.0289015569640545     
          60          61  0.97281562693399348     
          60          62  0.98050313687189650     
          60          63  0.97378255612028086     
          64          65  0.97110398778755846     
          64          66  0.97107413124765918     
          64          67  0.98195004438489553     
          68          69  0.94136884251730835     
          64          70   1.0316757903303513     
          68          70   1.1880778943793415     
          68          71   1.2632411676620012     
          70          71  0.11254245443383859     
          71          72  0.95360494806096940     
           1          73  0.49384098442441793     
          71          73   1.4811440094994768     
          70          74   1.5597361141914388     
          73          74   1.2480755816083684     
          74          75  0.95895772340427776     
          76          77  0.98024402675401401     
          76          78  0.97893341892939678     
          76          79  0.98642746965705186     
          76          80   1.0263051677897337     
          80          81  0.96832871251135810     
          80          82  0.97313654616090406     
           1          83  0.39598100174640793     
          80          83  0.96214170770246477     
          83          84  0.99610380681704447     
          84          85  0.97716958786001396     
          84          86  0.98077110582717042     
          84          87  0.97526850266366405     
