    0.42848360
   -0.21811297
   -0.22391477
   -0.22350575
   -0.21732491
    0.05504486
   -0.02817567
   -0.02992567
    0.05263036
    0.04965754
   -0.03304004
   -0.03075367
    0.05328915
    0.05546398
   -0.03385069
   -0.02452360
    0.05199646
    0.05528500
   -0.03485158
   -0.02160534
    0.05363128
   -0.06740531
    0.03641447
   -0.07420411
    0.03365224
   -0.07141092
    0.03192685
   -0.07250413
    0.03107014
   -0.09869917
    0.03471025
    0.03840270
    0.03418920
   -0.09818535
    0.03773931
    0.03299174
    0.03419085
   -0.10000510
    0.03759849
    0.03451951
    0.04184365
   -0.02722419
    0.02275762
   -0.09717857
    0.03423612
    0.02250922
   -0.09887401
    0.03563284
    0.03325089
    0.04129681
   -0.02729629
    0.02351725
   -0.09691392
    0.03359565
    0.02211313
   -0.09768074
    0.03598721
    0.03464447
    0.03309062
   -0.09788740
    0.03601241
    0.03351546
    0.03273885
   -0.11706851
    0.05593075
    0.05598422
    0.06325149
   -0.08481184
    0.17360957
    0.03781091
    0.07409584
    0.06961762
   -0.13047657
   -0.00201142
    0.06627901
   -0.10806356
    0.04540851
    0.05768308
    0.04849178
   -0.02074374
    0.05739558
    0.05077576
   -0.06027646
   -0.07234242
    0.06402373
    0.05926163
    0.07159873
