           1           2  0.58546049332796879     
           1           3  0.59608866151167905     
           1           4  0.59699822738744124     
           1           5  0.58529929536613601     
           2           6   1.2460096918172368     
           6           7   1.1369126189000536     
           7           8   1.5980248688706500     
           2           9   1.2385559789835814     
           8           9   1.1367531305983938     
           3          10   1.2418327216180090     
          10          11   1.1524536354790571     
          11          12   1.5351150764017172     
           3          13   1.2572886622084871     
          12          13   1.1135494911497681     
           4          14   1.2417023979508544     
          14          15   1.1504676964311864     
          15          16   1.5365375841757640     
           4          17   1.2594557215748294     
          16          17   1.1127186376180456     
           5          18   1.2438429993894986     
          18          19   1.1357761642500241     
          19          20   1.5990822389874277     
           5          21   1.2437290454140397     
          20          21   1.1357552835343701     
           6          22   1.3550401799638980     
          21          22   1.3591386094790101     
          22          23  0.96213706713435920     
           9          24   1.3639957317825790     
          10          24   1.3448325765025360     
          24          25  0.96078513264350329     
          13          26   1.3632030003614994     
          14          26   1.3501275102939245     
          26          27  0.95844342673208782     
          17          28   1.3560783854199798     
          18          28   1.3569976395078056     
          28          29  0.96024580180516073     
           8          30   1.0289554569335102     
          30          31  0.97312821350749990     
          30          32  0.98046404627131922     
          30          33  0.97335284406028433     
           7          34   1.0291498872819678     
          34          35  0.97312739954252891     
          34          36  0.97314674173416560     
          34          37  0.98047444187007282     
          11          38   1.0327201111939848     
          38          39  0.97637554255506254     
          38          40  0.96822639389726928     
          38          41  0.97724415022513611     
          12          42   1.1047896599081071     
          42          43  0.95813423388411489     
          42          44   1.8867717138810101     
          44          45  0.97581605721083908     
          44          46  0.97931513391402170     
          15          47   1.0335900113518850     
          47          48  0.97566045552070069     
          47          49  0.96759340964530582     
          47          50  0.97746463234766967     
          16          51   1.1041017298630862     
          51          52  0.95845463223787020     
          51          53   1.8871526423536120     
          53          54  0.97579436438830602     
          53          55  0.97931828028267898     
          19          56   1.0293913480010768     
          56          57  0.97294147232941186     
          56          58  0.97296813407876459     
          56          59  0.98047005592874181     
          20          60   1.0291324208845098     
          60          61  0.98047621828441089     
          60          62  0.97312237922745226     
          60          63  0.97322908150205523     
           1          64  0.26249405693038746     
          64          65  0.88398242787210846     
          64          66  0.88376098146548332     
          67          68  0.97090949307616092     
          67          69  0.97102687327197001     
          67          70  0.98185673001941998     
          71          72  0.94119413272977281     
          67          73   1.0317377070123441     
          71          73   1.1887428659250052     
          71          74   1.2622652078830998     
          73          74  0.11222878618770277     
          74          75  0.95383298564694130     
           1          76  0.50945498930530619     
          74          76   1.4791147204258257     
          73          77   1.5599710488433178     
          76          77   1.2463154760163175     
          77          78  0.95867311286559731     
