    0.44059159
   -0.23355642
   -0.20942349
   -0.20492539
   -0.22889274
    0.04768115
   -0.03203489
   -0.03304971
    0.04644551
    0.05093043
   -0.02211009
   -0.03047775
    0.05847027
    0.05632054
   -0.01879750
   -0.03183675
    0.05619343
    0.04920162
   -0.03144601
   -0.03163685
    0.04857152
   -0.07456932
    0.03415410
   -0.07478322
    0.03436218
   -0.06353988
    0.03845852
   -0.07166605
    0.03489616
   -0.09843179
    0.03572116
    0.03365826
    0.03376041
   -0.09850237
    0.03509637
    0.03518139
    0.03345348
   -0.10020023
    0.03570864
    0.03484994
    0.04354271
   -0.02646391
    0.02673583
   -0.09730013
    0.03331849
    0.02337583
   -0.10101193
    0.03717094
    0.03768508
    0.04358865
   -0.02681095
    0.02517108
   -0.09743504
    0.03431936
    0.02288055
   -0.09872955
    0.03586999
    0.03587703
    0.03368136
   -0.09849243
    0.03380040
    0.03535021
    0.03461984
   -0.48057134
    0.32130683
    0.32136864
   -0.11792251
    0.05683673
    0.05642564
    0.06391772
   -0.08410383
    0.17430875
    0.03851067
    0.07277195
    0.06983905
   -0.13165544
   -0.00309728
    0.06749482
