           1           2  0.58570884908868603     
           1           3  0.59745206126746619     
           1           4  0.59575618693553034     
           1           5  0.58395533737901706     
           2           6   1.2446324909537221     
           6           7   1.1369133629949424     
           7           8   1.5981740054421505     
           2           9   1.2400128299227857     
           8           9   1.1364935991552483     
           3          10   1.2438758582849214     
          10          11   1.1499047638806050     
          11          12   1.5380063274021420     
           3          13   1.2571494010783639     
          12          13   1.1116537047767776     
           4          14   1.2416731279998943     
          14          15   1.1507389915980935     
          15          16   1.5363857049653156     
           4          17   1.2597200893789420     
          16          17   1.1128962361523584     
           5          18   1.2434833532381220     
          18          19   1.1379129264944761     
          19          20   1.5963396099626876     
           5          21   1.2416808388450127     
          20          21   1.1381142139746148     
           6          22   1.3540566488406280     
          21          22   1.3562432223072978     
          22          23  0.96233520868230804     
           9          24   1.3650468856636873     
          10          24   1.3472995590953643     
          24          25  0.96063404448324063     
          13          26   1.3631606070101174     
          14          26   1.3480054624717546     
          26          27  0.95865978051175194     
          17          28   1.3581134573971776     
          18          28   1.3575020825767767     
          28          29  0.96005484115688178     
           8          30   1.0293945813741145     
          30          31  0.97320095560516340     
          30          32  0.98048274052357232     
          30          33  0.97272430045037328     
           7          34   1.0287306497334618     
          34          35  0.97325838387239061     
          34          36  0.97355244579659250     
          34          37  0.98047335647669476     
          11          38   1.0331682418099746     
          38          39  0.96783554772540614     
          38          40  0.97611435612192943     
          38          41  0.97740084381695180     
          12          42   1.1041085758904869     
          42          43  0.95823922146616614     
          42          44   1.8873403737171235     
          44          45  0.97580589480383662     
          44          46  0.97930388381113542     
          15          47   1.0334477076722735     
          47          48  0.96767082753420097     
          47          49  0.97582856865073564     
          47          50  0.97739151671036872     
          16          51   1.1042127144508218     
          51          52  0.95835741537909225     
          51          53   1.8872117533512844     
          53          54  0.97578866875684378     
          53          55  0.97932190296024801     
          19          56   1.0295250600789443     
          56          57  0.97309450369646910     
          56          58  0.97262862672329731     
          56          59  0.98048248620052469     
          20          60   1.0286838605851250     
          60          61  0.98048147346327297     
          60          62  0.97358305712433979     
          60          63  0.97329871005225066     
           1          64  0.26227301723931445     
          64          65  0.88371003830090022     
          64          66  0.88392581695367745     
          67          68  0.97072852150257682     
          67          69  0.97116224046300048     
          67          70  0.98181346906322209     
          71          72  0.94125329354135723     
          67          73   1.0317407502651077     
          71          73   1.1887270842214412     
          71          74   1.2619923195165652     
          73          74  0.11201554993006223     
          74          75  0.95482607701555677     
           1          76  0.50950039388700663     
          74          76   1.4797969772157167     
          73          77   1.5602959902583413     
          76          77   1.2457835724211666     
          77          78  0.95762124353312106     
