    0.44079860
   -0.23319300
   -0.20389173
   -0.20558741
   -0.23478945
    0.04500688
   -0.03373630
   -0.03112422
    0.04937022
    0.05396548
   -0.01987787
   -0.03081584
    0.05891518
    0.05616266
   -0.01977264
   -0.03100564
    0.05625669
    0.04881631
   -0.03104004
   -0.03403483
    0.04513695
   -0.08002549
    0.03202012
   -0.06926394
    0.03656106
   -0.06524265
    0.03745548
   -0.06987108
    0.03593219
   -0.09893406
    0.03579583
    0.03359025
    0.03605890
   -0.09800631
    0.03319751
    0.03483970
    0.03358052
   -0.10073450
    0.03695804
    0.03573119
    0.04352017
   -0.02668994
    0.02643101
   -0.09732608
    0.03401107
    0.02325847
   -0.10091945
    0.03722912
    0.03727549
    0.04347374
   -0.02653896
    0.02509167
   -0.09724649
    0.03441695
    0.02290983
   -0.09881783
    0.03613295
    0.03622919
    0.03349724
   -0.09794621
    0.03362878
    0.03476201
    0.03300193
   -0.48085967
    0.32137841
    0.32137358
   -0.11804690
    0.05695481
    0.05650652
    0.06415032
   -0.08439747
    0.17418352
    0.03878648
    0.07290261
    0.06954041
   -0.13167250
   -0.00320131
    0.06781378
