    0.44066551
   -0.23342404
   -0.23304924
   -0.20522510
   -0.20561119
    0.04926250
   -0.03096025
   -0.03400072
    0.04504233
    0.04555981
   -0.02561136
   -0.03361838
    0.05231175
    0.05366576
   -0.02000933
   -0.03082538
    0.05896636
    0.05587038
   -0.02811269
   -0.02859947
    0.05352560
   -0.07001138
    0.03661694
   -0.07955185
    0.03183095
   -0.06927817
    0.03591684
   -0.06573917
    0.03760442
   -0.09795543
    0.03448316
    0.03362011
    0.03344149
   -0.09896920
    0.03631380
    0.03559558
    0.03351715
   -0.09965197
    0.03366630
    0.03464093
    0.04201043
   -0.02745348
    0.02476972
   -0.09697675
    0.03343727
    0.02301247
   -0.10050521
    0.03560018
    0.03740311
    0.04346776
   -0.02678941
    0.02677168
   -0.09732260
    0.03411663
    0.02316976
   -0.09930442
    0.03874118
    0.03578728
    0.03459327
   -0.09902952
    0.03477016
    0.03533030
    0.03701331
   -0.48076746
    0.32136691
    0.32122746
   -0.11803800
    0.05697392
    0.05647600
    0.06402373
   -0.08432730
    0.17430485
    0.03873442
    0.07303202
    0.06960504
   -0.13165481
   -0.00324754
    0.06776431
