           1           2  0.59856773745276759     
           1           3  0.59499500084562140     
           1           4  0.58536344476441649     
           1           5  0.58632477851330678     
           2           6   1.2528425595801991     
           6           7   1.1272924069455741     
           7           8   1.6090622518381241     
           2           9   1.2448437138654735     
           8           9   1.1270481565996862     
           3          10   1.2439750780107053     
          10          11   1.1533576006505337     
          11          12   1.5350212115394055     
           3          13   1.2544455747019236     
          12          13   1.1136588810894783     
           4          14   1.2345182561912318     
          14          15   1.1610512516662468     
          15          16   1.5254959015907934     
           4          17   1.2533198552041398     
          16          17   1.1215085927618660     
           5          18   1.2429306349825118     
          18          19   1.1350431021234757     
          19          20   1.5994945558170872     
           5          21   1.2447222867850143     
          20          21   1.1357545139120913     
           6          22   1.3575008190752178     
          21          22   1.3583379151162180     
          22          23  0.96202045498529098     
           9          24   1.3680646741262821     
          10          24   1.3424216695599211     
          24          25  0.96058054493908918     
          13          26   1.3653655695989910     
          14          26   1.3466563857577933     
          26          27  0.95842738924436244     
          17          28   1.3533054476711419     
          18          28   1.3580719731679787     
          28          29  0.96026571741401967     
           8          30   1.0294323564829606     
          30          31  0.97314589118823103     
          30          32  0.98041513015315984     
          30          33  0.97291009187663546     
           7          34   1.0295832267312872     
          34          35  0.97310553633949870     
          34          36  0.97280485903553349     
          34          37  0.98043313888670036     
          11          38   1.0329805306662070     
          38          39  0.97661545763921886     
          38          40  0.96742958669590562     
          38          41  0.97750628311546395     
          12          42   1.1042958547012540     
          42          43  0.95837149293813040     
          42          44   1.8871379066541174     
          44          45  0.97568771731615922     
          44          46  0.97930268621029992     
          15          47   1.0331177164655858     
          47          48  0.96754469398604426     
          47          49  0.97621266508977556     
          47          50  0.97733094794190478     
          16          51   1.1048796401495378     
          51          52  0.95870717711860043     
          51          53   1.8861408187122908     
          53          54  0.97576739890772257     
          53          55  0.97935651831424408     
          19          56   1.0291842760059731     
          56          57  0.97314428652459717     
          56          58  0.97307005422684334     
          56          59  0.98045208136976636     
          20          60   1.0293666389033356     
          60          61  0.97324399591084543     
          60          62  0.98049316787533514     
          60          63  0.97279082025056118     
           1          64  0.26244740558519059     
          64          65  0.88438597633902594     
          64          66  0.88376849876067687     
          67          68  0.97113110256309865     
          67          69  0.97081748406367896     
          67          70  0.98186184556303746     
          71          72  0.94116523142095865     
          67          73   1.0317697424699521     
          71          73   1.1886703378972747     
          71          74   1.2625655305017278     
          73          74  0.11249221125132086     
          74          75  0.95290718804609620     
           1          76  0.50880953779688054     
          74          76   1.4787303668873499     
          73          77   1.5596238699295668     
          76          77   1.2470327373216741     
          77          78  0.95957146160537921     
