    0.44088026
   -0.21071845
   -0.20441314
   -0.22759694
   -0.23426883
    0.05040851
   -0.03057723
   -0.02800429
    0.05516278
    0.05622114
   -0.01893945
   -0.03182694
    0.05639794
    0.04969776
   -0.02339089
   -0.03397868
    0.05191748
    0.04791677
   -0.03191544
   -0.03314126
    0.04629406
   -0.07558150
    0.03439657
   -0.06428303
    0.03903763
   -0.07087740
    0.03498226
   -0.07390658
    0.03367920
   -0.09945944
    0.03445748
    0.03915718
    0.03519113
   -0.09852830
    0.03320181
    0.03719151
    0.03448016
   -0.10113900
    0.03492476
    0.03991126
    0.04275797
   -0.02674856
    0.02324837
   -0.09682726
    0.03573362
    0.02306310
   -0.10019529
    0.03419927
    0.03748643
    0.04201616
   -0.02746155
    0.02393821
   -0.09717304
    0.03444635
    0.02266269
   -0.09838728
    0.03516367
    0.03582154
    0.03342324
   -0.09837785
    0.03329662
    0.03367771
    0.03589035
   -0.48038484
    0.32126323
    0.32146609
   -0.11786203
    0.05680791
    0.05642160
    0.06386262
   -0.08420619
    0.17414447
    0.03851386
    0.07261094
    0.06990458
   -0.13146886
   -0.00301795
    0.06732924
