           1           2  0.59793487525509947     
           1           3  0.59708391522776394     
           1           4  0.58380681452323724     
           1           5  0.58423728366104133     
           2           6   1.2511379090319754     
           6           7   1.1277633026495999     
           7           8   1.6087942795559873     
           2           9   1.2464018583753425     
           8           9   1.1270297350228897     
           3          10   1.2460188477271856     
          10          11   1.1505276894874426     
          11          12   1.5373035953827798     
           3          13   1.2545489646874968     
          12          13   1.1112751139079058     
           4          14   1.2347852585581569     
          14          15   1.1606931318124962     
          15          16   1.5268535998822708     
           4          17   1.2540837756469325     
          16          17   1.1214877084123727     
           5          18   1.2426644486903415     
          18          19   1.1371926881010899     
          19          20   1.5967168644354863     
           5          21   1.2427662624322970     
          20          21   1.1382681418713718     
           6          22   1.3569241501092655     
          21          22   1.3553698630238922     
          22          23  0.96221158056279643     
           9          24   1.3682184401240611     
          10          24   1.3452343326802652     
          24          25  0.96043329271391009     
          13          26   1.3655311523010472     
          14          26   1.3443808157546691     
          26          27  0.95851784679954000     
          17          28   1.3553464070024339     
          18          28   1.3588685236556104     
          28          29  0.96003941963842276     
           8          30   1.0298548367182376     
          30          31  0.98042584437805125     
          30          32  0.97243695054794610     
          30          33  0.97307612715430558     
           7          34   1.0291570565069212     
          34          35  0.97333972889928155     
          34          36  0.97310905722311269     
          34          37  0.98042056358932672     
          11          38   1.0334900945233165     
          38          39  0.97633163485541608     
          38          40  0.96721371440142145     
          38          41  0.97737341948711076     
          12          42   1.1048005971802652     
          42          43  0.95833636188356885     
          42          44   1.8866159924840313     
          44          45  0.97570844235050891     
          44          46  0.97932429789597319     
          15          47   1.0328785817106183     
          47          48  0.97615548681146347     
          47          49  0.96774850135414536     
          47          50  0.97762561230220268     
          16          51   1.1035418686999015     
          51          52  0.95836718932935550     
          51          53   1.8877670271764242     
          53          54  0.97576129755623819     
          53          55  0.97931943598387927     
          19          56   1.0293322548560349     
          56          57  0.97305779493749922     
          56          58  0.97295068648874483     
          56          59  0.98046321733815589     
          20          60   1.0288739645335958     
          60          61  0.97346428208691271     
          60          62  0.98049531873235307     
          60          63  0.97314496460924071     
           1          64  0.26293351786213337     
          64          65  0.88420465558962147     
          64          66  0.88384268366138619     
          67          68  0.97077161711170967     
          67          69  0.97114869774184376     
          67          70  0.98185764913224050     
          71          72  0.94125277948918229     
          67          73   1.0317552162082597     
          71          73   1.1886389853494086     
          71          74   1.2620446636288045     
          73          74  0.11215705394186967     
          74          75  0.95382207458384427     
           1          76  0.50990602161514786     
          74          76   1.4790816916643132     
          73          77   1.5600103328610571     
          76          77   1.2461624669434270     
          77          78  0.95874648662535078     
