    0.39342633
   -0.21584115
   -0.21436632
   -0.20303872
   -0.20445575
    0.05096535
   -0.03140679
   -0.03519857
    0.04615334
    0.04623158
   -0.02983502
   -0.03360981
    0.05618068
    0.05260175
   -0.02143937
   -0.03481915
    0.05501968
    0.05189824
   -0.03220917
   -0.03055772
    0.05214441
   -0.06933296
    0.03312787
   -0.07976868
    0.02865177
   -0.06801085
    0.03881498
   -0.07225570
    0.03068634
   -0.09625229
    0.03164711
    0.03186365
    0.03214507
   -0.09730525
    0.03427147
    0.03422586
    0.03164842
   -0.09691189
    0.03253654
    0.03279021
    0.03496445
   -0.02618859
    0.02268340
   -0.09717822
    0.03273380
    0.02186580
   -0.09929334
    0.03418760
    0.03615300
    0.04104595
   -0.02694598
    0.02202495
   -0.09876629
    0.03276934
    0.01994842
   -0.09697625
    0.03365070
    0.03421848
    0.03203998
   -0.09735372
    0.03415972
    0.03232882
    0.03391491
   -0.11603219
    0.05411369
    0.05446838
    0.06200974
   -0.08668493
    0.17134079
    0.03674059
    0.07491617
    0.06752700
   -0.12601074
   -0.00146306
    0.06507362
   -0.11611735
    0.05448214
    0.05419059
    0.06220720
   -0.08654519
    0.17148975
    0.03688282
    0.07531936
    0.06715111
   -0.12546504
   -0.00141069
    0.06541385
