    0.46567637
   -0.21782508
   -0.23295531
   -0.24514988
   -0.23215135
    0.05618561
   -0.02808882
   -0.02779951
    0.05547692
    0.05574682
   -0.01924449
   -0.03090444
    0.05395694
    0.05109967
   -0.02373308
   -0.03217863
    0.05230140
    0.04971667
   -0.02914700
   -0.02921678
    0.05453987
   -0.06858968
    0.03814791
   -0.06646544
    0.03954538
   -0.07231596
    0.03735954
   -0.07640867
    0.04095442
   -0.09996524
    0.03595921
    0.03866867
    0.03737372
   -0.10007427
    0.03595840
    0.03964344
    0.03596923
   -0.10194671
    0.04077025
    0.03680941
    0.04375626
   -0.02728789
    0.02488848
   -0.09468929
    0.03759261
    0.02573116
   -0.10045828
    0.03691515
    0.03833550
    0.04093201
   -0.02659565
    0.02719236
   -0.09450361
    0.03251809
    0.02653577
   -0.09959775
    0.03653769
    0.03798930
    0.03559876
   -0.09976069
    0.03556229
    0.03918588
    0.03547335
   -0.47971421
    0.32484679
    0.32500988
   -0.07618825
    0.07092219
    0.07608453
    0.07447589
   -0.11086492
    0.16587709
