    0.44070168
   -0.23355710
   -0.23294268
   -0.20511260
   -0.20573941
    0.04917773
   -0.03099069
   -0.03400545
    0.04505370
    0.04554024
   -0.02560140
   -0.03359484
    0.05238936
    0.05373942
   -0.01997424
   -0.03082847
    0.05896652
    0.05587035
   -0.02811213
   -0.02862326
    0.05345796
   -0.07011162
    0.03657934
   -0.07954764
    0.03183735
   -0.06917686
    0.03595021
   -0.06574149
    0.03760610
   -0.09795724
    0.03361419
    0.03343947
    0.03448547
   -0.09896154
    0.03627829
    0.03559253
    0.03351338
   -0.09966071
    0.03366694
    0.03465439
    0.04202211
   -0.02744756
    0.02480485
   -0.09697385
    0.03343414
    0.02302304
   -0.10051192
    0.03562863
    0.03740462
    0.04349166
   -0.02679696
    0.02676799
   -0.09734180
    0.03411089
    0.02316141
   -0.09930570
    0.03873407
    0.03580048
    0.03458984
   -0.09902170
    0.03476738
    0.03533069
    0.03698064
   -0.48078369
    0.32135084
    0.32124707
   -0.11804197
    0.05691005
    0.05654107
    0.06403268
   -0.08433263
    0.17430442
    0.03874068
    0.07302250
    0.06959248
   -0.13163303
   -0.00325921
    0.06778052
