           1           2  0.58534900003830381     
           1           3  0.58390487080338560     
           1           4  0.59613930463245990     
           1           5  0.59783215376989107     
           2           6   1.2472189621416927     
           6           7   1.1373030375547526     
           7           8   1.5980024526333916     
           2           9   1.2373302075087655     
           8           9   1.1362780021592731     
           3          10   1.2350619417701367     
          10          11   1.1626053070714264     
          11          12   1.5245761354894778     
           3          13   1.2503216106121171     
          12          13   1.1226841680451778     
           4          14   1.2398134947509361     
          14          15   1.1500576238755349     
          15          16   1.5371373617654611     
           4          17   1.2618116837202906     
          16          17   1.1129711371794733     
           5          18   1.2507959529825989     
          18          19   1.1259695073617035     
          19          20   1.6101149723855512     
           5          21   1.2497581954220627     
          20          21   1.1261657969728172     
           6          22   1.3536129494180835     
          21          22   1.3623217090738242     
          22          23  0.96200970567147193     
           9          24   1.3652346800909616     
          10          24   1.3414693971784981     
          24          25  0.96080064878662719     
          13          26   1.3605170661660735     
          14          26   1.3516755475674800     
          26          27  0.95856787222414552     
          17          28   1.3543658112666541     
          18          28   1.3603432081430931     
          28          29  0.96002090608868218     
           8          30   1.0287514192577292     
          30          31  0.98044307921884510     
          30          32  0.97332866302576926     
          30          33  0.97344832232747847     
           7          34   1.0293767428979548     
          34          35  0.97280181145829070     
          34          36  0.97314506686704005     
          34          37  0.98049037911794401     
          11          38   1.0322716864015462     
          38          39  0.97668691935155916     
          38          40  0.96825179553884966     
          38          41  0.97735004773822864     
          12          42   1.1047680608086949     
          42          43  0.95834901298282293     
          42          44   1.8865752589922025     
          44          45  0.97579447846948753     
          44          46  0.97933119458790041     
          15          47   1.0332858512094019     
          47          48  0.97596701953112208     
          47          49  0.96774715992593696     
          47          50  0.97747482878029524     
          16          51   1.1037504318879137     
          51          52  0.95825246039780776     
          51          53   1.8877535494601569     
          53          54  0.97577750878029235     
          53          55  0.97929400737888306     
          19          56   1.0298946551487786     
          56          57  0.97248937699263982     
          56          58  0.97295610452174719     
          56          59  0.98042020087832749     
          20          60   1.0295550640462745     
          60          61  0.98042323894886052     
          60          62  0.97317717153097172     
          60          63  0.97282500571634278     
           1          64  0.26213154954541029     
          64          65  0.88377960083696250     
          64          66  0.88415249712768973     
          67          68  0.97095105646391633     
          67          69  0.97096151772041073     
          67          70  0.98183808244987281     
          71          72  0.94121370107606184     
          67          73   1.0317176704704858     
          71          73   1.1887711146069895     
          71          74   1.2620849760509492     
          73          74  0.11198686267957575     
          74          75  0.95481679210958226     
           1          76  0.50947103467940547     
          74          76   1.4798600526589865     
          73          77   1.5603223199373524     
          76          77   1.2457376711366563     
          77          78  0.95764902431194043     
