    0.44105950
   -0.20495772
   -0.23173318
   -0.23362061
   -0.20700999
    0.05577563
   -0.02823829
   -0.02850763
    0.05365413
    0.05007526
   -0.02271602
   -0.03602849
    0.04851141
    0.04573348
   -0.02551810
   -0.03371621
    0.05203704
    0.05306751
   -0.02851935
   -0.02863097
    0.05558400
   -0.06660858
    0.03805499
   -0.06924376
    0.03660002
   -0.07885072
    0.03157161
   -0.07005701
    0.03587974
   -0.09906396
    0.03473050
    0.03514065
    0.03745115
   -0.09936167
    0.03863514
    0.03509547
    0.03459271
   -0.10050462
    0.03754628
    0.03471272
    0.04173776
   -0.02806834
    0.02233060
   -0.09736723
    0.03455573
    0.02256466
   -0.09960085
    0.03431823
    0.03488820
    0.04200072
   -0.02759349
    0.02498157
   -0.09696940
    0.03362977
    0.02288581
   -0.09889588
    0.03700087
    0.03597656
    0.03458958
   -0.09931459
    0.03462859
    0.03497460
    0.03846244
   -0.48070773
    0.32121665
    0.32143705
   -0.11792985
    0.05690929
    0.05659957
    0.06343942
   -0.08417712
    0.17459736
    0.03860167
    0.07332184
    0.06984444
   -0.13162190
   -0.00339501
    0.06752638
