           1           2  0.58536517453235748     
           1           3  0.58365948814900859     
           1           4  0.59643817479538375     
           1           5  0.59781351881865485     
           2           6   1.2472116136996809     
           6           7   1.1372555097933588     
           7           8   1.5980569832374489     
           2           9   1.2373392459513366     
           8           9   1.1362380280710214     
           3          10   1.2351415918718631     
          10          11   1.1626314807922666     
          11          12   1.5244966565732152     
           3          13   1.2503675410193307     
          12          13   1.1227516928302079     
           4          14   1.2397736116224927     
          14          15   1.1499846353704770     
          15          16   1.5372878021206424     
           4          17   1.2617524013788000     
          16          17   1.1129539782630784     
           5          18   1.2507652385298456     
          18          19   1.1260412917504368     
          19          20   1.6100375467087351     
           5          21   1.2497713853977461     
          20          21   1.1262286150317602     
           6          22   1.3536796995495315     
          21          22   1.3622376350431320     
          22          23  0.96200940666428991     
           9          24   1.3652968003954888     
          10          24   1.3414026440340365     
          24          25  0.96078692268964916     
          13          26   1.3604628285006286     
          14          26   1.3517404654523482     
          26          27  0.95860339735492028     
          17          28   1.3544242006118989     
          18          28   1.3602787028604442     
          28          29  0.96005239887387006     
           8          30   1.0287499929217969     
          30          31  0.98044560727421570     
          30          32  0.97333400799986669     
          30          33  0.97344022396939545     
           7          34   1.0293756984700115     
          34          35  0.97282457382611187     
          34          36  0.97312472492808277     
          34          37  0.98049259700462299     
          11          38   1.0322800898386331     
          38          39  0.97669220846579796     
          38          40  0.96824853612416972     
          38          41  0.97732400066657910     
          12          42   1.1047761989975340     
          42          43  0.95836788691596819     
          42          44   1.8865622554713870     
          44          45  0.97579105785313636     
          44          46  0.97933253032416345     
          15          47   1.0332805742802196     
          47          48  0.97595249898298453     
          47          49  0.96776347975430865     
          47          50  0.97749007682853184     
          16          51   1.1036049891398225     
          51          52  0.95826192299597490     
          51          53   1.8879011581757363     
          53          54  0.97578031112844887     
          53          55  0.97929155020174907     
          19          56   1.0298899540100028     
          56          57  0.97247035435493290     
          56          58  0.97298377663898361     
          56          59  0.98041926494869958     
          20          60   1.0295418871983519     
          60          61  0.98042252435173560     
          60          62  0.97318302413335012     
          60          63  0.97282792809651386     
           1          64  0.26216796677758097     
          64          65  0.88384406069860166     
          64          66  0.88413737802118808     
          67          68  0.97085899713113877     
          67          69  0.97105381897749787     
          67          70  0.98184088794552915     
          71          72  0.94121260038719390     
          67          73   1.0317153766574887     
          71          73   1.1887859833975314     
          71          74   1.2620951972995669     
          73          74  0.11199893080718719     
          74          75  0.95479798824039663     
           1          76  0.50940806564056673     
          74          76   1.4798652881484244     
          73          77   1.5602858569830642     
          76          77   1.2457843559692998     
          77          78  0.95767731916882093     
