    0.44066610
   -0.23356872
   -0.23296351
   -0.20499301
   -0.20578114
    0.04915434
   -0.03099982
   -0.03399719
    0.04508339
    0.04554205
   -0.02561769
   -0.03358689
    0.05242098
    0.05374620
   -0.01996912
   -0.03081116
    0.05897201
    0.05585007
   -0.02812506
   -0.02864906
    0.05342557
   -0.07015606
    0.03655695
   -0.07954660
    0.03183383
   -0.06913593
    0.03596598
   -0.06572368
    0.03759724
   -0.09795469
    0.03360726
    0.03344000
    0.03448702
   -0.09895568
    0.03626550
    0.03558525
    0.03350945
   -0.09965611
    0.03366581
    0.03463941
    0.04202348
   -0.02744320
    0.02480204
   -0.09698056
    0.03344137
    0.02301405
   -0.10052350
    0.03564770
    0.03740393
    0.04348905
   -0.02678253
    0.02677731
   -0.09732991
    0.03412120
    0.02316913
   -0.09930775
    0.03873090
    0.03578883
    0.03458563
   -0.09902290
    0.03476045
    0.03532556
    0.03696597
   -0.48074367
    0.32133082
    0.32126849
   -0.11803905
    0.05695794
    0.05649305
    0.06402472
   -0.08433889
    0.17430602
    0.03872989
    0.07303073
    0.06961042
   -0.13161845
   -0.00324138
    0.06774978
