           1           2  0.58204825512786718     
           1           3  0.58227133836978606     
           1           4  0.56591077746558127     
           1           5  0.56746800413578691     
           2           6   1.2520726674536957     
           6           7   1.1268613676570809     
           7           8   1.6098001439795664     
           2           9   1.2484851760172657     
           8           9   1.1261668472433037     
           3          10   1.2472300337517861     
          10          11   1.1454473427543406     
          11          12   1.5443133020821860     
           3          13   1.2562504896033291     
          12          13   1.1096080858788617     
           4          14   1.2347402949804926     
          14          15   1.1599689282587426     
          15          16   1.5286053682145457     
           4          17   1.2505752669146502     
          16          17   1.1227636922505639     
           5          18   1.2408536427243615     
          18          19   1.1389861856202756     
          19          20   1.5955455486859293     
           5          21   1.2399021023057273     
          20          21   1.1395373005334577     
           6          22   1.3581797179032171     
          21          22   1.3567795261077025     
          22          23  0.96193718372503423     
           9          24   1.3676491302843969     
          10          24   1.3494310923139234     
          24          25  0.96015843037472626     
          13          26   1.3678942772491549     
          14          26   1.3478975573297842     
          26          27  0.95834904112270758     
          17          28   1.3570436278320894     
          18          28   1.3583774608757961     
          28          29  0.96002455033298484     
           8          30   1.0305674697147473     
          30          31  0.98024440022739723     
          30          32  0.97151058882733277     
          30          33  0.97302361055384534     
           7          34   1.0300323054563696     
          34          35  0.97278142007296053     
          34          36  0.97248011058280726     
          34          37  0.98026714559567785     
          11          38   1.0343175969539355     
          38          39  0.96692413062277549     
          38          40  0.97537475436753951     
          38          41  0.97728524236459835     
          12          42   1.1014657890027575     
          42          43  0.95819770278507999     
          42          44   1.8909428656509504     
          44          45  0.97557032713287950     
          44          46  0.97910180210186537     
          15          47   1.0339690006992297     
          47          48  0.97545480624091874     
          47          49  0.96710114196407970     
          47          50  0.97724286393369519     
          16          51   1.1016206076784787     
          51          52  0.95840086267412017     
          51          53   1.8905391306667940     
          53          54  0.97564365716876489     
          53          55  0.97916157754786215     
          19          56   1.0298573361846224     
          56          57  0.97263332414067638     
          56          58  0.97255691657799548     
          56          59  0.98029117137307842     
          20          60   1.0297206302211901     
          60          61  0.97258030942793816     
          60          62  0.98032553702659009     
          60          63  0.97281344617020005     
           1          64  0.27466654177778038     
          64          65  0.87989433846331577     
          64          66  0.87953546146585138     
          67          68  0.97873664891304823     
          67          69  0.98100599887646744     
          67          70  0.97455485633169481     
           1          71  0.43915910024419214     
          67          71  0.99313683040168399     
          71          72  0.94208040513727132     
