           1           2  0.58728332428423891     
           1           3  0.59014984722083952     
           1           4  0.58815806501301782     
           1           5  0.58581808528938151     
           2           6   1.2515860746512197     
           6           7   1.1328755373424946     
           7           8   1.6028430990192997     
           2           9   1.2462217748218991     
           8           9   1.1317330996277275     
           3          10   1.2448747275629990     
          10          11   1.1553360478964345     
          11          12   1.5304821371659880     
           3          13   1.2569326356706387     
          12          13   1.1138333408085270     
           4          14   1.2407599307530055     
          14          15   1.1553338601642777     
          15          16   1.5306031077469830     
           4          17   1.2626184310017305     
          16          17   1.1152248060201053     
           5          18   1.2504246490014002     
          18          19   1.1329777589866157     
          19          20   1.6011560402446801     
           5          21   1.2483211079726213     
          20          21   1.1338950106782348     
           6          22   1.3501331487077766     
          21          22   1.3526271175155740     
          22          23  0.96281718407190309     
           9          24   1.3645349329041085     
          10          24   1.3422883041002860     
          24          25  0.96088433499561621     
          13          26   1.3590678737617639     
          14          26   1.3422030026712066     
          26          27  0.95893710378135366     
          17          28   1.3540625399943953     
          18          28   1.3563698106381989     
          28          29  0.96028150149709690     
           8          30   1.0288200483284562     
          30          31  0.98061835285712839     
          30          32  0.97351003472326070     
          30          33  0.97330408994696160     
           7          34   1.0279847023940372     
          34          35  0.97390553338943031     
          34          36  0.97395127298360518     
          34          37  0.98063111096413358     
          11          38   1.0324709017739488     
          38          39  0.97663769031049430     
          38          40  0.96816801550470788     
          38          41  0.97752594722153496     
          12          42   1.1074982933658932     
          42          43  0.95864676766655033     
          42          44   1.8826782780230455     
          44          45  0.97950019830365243     
          44          46  0.97591724426252147     
          15          47   1.0322976174314680     
          47          48  0.97654305626571503     
          47          49  0.96830175874290536     
          47          50  0.97765603612859975     
          16          51   1.1062902148145450     
          51          52  0.95853158876834799     
          51          53   1.8842612835296697     
          53          54  0.97587865457383627     
          53          55  0.97946557552164115     
          19          56   1.0289920328920323     
          56          57  0.97326664789577111     
          56          58  0.97329540165307638     
          56          59  0.98062469720693402     
          20          60   1.0279218378352950     
          60          61  0.98063809914645683     
          60          62  0.97390338949929234     
          60          63  0.97405227601417077     
          64          65  0.97142376859211144     
          64          66  0.97155481391653020     
          64          67  0.98214041724457024     
          68          69  0.94209200248952674     
          64          70   1.0313183654597016     
          68          70   1.1867551374643350     
          68          71   1.2617406242216391     
          70          71  0.11274767137304603     
          71          72  0.95486324631920272     
           1          73  0.49006964954448856     
          71          73   1.4875119870990265     
          70          74   1.5616975683329606     
          73          74   1.2509179241704069     
          74          75  0.95986352977202560     
          76          77  0.97170575696506267     
          76          78  0.97127064993965662     
          76          79  0.98210946666440924     
          80          81  0.94207783251278487     
          76          82   1.0313292564115628     
          80          82   1.1867680431048613     
          80          83   1.2619035801162426     
          82          83  0.11282558520588049     
          83          84  0.95491005839579401     
           1          85  0.48992389903426542     
          83          85   1.4874838468821630     
          82          86   1.5617174118329495     
          85          86   1.2510453340035808     
          86          87  0.95969889477223702     
