           1           2  0.58516159342299923     
           1           3  0.58194234929235999     
           1           4  0.59880617874384479     
           1           5  0.59678919221144133     
           2           6   1.2470581754760475     
           6           7   1.1374026054211284     
           7           8   1.5979257316100084     
           2           9   1.2364012535577396     
           8           9   1.1363374228608312     
           3          10   1.2370372504609271     
          10          11   1.1631214529944627     
          11          12   1.5297783991513030     
           3          13   1.2490122698192629     
          12          13   1.1237227451595697     
           4          14   1.2380784069382083     
          14          15   1.1498972844629580     
          15          16   1.5368213088760552     
           4          17   1.2621561735019649     
          16          17   1.1126843691546491     
           5          18   1.2505647057292300     
          18          19   1.1263097864306904     
          19          20   1.6098188963718107     
           5          21   1.2499730014559247     
          20          21   1.1263632994317618     
           6          22   1.3537476505830650     
          21          22   1.3618849167202043     
          22          23  0.96206191409247799     
           9          24   1.3665013908396584     
          10          24   1.3395615610259013     
          24          25  0.96232082936250696     
          13          26   1.3589130760538595     
          14          26   1.3531094060508397     
          26          27  0.95680085180600183     
          17          28   1.3541865057200995     
          18          28   1.3603630134965456     
          28          29  0.96014039046789068     
           8          30   1.0287103495434939     
          30          31  0.98047223180801280     
          30          32  0.97297876493382007     
          30          33  0.97387091467255793     
           7          34   1.0293331323101342     
          34          35  0.97302855145607603     
          34          36  0.97295800608404814     
          34          37  0.98051894043508514     
          11          38   1.0304003842385208     
          38          39  0.97371900766661612     
          38          40  0.97106825703710620     
          38          41  0.98224179223411401     
          12          42   1.0965987285426761     
          42          43  0.95790658147520036     
          42          44   1.8954513960572903     
          44          45  0.97501349582284891     
          44          46  0.97907674307520409     
          15          47   1.0334560497580010     
          47          48  0.97637165889315325     
          47          49  0.96740371460638086     
          47          50  0.97709555921917501     
          16          51   1.1048655127710649     
          51          52  0.95851842342627469     
          51          53   1.8866505356963468     
          53          54  0.97574321606260073     
          53          55  0.97932870181184006     
          19          56   1.0298559959149352     
          56          57  0.97215073189944834     
          56          58  0.97336929006239503     
          56          59  0.98043875426130322     
          20          60   1.0295193560173750     
          60          61  0.98043534465644577     
          60          62  0.97356203671019026     
          60          63  0.97251536874324696     
           1          64  0.26148080118432160     
          64          65  0.88358020529936354     
          64          66  0.88422334804336977     
          67          68  0.97099895341233533     
          67          69  0.97094465709246824     
          67          70  0.98184838465599789     
          71          72  0.94125188788088132     
          67          73   1.0316979228452570     
          71          73   1.1887849407213340     
          71          74   1.2617270960219480     
          73          74  0.11204583738122452     
          74          75  0.95514935343928586     
           1          76  0.51012470046334446     
          74          76   1.4795165901909417     
          73          77   1.5602478817746939     
          76          77   1.2456010544277145     
          77          78  0.95778789498195860     
