    0.40770945
   -0.21136896
   -0.21189657
   -0.21839505
   -0.22449979
    0.05625438
   -0.02278856
   -0.03088497
    0.05396181
    0.05319413
   -0.02138277
   -0.03096316
    0.05675209
    0.05364906
   -0.02034582
   -0.03274551
    0.05386080
    0.05054981
   -0.03125449
   -0.02843372
    0.05215379
   -0.06855146
    0.05286542
   -0.06942801
    0.03628305
   -0.06652625
    0.03715795
   -0.07283573
    0.03522982
   -0.09874164
    0.03653737
    0.03577497
    0.03438474
   -0.10924461
    0.03584846
    0.06750418
    0.03300531
   -0.10048184
    0.03698602
    0.03591307
    0.04308758
   -0.02672207
    0.02523313
   -0.09680909
    0.03454224
    0.02346181
   -0.10052468
    0.03720370
    0.03656337
    0.04343384
   -0.02724732
    0.02578880
   -0.09730962
    0.03398225
    0.02340271
   -0.09851435
    0.03403631
    0.03689993
    0.03538644
   -0.10271745
    0.03660599
    0.03383166
    0.04985487
   -0.11814739
    0.05743067
    0.05726540
    0.06405964
   -0.08319075
    0.17536177
    0.03913421
    0.07404151
    0.07031336
   -0.13007228
   -0.00237854
    0.06784359
   -0.10522471
    0.05912050
    0.04194020
    0.08265155
   -0.06047960
    0.03271477
    0.04749404
    0.01344405
    0.05039984
    0.03555105
   -0.23152127
    0.15222151
    0.23350348
   -0.43930157
    0.13872753
   -0.31053794
    0.15819680
    0.18116173
