           1           2  0.62020932269113471     
           1           3  0.60667204569894595     
           1           4  0.61065413606429686     
           1           5  0.60725232765677029     
           2           6   1.2462004399970981     
           6           7   1.1267879017132536     
           7           8   1.6062364832850089     
           2           9   1.2339671226759519     
           8           9   1.1284221158120242     
           3          10   1.2390117577123962     
          10          11   1.1573670920686985     
          11          12   1.5300972613028527     
           3          13   1.2488843391522975     
          12          13   1.1180075382710601     
           4          14   1.2323551518115312     
          14          15   1.1585781918513098     
          15          16   1.5283940661830409     
           4          17   1.2514753666768303     
          16          17   1.1202620763410076     
           5          18   1.2387813077862970     
          18          19   1.1350576494893796     
          19          20   1.5987645709486995     
           5          21   1.2418018952056369     
          20          21   1.1346043362736524     
           6          22   1.3565539740247696     
          21          22   1.3555736840604744     
          22          23  0.95800684854460694     
           9          24   1.3733228606739585     
          10          24   1.3407614217943855     
          24          25  0.96036348021192053     
          13          26   1.3657275150529968     
          14          26   1.3493329574971780     
          26          27  0.95841079703712062     
          17          28   1.3551006108362269     
          18          28   1.3611821003998485     
          28          29  0.96016793610845419     
           8          30   1.0292374524779129     
          30          31  0.98049471964042367     
          30          32  0.97353967859162227     
          30          33  0.97276698571697362     
           7          34   1.0335673968112791     
          34          35  0.97116315158851174     
          34          36  0.96247817046802475     
          34          37  0.98059608698982448     
          11          38   1.0331566595916815     
          38          39  0.96773683386370979     
          38          40  0.97601496166347923     
          38          41  0.97734454367791634     
          12          42   1.1041914987880952     
          42          43  0.95815299181297009     
          42          44   1.8873641453379757     
          44          45  0.97575862820324444     
          44          46  0.97929943507024109     
          15          47   1.0332527919630927     
          47          48  0.96771495317169509     
          47          49  0.97585978344125601     
          47          50  0.97750005946829155     
          16          51   1.1034475458371904     
          51          52  0.95846737818005945     
          51          53   1.8878721959435103     
          53          54  0.97578538806788617     
          53          55  0.97927897296923871     
          19          56   1.0293080724901276     
          56          57  0.97296817724706797     
          56          58  0.97315709898202241     
          56          59  0.98050662423763701     
          20          60   1.0312977520740154     
          60          61  0.97197676166674296     
          60          62  0.98055871129504946     
          60          63  0.96992359702623610     
          64          65  0.97066535839031154     
          64          66  0.97090036235654986     
          64          67  0.98182875857278951     
          68          69  0.94083200127228550     
          64          70   1.0318727956062190     
          68          70   1.1893386708287508     
          68          71   1.2639252731686776     
          70          71  0.11172182739878767     
          71          72  0.95313248537176631     
           1          73  0.51265192325382325     
          71          73   1.4779047873998745     
          70          74   1.5596970937781358     
          73          74   1.2448333578784827     
          74          75  0.95831962978768659     
          76          77  0.97163148234325092     
          76          78  0.98582063368301420     
          76          79  0.90243131502025942     
          76          80   1.0192166253444315     
          80          81  0.97541721963013228     
          80          82  0.97402979955035029     
          80          83  0.99321601812912530     
          83          84  0.96525470269435920     
          83          85  0.97199014742377832     
          83          86   1.0047274902523222     
          86          87  0.94514647127343343     
          86          88   1.1198987849518049     
          86          89  0.14737792927554455     
          88          89   1.6921794067469011     
          89          90  0.93310833729854992     
          88          91   1.1214110370191790     
          89          91  0.10256798293073131     
          91          92  0.95251704455787067     
          91          93  0.94984471524337344     
