           1           2  0.58531934702793442     
           1           3  0.58389375090021267     
           1           4  0.59613407100862337     
           1           5  0.59786343896601113     
           2           6   1.2472058585803245     
           6           7   1.1373262050814124     
           7           8   1.5979784062766225     
           2           9   1.2373023485426282     
           8           9   1.1362963047845429     
           3          10   1.2350433598944131     
          10          11   1.1626456055491405     
          11          12   1.5244975340289044     
           3          13   1.2503498674827367     
          12          13   1.1226975032230737     
           4          14   1.2397917961895530     
          14          15   1.1500448906482412     
          15          16   1.5371581349204033     
           4          17   1.2618426183681619     
          16          17   1.1129706207495709     
           5          18   1.2507759523512618     
          18          19   1.1259680797505605     
          19          20   1.6101179902705840     
           5          21   1.2497448860935940     
          20          21   1.1261653500640110     
           6          22   1.3535988720094423     
          21          22   1.3623284451893014     
          22          23  0.96200877339466928     
           9          24   1.3652453950281878     
          10          24   1.3414380147148663     
          24          25  0.96078736935461295     
          13          26   1.3604873845374761     
          14          26   1.3517136228375657     
          26          27  0.95854828401299308     
          17          28   1.3543473525665737     
          18          28   1.3603756722479738     
          28          29  0.96001148321653462     
           8          30   1.0287517488746318     
          30          31  0.98044394041712479     
          30          32  0.97337698551315366     
          30          33  0.97339880390346800     
           7          34   1.0293753730859829     
          34          35  0.97277152615608542     
          34          36  0.97317588499167251     
          34          37  0.98049025973511594     
          11          38   1.0322736863524971     
          38          39  0.97672220481864147     
          38          40  0.96823585146922453     
          38          41  0.97732227545862860     
          12          42   1.1048501953113083     
          42          43  0.95836266830789107     
          42          44   1.8864888812906586     
          44          45  0.97579632751851730     
          44          46  0.97933344131501898     
          15          47   1.0332917433842150     
          47          48  0.97597887281743745     
          47          49  0.96773559626355510     
          47          50  0.97746695241453430     
          16          51   1.1037238632629061     
          51          52  0.95824507857330432     
          51          53   1.8877840803145323     
          53          54  0.97578514941613159     
          53          55  0.97929411455300008     
          19          56   1.0298958475151558     
          56          57  0.97249010085518151     
          56          58  0.97295092387931847     
          56          59  0.98042191910713816     
          20          60   1.0295521092449875     
          60          61  0.98042490110524438     
          60          62  0.97316558968201217     
          60          63  0.97283845966699611     
           1          64  0.26213049539288219     
          64          65  0.88373351390982391     
          64          66  0.88416756625461945     
          67          68  0.97095686474378984     
          67          69  0.97095634030242861     
          67          70  0.98183886470557868     
          71          72  0.94121212631346562     
          67          73   1.0317158394423809     
          71          73   1.1887787022395009     
          71          74   1.2621100962623710     
          73          74  0.11199542436573157     
          74          75  0.95480345724803606     
           1          76  0.50941027073552458     
          74          76   1.4798537227174751     
          73          77   1.5602969089047631     
          76          77   1.2457772639258700     
          77          78  0.95766938467032525     
