           1           2  0.59732295724009599     
           1           3  0.59844167845100149     
           1           4  0.58420998179266670     
           1           5  0.58410513909779238     
           2           6   1.2508613893220986     
           6           7   1.1281895803943351     
           7           8   1.6082346294181109     
           2           9   1.2463838849789686     
           8           9   1.1275059343790848     
           3          10   1.2458431585893963     
          10          11   1.1500070798360151     
          11          12   1.5378417980818322     
           3          13   1.2547783156641965     
          12          13   1.1111209835637514     
           4          14   1.2350937478077075     
          14          15   1.1606973307652915     
          15          16   1.5260903114122533     
           4          17   1.2539589256941848     
          16          17   1.1212549775348344     
           5          18   1.2426475748152688     
          18          19   1.1374947465614240     
          19          20   1.5964171240611229     
           5          21   1.2422907115266908     
          20          21   1.1384680526208877     
           6          22   1.3567142856947063     
          21          22   1.3554794944428934     
          22          23  0.96222522741111194     
           9          24   1.3678351373494848     
          10          24   1.3457497142133401     
          24          25  0.96043938944702734     
          13          26   1.3653068019880017     
          14          26   1.3443989251149473     
          26          27  0.95869816470541169     
          17          28   1.3555395232213829     
          18          28   1.3586612620505691     
          28          29  0.96004930103333419     
           8          30   1.0298322329705336     
          30          31  0.98042674757926629     
          30          32  0.97226200196802426     
          30          33  0.97328047899305603     
           7          34   1.0291291046352498     
          34          35  0.97336214049074343     
          34          36  0.97312018538601763     
          34          37  0.98042464329399748     
          11          38   1.0334444053006622     
          38          39  0.96770607670229070     
          38          40  0.97580073830955405     
          38          41  0.97741700940728338     
          12          42   1.1043232355267385     
          42          43  0.95840054418655862     
          42          44   1.8868939713620443     
          44          45  0.97582395609765404     
          44          46  0.97932341211924934     
          15          47   1.0330269962438754     
          47          48  0.96764212144581474     
          47          49  0.97624836324929232     
          47          50  0.97737486326285494     
          16          51   1.1046559273471572     
          51          52  0.95853147073692679     
          51          53   1.8865402966450542     
          53          54  0.97575483136845897     
          53          55  0.97934784576774514     
          19          56   1.0293328713287351     
          56          57  0.97311230232378343     
          56          58  0.97288413886155389     
          56          59  0.98046328524413018     
          20          60   1.0288461523128518     
          60          61  0.97331327143219593     
          60          62  0.98049368891537958     
          60          63  0.97332221328087221     
          64          65  0.97068723973793192     
          64          66  0.97122471655983833     
          64          67  0.98182862430119533     
          68          69  0.94123332895959999     
          64          70   1.0317577870539354     
          68          70   1.1886997278802376     
          68          71   1.2621582363217099     
          70          71  0.11221026741310802     
          71          72  0.95398881659484147     
           1          73  0.50980188605907029     
          71          73   1.4790698241977429     
          70          74   1.5600178490667886     
          73          74   1.2462214582008251     
          74          75  0.95848321640198519     
           1          76  0.26243178752267721     
          76          77  0.88404258428365390     
          76          78  0.88383302953724852     
