    0.44080798
   -0.21149515
   -0.20348309
   -0.22706645
   -0.23496928
    0.05003375
   -0.03073788
   -0.02813937
    0.05501137
    0.05630203
   -0.01882355
   -0.03168202
    0.05666810
    0.05034902
   -0.02304606
   -0.03381021
    0.05173651
    0.04801018
   -0.03190387
   -0.03331207
    0.04578716
   -0.07609937
    0.03421571
   -0.06427852
    0.03892316
   -0.07029960
    0.03503907
   -0.07380732
    0.03381052
   -0.09943748
    0.03440479
    0.03850917
    0.03574519
   -0.09849310
    0.03318662
    0.03703338
    0.03445342
   -0.10119165
    0.03722330
    0.03712945
    0.04360503
   -0.02667186
    0.02503427
   -0.09740980
    0.03420219
    0.02301936
   -0.10039284
    0.03713905
    0.03509879
    0.04214123
   -0.02745322
    0.02351488
   -0.09701990
    0.03449999
    0.02254020
   -0.09840064
    0.03574742
    0.03525244
    0.03340177
   -0.09834950
    0.03329693
    0.03367489
    0.03572324
   -0.11793705
    0.05691888
    0.05639478
    0.06404851
   -0.08418608
    0.17419886
    0.03859772
    0.07268360
    0.06974892
   -0.13163390
   -0.00304623
    0.06759382
   -0.48065849
    0.32129103
    0.32148784
