           1           2  0.58284262211120186     
           1           3  0.57292937625268048     
           1           4  0.56675367461128601     
           1           5  0.57637528358486068     
           2           6   1.2540045403479572     
           6           7   1.1264276285640400     
           7           8   1.6104006950090275     
           2           9   1.2470392968231008     
           8           9   1.1256790312135301     
           3          10   1.2412068424417662     
          10          11   1.1536390093910627     
          11          12   1.5360120176312559     
           3          13   1.2509894121364926     
          12          13   1.1164599688486052     
           4          14   1.2340529478427908     
          14          15   1.1596715351433708     
          15          16   1.5288074762979986     
           4          17   1.2512650384229445     
          16          17   1.1232941599942099     
           5          18   1.2463250243562145     
          18          19   1.1312853047562417     
          19          20   1.6041844710828361     
           5          21   1.2462598774585474     
          20          21   1.1317157328300596     
           6          22   1.3576139403058667     
          21          22   1.3587361837603169     
          22          23  0.96177882138791382     
           9          24   1.3689785472333802     
          10          24   1.3473643945585547     
          24          25  0.96032003510960573     
          13          26   1.3658395398070309     
          14          26   1.3488010737470140     
          26          27  0.95826414794587333     
          17          28   1.3555816510820944     
          18          28   1.3608339051962652     
          28          29  0.96003782214920386     
           8          30   1.0303899135264474     
          30          31  0.98024975196226294     
          30          32  0.97197945591155821     
          30          33  0.97280303167102211     
           7          34   1.0302476973094861     
          34          35  0.97267645556354365     
          34          36  0.97228404281013581     
          34          37  0.98027221364842165     
          11          38   1.0339349715069401     
          38          39  0.97583538871956776     
          38          40  0.96708913335665136     
          38          41  0.97725924854050639     
          12          42   1.1014183774851656     
          42          43  0.95796739280109211     
          42          44   1.8909958298599232     
          44          45  0.97566838399216005     
          44          46  0.97914210024797521     
          15          47   1.0337983869204965     
          47          48  0.97545076712880474     
          47          49  0.96728357303633172     
          47          50  0.97730473858856071     
          16          51   1.1012733084275881     
          51          52  0.95845160096080639     
          51          53   1.8909179061820507     
          53          54  0.97562475094457746     
          53          55  0.97913947381548061     
          19          56   1.0301254429682223     
          56          57  0.97286554159314931     
          56          58  0.97214292809901581     
          56          59  0.98025864798960838     
          20          60   1.0300993015094992     
          60          61  0.97282184765970769     
          60          62  0.98030288583663505     
          60          63  0.97221829755527145     
           1          64  0.27422654050577433     
          64          65  0.88036651105044883     
          64          66  0.87998858394831292     
          67          68  0.97865195629956359     
          67          69  0.98109531062522537     
          67          70  0.97408765953653087     
           1          71  0.44139956933216251     
          67          71  0.99298088838312482     
          71          72  0.94234650077297188     
