    0.46485983
   -0.21783232
   -0.23280675
   -0.24455434
   -0.23236019
    0.05635082
   -0.02792404
   -0.02767396
    0.05549007
    0.05556053
   -0.01913069
   -0.03081646
    0.05474020
    0.05144027
   -0.02090872
   -0.03260760
    0.05079390
    0.05007179
   -0.02924966
   -0.02924331
    0.05445247
   -0.06871445
    0.03818478
   -0.06672180
    0.03968248
   -0.07175719
    0.03726945
   -0.07587468
    0.03554078
   -0.10002077
    0.03604507
    0.03926521
    0.03686585
   -0.10007529
    0.03600117
    0.03970145
    0.03603258
   -0.10166804
    0.03754817
    0.03918681
    0.04460186
   -0.02725920
    0.02701710
   -0.09560002
    0.03603702
    0.02576942
   -0.10139582
    0.03755617
    0.03829654
    0.04392251
   -0.02763105
    0.02551397
   -0.09521284
    0.03615420
    0.02560927
   -0.09930159
    0.03587467
    0.03819651
    0.03550153
   -0.09970102
    0.03534119
    0.03557946
    0.03929845
   -0.47935166
    0.32514633
    0.32481188
   -0.07628058
    0.07438104
    0.07101458
    0.07601792
   -0.11053896
    0.16548768
