    0.44057869
   -0.23372942
   -0.23269699
   -0.20481753
   -0.20597614
    0.04905324
   -0.03104103
   -0.03399566
    0.04511435
    0.04549551
   -0.02560657
   -0.03355232
    0.05249915
    0.05386397
   -0.01991800
   -0.03080694
    0.05899483
    0.05584490
   -0.02813202
   -0.02867549
    0.05333808
   -0.07030152
    0.03648965
   -0.07953564
    0.03183962
   -0.06898285
    0.03602801
   -0.06574263
    0.03760127
   -0.09795379
    0.03359484
    0.03341526
    0.03450527
   -0.09893843
    0.03622772
    0.03556346
    0.03349701
   -0.09966842
    0.03366107
    0.03468004
    0.04202413
   -0.02743958
    0.02484981
   -0.09695403
    0.03345954
    0.02304406
   -0.10052076
    0.03567894
    0.03742387
    0.04349972
   -0.02678431
    0.02675270
   -0.09734603
    0.03411922
    0.02315798
   -0.09930241
    0.03872791
    0.03579480
    0.03457755
   -0.09900709
    0.03692331
    0.03475759
    0.03531528
   -0.11803351
    0.05686142
    0.05656922
    0.06402975
   -0.08432209
    0.17430023
    0.03872378
    0.07304768
    0.06960017
   -0.13168588
   -0.00323513
    0.06776465
   -0.48078494
    0.32135158
    0.32124634
