    0.44068253
   -0.20385910
   -0.22572594
   -0.23421361
   -0.21287373
    0.05599944
   -0.02720063
   -0.02935898
    0.05387625
    0.05074064
   -0.02299876
   -0.03383485
    0.05155971
    0.04861545
   -0.02371991
   -0.03551980
    0.04881337
    0.04968867
   -0.03081086
   -0.02814075
    0.05506579
   -0.06484352
    0.03908816
   -0.07045538
    0.03565624
   -0.07333616
    0.03373995
   -0.07620936
    0.03354856
   -0.09890312
    0.03467450
    0.03707393
    0.03501314
   -0.09952911
    0.03580825
    0.03855089
    0.03468540
   -0.10056970
    0.03659042
    0.03522141
    0.04213960
   -0.02733660
    0.02317442
   -0.09701338
    0.03436911
    0.02265722
   -0.09988106
    0.03661269
    0.03415594
    0.04195150
   -0.02815915
    0.02418309
   -0.09754122
    0.03362116
    0.02252741
   -0.09837730
    0.03388332
    0.03691533
    0.03443054
   -0.09944983
    0.03548469
    0.03443967
    0.03870871
   -0.11781372
    0.05692930
    0.05642913
    0.06345623
   -0.08399711
    0.17453811
    0.03846654
    0.07303506
    0.07014763
   -0.13173798
   -0.00318502
    0.06730215
   -0.48039217
    0.32126638
    0.32147022
