           1           2  0.59958184792465796     
           1           3  0.58629753742449819     
           1           4  0.58264748366066343     
           1           5  0.59631764914914875     
           2           6   1.2555635008481121     
           6           7   1.1251302257205560     
           7           8   1.6118120304451886     
           2           9   1.2447125475279439     
           8           9   1.1245057213558749     
           3          10   1.2387578617007784     
          10          11   1.1602955131968775     
          11          12   1.5272783729052386     
           3          13   1.2493743983149279     
          12          13   1.1195601392103334     
           4          14   1.2333194486099639     
          14          15   1.1630350139619823     
          15          16   1.5231052383064796     
           4          17   1.2527502342456178     
          16          17   1.1240870537465497     
           5          18   1.2467014127482627     
          18          19   1.1285740665332904     
          19          20   1.6069134284590025     
           5          21   1.2506566390749043     
          20          21   1.1288911705084119     
           6          22   1.3576704393044960     
          21          22   1.3593445500683983     
          22          23  0.96186001753096484     
           9          24   1.3697269910544814     
          10          24   1.3405106867963368     
          24          25  0.96050470312671810     
          13          26   1.3645372887590337     
          14          26   1.3459170998598777     
          26          27  0.95861099990967091     
          17          28   1.3512659464357619     
          18          28   1.3609099089523291     
          28          29  0.96015701958774413     
           8          30   1.0294812573334702     
          30          31  0.98039488093596705     
          30          32  0.97294727158444694     
          30          33  0.97310463723196672     
           7          34   1.0298738444434483     
          34          35  0.97308208174635213     
          34          36  0.97245648182363831     
          34          37  0.98043253296917243     
          11          38   1.0328730658560390     
          38          39  0.96777967893208727     
          38          40  0.97636134862682944     
          38          41  0.97733393089855003     
          12          42   1.1050015019996517     
          42          43  0.95852429562260677     
          42          44   1.8861043390409271     
          44          45  0.97578330234106170     
          44          46  0.97935559426342444     
          15          47   1.0328497225873250     
          47          48  0.96780386307998789     
          47          49  0.97624786902591498     
          47          50  0.97754466997750034     
          16          51   1.1043316510817365     
          51          52  0.95852843035824686     
          51          53   1.8866868096568836     
          53          54  0.97580421597665379     
          53          55  0.97933856919234419     
          19          56   1.0292884823147470     
          56          57  0.97328020098021140     
          56          58  0.97295274869225634     
          56          59  0.98040396559749687     
          20          60   1.0298020993922870     
          60          61  0.97319530607170912     
          60          62  0.98045376577775811     
          60          63  0.97239721892436060     
          64          65  0.97089793352184062     
          64          66  0.97107690029048366     
          64          67  0.98194275412654175     
          68          69  0.94112685024159681     
          64          70   1.0316805367599569     
          68          70   1.1887739299741757     
          68          71   1.2627799892582372     
          70          71  0.11194849852998168     
          71          72  0.95387921238257845     
           1          73  0.50939241745804631     
          71          73   1.4793513793188704     
          70          74   1.5599850157721100     
          73          74   1.2461000690939548     
          74          75  0.95859783331848392     
           1          76  0.26241875948669130     
          76          77  0.88414049727942934     
          76          78  0.88438168794049310     
