    0.44057374
   -0.20974688
   -0.21139552
   -0.22805576
   -0.22734817
    0.05312264
   -0.02881638
   -0.02972716
    0.05293944
    0.05306799
   -0.02140421
   -0.03184620
    0.05527663
    0.04977462
   -0.02242568
   -0.03482106
    0.05159603
    0.04784592
   -0.03242325
   -0.03044846
    0.05042504
   -0.06942111
    0.03674088
   -0.06934937
    0.03704521
   -0.06983935
    0.03568816
   -0.07611801
    0.03258199
   -0.09895858
    0.03457580
    0.03899466
    0.03308692
   -0.09905061
    0.03509919
    0.03766788
    0.03439093
   -0.10065362
    0.03288162
    0.04000029
    0.04214592
   -0.02688396
    0.02369242
   -0.09677817
    0.03574389
    0.02314724
   -0.10028021
    0.03471680
    0.03737710
    0.04211767
   -0.02768621
    0.02350816
   -0.09723768
    0.03431948
    0.02261088
   -0.09824456
    0.03492620
    0.03528279
    0.03365750
   -0.09898765
    0.03573798
    0.03389583
    0.03598977
   -0.48040753
    0.32121800
    0.32144102
   -0.11775649
    0.05645186
    0.05664982
    0.06368987
   -0.08387675
    0.17432497
    0.03829895
    0.07265730
    0.07002960
   -0.13139940
   -0.00289445
    0.06727581
