           1           2  0.57383188341699332     
           1           3  0.57776310264279718     
           1           4  0.57557427959563900     
           1           5  0.57596485442499623     
           2           6   1.2429799621201691     
           6           7   1.1307224337291617     
           7           8   1.6042222914317699     
           2           9   1.2528042258489747     
           8           9   1.1318272936573450     
           3          10   1.2500780276964827     
          10          11   1.1289448935751285     
          11          12   1.6073497946605302     
           3          13   1.2491534706909011     
          12          13   1.1282768942517951     
           4          14   1.2609150597108196     
          14          15   1.1183097838365399     
          15          16   1.5313252699202766     
           4          17   1.2373537425471242     
          16          17   1.1556736978068132     
           5          18   1.2543640730941639     
          18          19   1.1160668239524676     
          19          20   1.5297715523142719     
           5          21   1.2420825175145480     
          20          21   1.1578687502644540     
           6          22   1.3659032651275704     
          21          22   1.3414838794995847     
          22          23  0.96092083755681190     
           9          24   1.3524206581813165     
          10          24   1.3584364951139745     
          24          25  0.96224656762506589     
          13          26   1.3610660149792928     
          14          26   1.3477588292240470     
          26          27  0.96050580794355300     
          17          28   1.3439153241741160     
          18          28   1.3614816911123535     
          28          29  0.95881690312218681     
           7          30   1.0291475337246907     
          30          31  0.97368125562544261     
          30          32  0.97275229903432747     
          30          33  0.98051752114055402     
           8          34   1.0292467640779399     
          34          35  0.97322098479588914     
          34          36  0.97303326874247575     
          34          37  0.98054856048331063     
          20          38   1.0327037167637354     
          38          39  0.96785885076458977     
          38          40  0.97650855798060032     
          38          41  0.97752493254898365     
          19          42   1.1054891362550503     
          42          43  0.95824024216185921     
          42          44   1.8854646350251798     
          44          45  0.97588218979577701     
          44          46  0.97940037172569427     
          16          47   1.0326068098296639     
          47          48  0.96814354645211620     
          47          49  0.97605680846832588     
          47          50  0.97781855278832508     
          15          51   1.1030610959101281     
          51          52  0.95869917896938828     
          51          53   1.8881464808448569     
          53          54  0.97579598635336984     
          53          55  0.97931542827995810     
          12          56   1.0296332138019264     
          56          57  0.98050827745990943     
          56          58  0.97240343675998642     
          56          59  0.97340177259288074     
          11          60   1.0293146719502677     
          60          61  0.98051390074055078     
          60          62  0.97294517048198215     
          60          63  0.97329913975240534     
          64          65  0.97114590242434218     
          64          66  0.97094644589474810     
          64          67  0.98192622621466907     
          68          69  0.94130125704178036     
          64          70   1.0317152408260355     
          68          70   1.1883479256912872     
          68          71   1.2630971145079584     
          70          71  0.11250481391457974     
          71          72  0.95472860823129224     
           1          73  0.49506672911157124     
          71          73   1.4804126239722599     
          70          74   1.5594060906429486     
          73          74   1.2480354707633456     
          74          75  0.95984144521920900     
          76          77  0.98017527140575056     
          76          78  0.97712011583420100     
          76          79  0.98636189477435776     
          76          80   1.0260800601409965     
          80          81  0.96969529932846188     
          80          82  0.97327373167926423     
           1          83  0.40133500523907584     
          80          83  0.96123103513071384     
          83          84  0.99513241383803008     
          84          85  0.97887462221484667     
          84          86  0.98123377255728350     
          84          87  0.97414524318414908     
