    0.43106657
   -0.22297348
   -0.21962768
   -0.21865557
   -0.22076030
    0.05095681
   -0.03182114
   -0.03056475
    0.05182212
    0.05288043
   -0.02971714
   -0.02941505
    0.05364290
    0.05657906
   -0.03224213
   -0.02372962
    0.05296699
    0.05476890
   -0.03533675
   -0.02273961
    0.05236636
   -0.07162618
    0.03282274
   -0.07149335
    0.03545273
   -0.07020006
    0.03379379
   -0.07314559
    0.03011049
   -0.09771960
    0.03422021
    0.03531013
    0.03365260
   -0.09824779
    0.03778221
    0.03327498
    0.03361074
   -0.09948885
    0.03587899
    0.03380601
    0.04157410
   -0.02752222
    0.02266637
   -0.09738809
    0.03327594
    0.02204670
   -0.09888863
    0.03605212
    0.03326078
    0.04118777
   -0.02686577
    0.02366416
   -0.09664199
    0.03423871
    0.02246101
   -0.09836662
    0.03398622
    0.03772428
    0.03472414
   -0.09842569
    0.03417755
    0.03320833
    0.03815759
   -0.11716118
    0.05597434
    0.05627763
    0.06342300
   -0.08453663
    0.17384165
    0.03798810
    0.07434803
    0.06931359
   -0.12974487
   -0.00159172
    0.06589654
   -0.10850132
    0.04596412
    0.05832483
    0.04854097
   -0.02007904
    0.05470487
    0.05076353
   -0.06067874
   -0.07227786
    0.06243042
    0.05878160
    0.07243027
