    0.44066744
   -0.23165934
   -0.20272527
   -0.20735262
   -0.23523947
    0.04491050
   -0.03370176
   -0.03083085
    0.05011539
    0.05445272
   -0.01964646
   -0.03075257
    0.05899098
    0.05589599
   -0.02004237
   -0.03141431
    0.05558843
    0.04815644
   -0.03126110
   -0.03395067
    0.04529093
   -0.08006154
    0.03201628
   -0.06842757
    0.03683367
   -0.06531227
    0.03737228
   -0.07084135
    0.03557763
   -0.09897928
    0.03360872
    0.03634636
    0.03575915
   -0.09798626
    0.03310407
    0.03487317
    0.03361181
   -0.10079053
    0.03693839
    0.03598089
    0.04357059
   -0.02685591
    0.02700789
   -0.09736828
    0.03397600
    0.02321027
   -0.10093066
    0.03499492
    0.03990386
    0.04256563
   -0.02680818
    0.02394300
   -0.09688778
    0.02289199
    0.03578620
   -0.09875232
    0.03557288
    0.03646709
    0.03346065
   -0.09795550
    0.03309611
    0.03357057
    0.03468493
   -0.48037971
    0.32151106
    0.32124631
   -0.11804091
    0.05679565
    0.05658669
    0.06412459
   -0.08442300
    0.17414510
    0.03873425
    0.07282047
    0.06964096
   -0.13152343
   -0.00319136
    0.06769372
