    0.41973353
   -0.22399424
   -0.21153338
   -0.21945908
   -0.23308930
    0.04927915
   -0.03325177
   -0.03041488
    0.05310549
    0.05656309
   -0.01948318
   -0.03067038
    0.05901121
    0.05508759
   -0.02053660
   -0.03212081
    0.05494817
    0.05039214
   -0.03092358
   -0.03426623
    0.04792561
   -0.07860990
    0.03016709
   -0.06701146
    0.03591750
   -0.06729784
    0.03563991
   -0.07213775
    0.03341115
   -0.09824074
    0.03341314
    0.03662843
    0.03509310
   -0.09747513
    0.03297033
    0.03465686
    0.03349019
   -0.10021422
    0.03452467
    0.03906634
    0.04244330
   -0.02647194
    0.02414557
   -0.09595375
    0.03580160
    0.02351438
   -0.10031468
    0.03675424
    0.03719422
    0.04280505
   -0.02656533
    0.02391933
   -0.09661783
    0.03455459
    0.02293434
   -0.09778999
    0.03570171
    0.03526688
    0.03304783
   -0.09704871
    0.03258366
    0.03325946
    0.03402259
   -0.11741597
    0.05656047
    0.05623986
    0.06367931
   -0.08483331
    0.17397561
    0.03850519
    0.07368931
    0.06967462
   -0.12882950
   -0.00245602
    0.06745346
   -0.06983705
    0.07396432
    0.06647651
    0.07170002
   -0.12146852
    0.16544088
