           1           2  0.57730295452201774     
           1           3  0.57990421883847265     
           1           4  0.57404071394527356     
           1           5  0.57168466263109330     
           2           6   1.2499661520816070     
           6           7   1.1327139736063168     
           7           8   1.6036520585938163     
           2           9   1.2467965064927722     
           8           9   1.1314501625026681     
           3          10   1.2460346407044214     
          10          11   1.1492427953881021     
          11          12   1.5394126207446608     
           3          13   1.2574048198902907     
          12          13   1.1116595495205168     
           4          14   1.2404357276608340     
          14          15   1.1544169102696897     
          15          16   1.5329953912088876     
           4          17   1.2589178587914458     
          16          17   1.1160988598731509     
           5          18   1.2480381205683961     
          18          19   1.1350974477610409     
          19          20   1.5996688300115907     
           5          21   1.2442354524584816     
          20          21   1.1358664848994302     
           6          22   1.3525726422031159     
          21          22   1.3535389908575701     
          22          23  0.96254762877853195     
           9          24   1.3644913902689613     
          10          24   1.3472653382828139     
          24          25  0.96063017372393567     
          13          26   1.3630499491801524     
          14          26   1.3458064369411742     
          26          27  0.95853604833752248     
          17          28   1.3561844103844805     
          18          28   1.3567574461732459     
          28          29  0.96017889637790987     
           8          30   1.0295564135542759     
          30          31  0.98046472720826461     
          30          32  0.97309885372369931     
          30          33  0.97268976937887452     
           7          34   1.0287556824420216     
          34          35  0.97337789109691464     
          34          36  0.97343521701628510     
          34          37  0.98047710261999121     
          11          38   1.0333418650021871     
          38          39  0.97626444308613969     
          38          40  0.96741277741891785     
          38          41  0.97747956564508942     
          12          42   1.1035798664680410     
          42          43  0.95836009930754185     
          42          44   1.8880987084905527     
          44          45  0.97570566689620386     
          44          46  0.97927371080496284     
          15          47   1.0333783545794815     
          47          48  0.96764880583879775     
          47          49  0.97586450198121477     
          47          50  0.97733975674546014     
          16          51   1.1042035681676470     
          51          52  0.95850362275995127     
          51          53   1.8872740063158373     
          53          54  0.97577410428552303     
          53          55  0.97932424900907333     
          19          56   1.0294911785863410     
          56          57  0.97294846115540512     
          56          58  0.97283339675779423     
          56          59  0.98047827139820554     
          20          60   1.0286258631425291     
          60          61  0.97359785091266038     
          60          62  0.98049856380036526     
          60          63  0.97333645111387279     
          64          65  0.97089313836031033     
          64          66  0.97110403335957995     
          64          67  0.98188696708473022     
          68          69  0.94128073584623184     
          64          70   1.0317113075344901     
          68          70   1.1883106146802767     
          68          71   1.2624064165769280     
          70          71  0.11226062629678299     
          71          72  0.95336035834084831     
           1          73  0.50406595735549009     
          71          73   1.4792740016365151     
          70          74   1.5601701788096771     
          73          74   1.2455444986239823     
          74          75  0.95827712658354758     
          76          77  0.97539561406966224     
          76          78  0.98225065006065093     
          76          79  0.97970180986062816     
           1          80  0.37497733535438127     
          76          80  0.99728380018820884     
          80          81  0.94702748529129366     
