    0.44053733
   -0.20949992
   -0.21171004
   -0.22816534
   -0.22710541
    0.05324355
   -0.02876095
   -0.02969949
    0.05297922
    0.05300752
   -0.02144378
   -0.03191076
    0.05513522
    0.04967017
   -0.02246955
   -0.03479554
    0.05165241
    0.04781535
   -0.03242576
   -0.03039313
    0.05057019
   -0.06925290
    0.03681396
   -0.06937270
    0.03703936
   -0.07003643
    0.03560487
   -0.07611928
    0.03257870
   -0.09896075
    0.03458982
    0.03899866
    0.03309711
   -0.09906554
    0.03512159
    0.03771315
    0.03440154
   -0.10064663
    0.03287546
    0.03996885
    0.04214048
   -0.02691372
    0.02366575
   -0.09680348
    0.03572627
    0.02312606
   -0.10025244
    0.03469468
    0.03732250
    0.04210440
   -0.02768278
    0.02349927
   -0.09723632
    0.03432273
    0.02260626
   -0.09824056
    0.03491067
    0.03528104
    0.03366907
   -0.09900278
    0.03574411
    0.03389964
    0.03605222
   -0.48033924
    0.32121156
    0.32146792
   -0.11775706
    0.05634879
    0.05675241
    0.06368414
   -0.08388757
    0.17432268
    0.03829657
    0.07265555
    0.07002606
   -0.13138001
   -0.00291452
    0.06729955
