           1           2  0.59849714553014288     
           1           3  0.59474356185473209     
           1           4  0.58406261191538689     
           1           5  0.58704430517533834     
           2           6   1.2530865646223006     
           6           7   1.1271155777378739     
           7           8   1.6092321855566860     
           2           9   1.2451735445042149     
           8           9   1.1268722401296138     
           3          10   1.2435403008198966     
          10          11   1.1537353469609233     
          11          12   1.5344963538381502     
           3          13   1.2542966424350310     
          12          13   1.1138807107974180     
           4          14   1.2349106506593754     
          14          15   1.1607352565073850     
          15          16   1.5263449736169385     
           4          17   1.2535664445138570     
          16          17   1.1214467668048553     
           5          18   1.2429288454153511     
          18          19   1.1347690754462252     
          19          20   1.5997291074253741     
           5          21   1.2449766745784951     
          20          21   1.1355501593473154     
           6          22   1.3575213844965670     
          21          22   1.3583885973250349     
          22          23  0.96200659918552633     
           9          24   1.3678387809015773     
          10          24   1.3426578463190524     
          24          25  0.96049746422231275     
          13          26   1.3652138627917414     
          14          26   1.3467191011595996     
          26          27  0.95853357341191858     
          17          28   1.3535128168536315     
          18          28   1.3580606556156047     
          28          29  0.96011722933559218     
           8          30   1.0294223453873201     
          30          31  0.98042085801839940     
          30          32  0.97279877947727877     
          30          33  0.97327542379919940     
           7          34   1.0296020252623503     
          34          35  0.97327371502638993     
          34          36  0.97261258656957694     
          34          37  0.98043570369923683     
          11          38   1.0330276970711321     
          38          39  0.97650909792567608     
          38          40  0.96741387925010391     
          38          41  0.97748767704157458     
          12          42   1.1045199694094907     
          42          43  0.95833273371814487     
          42          44   1.8868992359616295     
          44          45  0.97568297746154964     
          44          46  0.97930901122136127     
          15          47   1.0330051733927819     
          47          48  0.97623594906092725     
          47          49  0.96765900613279465     
          47          50  0.97755160918614115     
          16          51   1.1039657583563969     
          51          52  0.95841477064565139     
          51          53   1.8872666018397735     
          53          54  0.97579009161880970     
          53          55  0.97933615563409981     
          19          56   1.0291620321856192     
          56          57  0.97282823136461527     
          56          58  0.97341890013630905     
          56          59  0.98044199232596674     
          20          60   1.0293944247158326     
          60          61  0.97316095112989576     
          60          62  0.98049542381415933     
          60          63  0.97282843070200098     
           1          64  0.26279675793180995     
          64          65  0.88462874607735742     
          64          66  0.88381271849169840     
          67          68  0.97108651084802589     
          67          69  0.97086659379753582     
          67          70  0.98189368467641924     
          71          72  0.94117051405503793     
          67          73   1.0317561344610295     
          71          73   1.1886711117301179     
          71          74   1.2625044250006507     
          73          74  0.11242538144176227     
          74          75  0.95292521853616563     
           1          76  0.50917880520347258     
          74          76   1.4787162193396268     
          73          77   1.5596155801577858     
          76          77   1.2468874645413268     
          77          78  0.95967154512588748     
