           1           2  0.58553607572558408     
           1           3  0.58376495684262142     
           1           4  0.59619908816602707     
           1           5  0.59777165288153533     
           2           6   1.2471941617409090     
           6           7   1.1372892380235322     
           7           8   1.5980289584280463     
           2           9   1.2372732581819297     
           8           9   1.1362437362914652     
           3          10   1.2351171970375627     
          10          11   1.1626396819317866     
          11          12   1.5245560837243637     
           3          13   1.2503157642628704     
          12          13   1.1227170817993630     
           4          14   1.2398191662951785     
          14          15   1.1500049132959289     
          15          16   1.5373028767775405     
           4          17   1.2617537084103116     
          16          17   1.1129953068512279     
           5          18   1.2508159670099055     
          18          19   1.1259694818874999     
          19          20   1.6101104160321102     
           5          21   1.2497902622797028     
          20          21   1.1261717503905604     
           6          22   1.3536468451244128     
          21          22   1.3622923033419641     
          22          23  0.96200774564330738     
           9          24   1.3652871706342256     
          10          24   1.3414072408209805     
          24          25  0.96078911779030574     
          13          26   1.3604967074698349     
          14          26   1.3516955950533525     
          26          27  0.95858828027549681     
          17          28   1.3543810579629829     
          18          28   1.3603469410379059     
          28          29  0.96004727562880132     
           8          30   1.0287489693843614     
          30          31  0.98044356143754907     
          30          32  0.97324330317394403     
          30          33  0.97353767527249779     
           7          34   1.0293754465200373     
          34          35  0.97286813125103044     
          34          36  0.97307562420244131     
          34          37  0.98049450800630000     
          11          38   1.0322729188965092     
          38          39  0.97667321051999956     
          38          40  0.96825196894287258     
          38          41  0.97736261744023878     
          12          42   1.1047348757650852     
          42          43  0.95833735100175554     
          42          44   1.8866101120465228     
          44          45  0.97579884870845102     
          44          46  0.97933102048424092     
          15          47   1.0332690114040184     
          47          48  0.97598739589929351     
          47          49  0.96775902638716049     
          47          50  0.97750566527403537     
          16          51   1.1035357025501984     
          51          52  0.95825988067171453     
          51          53   1.8879771791153348     
          53          54  0.97579511191373403     
          53          55  0.97928919206609844     
          19          56   1.0298938330512184     
          56          57  0.97250635158885224     
          56          58  0.97294078789838834     
          56          59  0.98042455327211020     
          20          60   1.0295512153548911     
          60          61  0.98042740149749319     
          60          62  0.97317864791044217     
          60          63  0.97282664959237908     
           1          64  0.26218866470415086     
          64          65  0.88380848604078455     
          64          66  0.88413350045570693     
          67          68  0.97103548181945643     
          67          69  0.97087786105187512     
          67          70  0.98183610077050043     
          71          72  0.94121329346449045     
          67          73   1.0317192149635386     
          71          73   1.1887850088689795     
          71          74   1.2620926657423877     
          73          74  0.11199542911204935     
          74          75  0.95482285828466473     
           1          76  0.50928959805276508     
          74          76   1.4799049109168301     
          73          77   1.5602954578699326     
          76          77   1.2457974365188349     
          77          78  0.95768113922730369     
