    0.44069873
   -0.23351588
   -0.23297011
   -0.20513432
   -0.20571606
    0.04918955
   -0.03099093
   -0.03401465
    0.04502594
    0.04555699
   -0.02560164
   -0.03359223
    0.05238977
    0.05371615
   -0.01999855
   -0.03083228
    0.05896204
    0.05587431
   -0.02810769
   -0.02862774
    0.05346343
   -0.07008868
    0.03658654
   -0.07955038
    0.03183271
   -0.06919734
    0.03593473
   -0.06572828
    0.03760798
   -0.09795741
    0.03361906
    0.03345108
    0.03446801
   -0.09896399
    0.03628091
    0.03559455
    0.03351465
   -0.09964684
    0.03366133
    0.03463912
    0.04201511
   -0.02743857
    0.02479778
   -0.09697988
    0.03342017
    0.02301583
   -0.10050688
    0.03562076
    0.03739778
    0.04346946
   -0.02678452
    0.02678243
   -0.09731289
    0.03411000
    0.02317643
   -0.09930931
    0.03873023
    0.03580992
    0.03459164
   -0.09901938
    0.03476531
    0.03533168
    0.03697506
   -0.48074992
    0.32133354
    0.32127530
   -0.11804119
    0.05686653
    0.05658273
    0.06403545
   -0.08433109
    0.17430467
    0.03873948
    0.07304464
    0.06958116
   -0.13165547
   -0.00323898
    0.06776242
