    0.44090164
   -0.21148389
   -0.20350390
   -0.22710705
   -0.23502581
    0.05005734
   -0.03072447
   -0.02813115
    0.05501864
    0.05630957
   -0.01881604
   -0.03168463
    0.05665669
    0.05032673
   -0.02305573
   -0.03380976
    0.05172211
    0.04799649
   -0.03190710
   -0.03331189
    0.04580451
   -0.07608462
    0.03423668
   -0.06427235
    0.03892850
   -0.07032227
    0.03504092
   -0.07381905
    0.03380308
   -0.09944050
    0.03441269
    0.03850662
    0.03575387
   -0.09849722
    0.03319925
    0.03704466
    0.03445510
   -0.10119107
    0.03722886
    0.03712875
    0.04360981
   -0.02668338
    0.02503194
   -0.09741314
    0.03420638
    0.02301641
   -0.10040270
    0.03713984
    0.03510223
    0.04214180
   -0.02744830
    0.02352248
   -0.09701644
    0.03449374
    0.02254759
   -0.09839956
    0.03574221
    0.03525154
    0.03340340
   -0.09834950
    0.03330116
    0.03367465
    0.03572383
   -0.48069575
    0.32129938
    0.32147953
   -0.11794096
    0.05694750
    0.05637090
    0.06405090
   -0.08418285
    0.17419845
    0.03860367
    0.07265451
    0.06974106
   -0.13161158
   -0.00307122
    0.06761627
