           1           2  0.59726368419901876     
           1           3  0.59839510105190885     
           1           4  0.58427724826158889     
           1           5  0.58396092972899172     
           2           6   1.2508956996277190     
           6           7   1.1281446808527062     
           7           8   1.6082891984873835     
           2           9   1.2463846391807492     
           8           9   1.1274611438460775     
           3          10   1.2458632390266204     
          10          11   1.1500272881033895     
          11          12   1.5377849751161621     
           3          13   1.2547709640319529     
          12          13   1.1111230845081883     
           4          14   1.2350499081930280     
          14          15   1.1606878929338671     
          15          16   1.5261381404059087     
           4          17   1.2538887693303546     
          16          17   1.1212656119811852     
           5          18   1.2426429655452820     
          18          19   1.1375268357406632     
          19          20   1.5963775593473140     
           5          21   1.2423241914047054     
          20          21   1.1384933883305806     
           6          22   1.3567543596598575     
          21          22   1.3554505068434970     
          22          23  0.96222034864325745     
           9          24   1.3678888987991698     
          10          24   1.3457052467475212     
          24          25  0.96043656253809717     
          13          26   1.3653030012622975     
          14          26   1.3444092166209125     
          26          27  0.95870077783674290     
          17          28   1.3555592850235740     
          18          28   1.3586475896850261     
          28          29  0.96005101046627950     
           8          30   1.0298365713744251     
          30          31  0.98042909404311640     
          30          32  0.97226782215921903     
          30          33  0.97327344954708139     
           7          34   1.0291320491695066     
          34          35  0.97335698506226143     
          34          36  0.97311780815030813     
          34          37  0.98042716095675608     
          11          38   1.0334453266372321     
          38          39  0.96769859892764076     
          38          40  0.97581269269646920     
          38          41  0.97740495040154129     
          12          42   1.1043964798658261     
          42          43  0.95840540556094556     
          42          44   1.8868175495050656     
          44          45  0.97582092052132630     
          44          46  0.97932424313662814     
          15          47   1.0330225376505680     
          47          48  0.96765501484444094     
          47          49  0.97622438968373104     
          47          50  0.97739900230830445     
          16          51   1.1045867284304682     
          51          52  0.95852186203741063     
          51          53   1.8866115255311455     
          53          54  0.97575514028159738     
          53          55  0.97934545993268851     
          19          56   1.0293349581095488     
          56          57  0.97308691472140585     
          56          58  0.97290967258145433     
          56          59  0.98046460619949571     
          20          60   1.0288488133544973     
          60          61  0.97329153177267425     
          60          62  0.98049290240037124     
          60          63  0.97334143036795573     
           1          64  0.26239181551397095     
          64          65  0.88400606000220894     
          64          66  0.88383024917081376     
          67          68  0.97064243746252066     
          67          69  0.97127002456076195     
          67          70  0.98182512275207290     
          71          72  0.94123465579269294     
          67          73   1.0317611596257521     
          71          73   1.1886947876012040     
          71          74   1.2621246588067674     
          73          74  0.11220495021199223     
          74          75  0.95399606700111195     
           1          76  0.51010651408274921     
          74          76   1.4789674726229542     
          73          77   1.5600351619663937     
          76          77   1.2461397069658180     
          77          78  0.95845868295398284     
