           1           2  0.58525121155831705     
           1           3  0.58393591882030327     
           1           4  0.59636093680835767     
           1           5  0.59762434410779230     
           2           6   1.2471613158387260     
           6           7   1.1373480682141774     
           7           8   1.5979546377145204     
           2           9   1.2373033809103056     
           8           9   1.1363277915621177     
           3          10   1.2350843568657184     
          10          11   1.1626056967549769     
          11          12   1.5245032904369789     
           3          13   1.2503980720704304     
          12          13   1.1226801660552101     
           4          14   1.2398909119647890     
          14          15   1.1498558443254669     
          15          16   1.5374320841317539     
           4          17   1.2618402512336584     
          16          17   1.1128452747385036     
           5          18   1.2507510975732088     
          18          19   1.1260957511909191     
          19          20   1.6099750378364859     
           5          21   1.2497029403082602     
          20          21   1.1262816208331927     
           6          22   1.3536222272528275     
          21          22   1.3622623317963642     
          22          23  0.96201255777294770     
           9          24   1.3652570227717136     
          10          24   1.3414246447028413     
          24          25  0.96077745571677375     
          13          26   1.3604671768912062     
          14          26   1.3517863963742900     
          26          27  0.95858008879485102     
          17          28   1.3544189978680210     
          18          28   1.3602812511582036     
          28          29  0.96003401119014953     
           8          30   1.0287505441148366     
          30          31  0.97343987979033941     
          30          32  0.98044593096852317     
          30          33  0.97333536273321097     
           7          34   1.0293648533312567     
          34          35  0.97281664151213276     
          34          36  0.97314225571683000     
          34          37  0.98049264235908762     
          11          38   1.0322808757399060     
          38          39  0.97672175263639882     
          38          40  0.96823203879509157     
          38          41  0.97730409172813437     
          12          42   1.1048884538931538     
          42          43  0.95836068329264157     
          42          44   1.8864541015909611     
          44          45  0.97579170544481197     
          44          46  0.97933395185021377     
          15          47   1.0332870345164147     
          47          48  0.97594605600357831     
          47          49  0.96775984139372739     
          47          50  0.97750852117490805     
          16          51   1.1035762290222872     
          51          52  0.95824628370395959     
          51          53   1.8879363087474106     
          53          54  0.97578876875035636     
          53          55  0.97929019707293896     
          19          56   1.0298926586297479     
          56          57  0.97247721394076003     
          56          58  0.97296898134878484     
          56          59  0.98042307143121110     
          20          60   1.0295425378738854     
          60          61  0.98042514843527251     
          60          62  0.97318344850144867     
          60          63  0.97283090615915424     
           1          64  0.26212924257665188     
          64          65  0.88384923760920386     
          64          66  0.88407102103447688     
          67          68  0.97095694783289144     
          67          69  0.97095691796992845     
          67          70  0.98183782580439338     
          71          72  0.94121458673166758     
          67          73   1.0317173377986675     
          71          73   1.1887751050476800     
          71          74   1.2620884493457036     
          73          74  0.11199364405081885     
          74          75  0.95480211015157812     
           1          76  0.50947845666112723     
          74          76   1.4798468522074328     
          73          77   1.5603086428834276     
          76          77   1.2457519372813668     
          77          78  0.95764442832126628     
