    0.44066872
   -0.23346819
   -0.23300126
   -0.20518251
   -0.20567230
    0.04923599
   -0.03097654
   -0.03401133
    0.04503551
    0.04556430
   -0.02560298
   -0.03360485
    0.05233574
    0.05368863
   -0.01999369
   -0.03081378
    0.05897435
    0.05586448
   -0.02812553
   -0.02861361
    0.05350674
   -0.07004182
    0.03659259
   -0.07954518
    0.03182450
   -0.06925035
    0.03594363
   -0.06574194
    0.03760406
   -0.09795650
    0.03361936
    0.03343710
    0.03448119
   -0.09896457
    0.03630643
    0.03558268
    0.03351487
   -0.09965371
    0.03366474
    0.03464507
    0.04201159
   -0.02744516
    0.02478251
   -0.09696569
    0.03343757
    0.02302168
   -0.10051116
    0.03560714
    0.03741791
    0.04347386
   -0.02678943
    0.02677177
   -0.09731506
    0.03412146
    0.02317080
   -0.09930283
    0.03873959
    0.03577926
    0.03458973
   -0.09902367
    0.03476431
    0.03531913
    0.03700629
   -0.48077590
    0.32136148
    0.32124489
   -0.11803854
    0.05701025
    0.05643897
    0.06402214
   -0.08433011
    0.17430134
    0.03873544
    0.07302153
    0.06960170
   -0.13164308
   -0.00325401
    0.06777222
