    0.46519345
   -0.21895933
   -0.22876950
   -0.24439383
   -0.23611966
    0.05508786
   -0.02779987
   -0.02817149
    0.05608787
    0.05513088
   -0.02076089
   -0.03144778
    0.05402109
    0.04846961
   -0.02195860
   -0.03153201
    0.05426229
    0.05174069
   -0.02825613
   -0.02769955
    0.05440635
   -0.06802063
    0.03950407
   -0.06796328
    0.03809729
   -0.07439693
    0.03562220
   -0.07226989
    0.03751305
   -0.10007904
    0.03606153
    0.03940156
    0.03627917
   -0.09998668
    0.03717999
    0.03874890
    0.03593534
   -0.10137178
    0.03708452
    0.03795500
    0.04414172
   -0.02768513
    0.02634664
   -0.09559664
    0.03544690
    0.02531001
   -0.10097106
    0.03603636
    0.03854521
    0.04396094
   -0.02775838
    0.02732258
   -0.09542596
    0.03587152
    0.02565301
   -0.09986373
    0.03955364
    0.03658009
    0.03607024
   -0.10013875
    0.03910992
    0.03616547
    0.03734241
   -0.47988252
    0.32465836
    0.32523983
   -0.07612691
    0.07110923
    0.07458152
    0.07584823
   -0.11065619
    0.16538561
