           1           2  0.58233906414629799     
           1           3  0.57666159602139377     
           1           4  0.56662201326089889     
           1           5  0.57339316548060659     
           2           6   1.2544273820274801     
           6           7   1.1267265096528065     
           7           8   1.6098056995008023     
           2           9   1.2460050259426863     
           8           9   1.1263510100199510     
           3          10   1.2412328594455164     
          10          11   1.1536125935862809     
          11          12   1.5356418375712424     
           3          13   1.2530362043228074     
          12          13   1.1163937785203248     
           4          14   1.2325450421423099     
          14          15   1.1596174361705280     
          15          16   1.5290473960191571     
           4          17   1.2524666671802560     
          16          17   1.1230514251752899     
           5          18   1.2446976573120601     
          18          19   1.1312483973247518     
          19          20   1.6040686990311275     
           5          21   1.2455399317921396     
          20          21   1.1318462733371544     
           6          22   1.3575240593086642     
          21          22   1.3618736001472869     
          22          23  0.96164047438645417     
           9          24   1.3686453355053438     
          10          24   1.3448307923163250     
          24          25  0.96045494383731522     
          13          26   1.3639518819922463     
          14          26   1.3490442438625863     
          26          27  0.95856686091209631     
          17          28   1.3557199755160207     
          18          28   1.3623056738782531     
          28          29  0.95964939740486954     
           8          30   1.0302668920229454     
          30          31  0.98025869338004701     
          30          32  0.97219353001404341     
          30          33  0.97273122401373247     
           7          34   1.0303350370312772     
          34          35  0.97294036742103363     
          34          36  0.97192014551702510     
          34          37  0.98026167761354577     
          11          38   1.0336513183707956     
          38          39  0.96743980712726618     
          38          40  0.97571678332591183     
          38          41  0.97728719776338813     
          12          42   1.1017884150774118     
          42          43  0.95810658950951944     
          42          44   1.8903569839448131     
          44          45  0.97572056414510178     
          44          46  0.97917345559488123     
          15          47   1.0335928584645329     
          47          48  0.97610592039696820     
          47          49  0.96717737356296840     
          47          50  0.97721917596249774     
          16          51   1.1012945106698186     
          51          52  0.95802450375439552     
          51          53   1.8911821348296083     
          53          54  0.97565085382256145     
          53          55  0.97914286689252417     
          19          56   1.0303531278788456     
          56          57  0.97159965752245303     
          56          58  0.97312108128460684     
          56          59  0.98021946104869562     
          20          60   1.0303629511152663     
          60          61  0.97232908194217993     
          60          62  0.98028359518384334     
          60          63  0.97244295830031124     
           1          64  0.27396498972005523     
          64          65  0.87959625076106474     
          64          66  0.87973792526147032     
          67          68  0.98106974822963400     
          67          69  0.97861258203447399     
          67          70  0.97430769625681646     
           1          71  0.44076648205094648     
          67          71  0.99298536146639760     
          71          72  0.94235016595914312     
