           1           2  0.57721760362963415     
           1           3  0.57344990946376595     
           1           4  0.57665204000279457     
           1           5  0.58231224127974124     
           2           6   1.2542254811970994     
           6           7   1.1271727740543651     
           7           8   1.6032137547786396     
           2           9   1.2477650450704070     
           8           9   1.1285814115704664     
           3          10   1.2482425028717605     
          10          11   1.1506278422447482     
          11          12   1.5353970472284337     
           3          13   1.2566044913248289     
          12          13   1.1144051244972568     
           4          14   1.2380129233890615     
          14          15   1.1508649457024418     
          15          16   1.5334328835283317     
           4          17   1.2631319215717354     
          16          17   1.1178181846092929     
           5          18   1.2508474896349280     
          18          19   1.1304059035055554     
          19          20   1.6013221936425375     
           5          21   1.2467960615003084     
          20          21   1.1293968649687638     
           6          22   1.3539627312136693     
          21          22   1.3578951449491889     
          22          23  0.96118501274487311     
           9          24   1.3673202643469464     
          10          24   1.3457406152599114     
          24          25  0.95937205886825261     
          13          26   1.3595372060959765     
          14          26   1.3488310455892067     
          26          27  0.95817025060225525     
          17          28   1.3537842326983840     
          18          28   1.3606911386790097     
          28          29  0.95905292593312808     
           8          30   1.0315410686043398     
          30          31  0.97042546503782923     
          30          32  0.97989957761280733     
          30          33  0.97281836614707085     
           7          34   1.0319850029132438     
          34          35  0.97023319627054372     
          34          36  0.97251359374577462     
          34          37  0.97992128172359316     
          11          38   1.0348646713313372     
          38          39  0.97447216242664803     
          38          40  0.96721693596773362     
          38          41  0.97669243259157579     
          12          42   1.1012270975613292     
          42          43  0.95753485433257512     
          42          44   1.8924324599566666     
          44          45  0.97889719471977621     
          44          46  0.97549802326534851     
          15          47   1.0354857038251428     
          47          48  0.97669228189846380     
          47          49  0.97467432776073126     
          47          50  0.96627935784470387     
          16          51   1.1007915746654966     
          51          52  0.95771271345280862     
          51          53   1.8925324939079649     
          53          54  0.97547582974587199     
          53          55  0.97891489950306099     
          19          56   1.0314722081038732     
          56          57  0.97104657126067373     
          56          58  0.97232717903591181     
          56          59  0.97984573858383084     
          20          60   1.0318719863258277     
          60          61  0.97987269826655909     
          60          62  0.97222185318504772     
          60          63  0.97068462516948417     
           1          64   1.1715873754695054     
           1          65  0.67776743792034189     
          64          65   1.1823892968717851     
          66          67  0.97052826728986852     
          66          68  0.97031819981376999     
          66          69  0.98166265723559687     
          70          71  0.94024867798690293     
          66          72   1.0325576130126308     
          70          72   1.1873406356710183     
          70          73   1.2755573169286458     
          72          73  0.11154537187811399     
          73          74  0.95912891615639206     
           1          75  0.32305289613596366     
          73          75   1.5232899357032457     
          72          76   1.5618268365770123     
          75          76   1.2717778967623528     
          76          77  0.96540944915323645     
