           1           2  0.57776571510744701     
           1           3  0.57008117241799527     
           1           4  0.56924638179858356     
           1           5  0.58381461169125715     
           2           6   1.2502559700754441     
           6           7   1.1301667008650591     
           7           8   1.6062203043290864     
           2           9   1.2428205022379790     
           8           9   1.1294538055198682     
           3          10   1.2375626738009624     
          10          11   1.1610600441631016     
          11          12   1.5330096105080200     
           3          13   1.2453655390434546     
          12          13   1.1223273553585977     
           4          14   1.2366294920305820     
          14          15   1.1550795456707401     
          15          16   1.5388096981073494     
           4          17   1.2544228579254317     
          16          17   1.1194706504468219     
           5          18   1.2479572139259765     
          18          19   1.1271703395200436     
          19          20   1.6088278206089701     
           5          21   1.2505174689603609     
          20          21   1.1277273541352384     
           6          22   1.3557196360834725     
          21          22   1.3600561820676862     
          22          23  0.96188801679372227     
           9          24   1.3689175537396698     
          10          24   1.3427266343890947     
          24          25  0.96192386938932439     
          13          26   1.3628556911447083     
          14          26   1.3506566955441073     
          26          27  0.95800023267421197     
          17          28   1.3554946232005054     
          18          28   1.3636279581115425     
          28          29  0.95797246865472307     
           8          30   1.0299841505753160     
          30          31  0.98029484586411053     
          30          32  0.97170648044707630     
          30          33  0.97361965602587786     
           7          34   1.0301169858182380     
          34          35  0.97296822130420646     
          34          36  0.97207008577093812     
          34          37  0.98035720273280269     
          11          38   1.0317999719468600     
          38          39  0.97310056336190964     
          38          40  0.96989955431390074     
          38          41  0.98200966026328707     
          12          42   1.0956750741368455     
          42          43  0.95758242520826675     
          42          44   1.8970162049636445     
          44          45  0.97520884934184915     
          44          46  0.97897284803608842     
          15          47   1.0323682485636474     
          47          48  0.96940796320237188     
          47          49  0.97267594872047936     
          47          50  0.98213189581781590     
          16          51   1.0947404043216649     
          51          52  0.95775525378081861     
          51          53   1.8984361332854480     
          53          54  0.97892497155244695     
          53          55  0.97496202484944794     
          19          56   1.0305455556048595     
          56          57  0.97205041696798422     
          56          58  0.97245262400251986     
          56          59  0.98030950095871083     
          20          60   1.0301795781157628     
          60          61  0.98032261843316904     
          60          62  0.97279328552821076     
          60          63  0.97230076920255870     
           1          64  0.27230472324649069     
          64          65  0.88009563401773083     
          64          66  0.87911683275096641     
          67          68  0.98113700248494318     
          67          69  0.97860669827496238     
          67          70  0.97398751611050050     
           1          71  0.44218657360887847     
          67          71  0.99288376107743337     
          71          72  0.94211172021624978     
