    0.41982214
   -0.22394064
   -0.21149893
   -0.21968521
   -0.23299079
    0.04931515
   -0.03324554
   -0.03037426
    0.05317041
    0.05658599
   -0.01944735
   -0.03069513
    0.05898686
    0.05502631
   -0.02055987
   -0.03218289
    0.05486019
    0.05044524
   -0.03093301
   -0.03429561
    0.04789710
   -0.07853688
    0.03022162
   -0.06693675
    0.03595961
   -0.06734386
    0.03562440
   -0.07215546
    0.03338853
   -0.09824812
    0.03342265
    0.03669142
    0.03508335
   -0.09747511
    0.03298271
    0.03466696
    0.03349504
   -0.10022698
    0.03452740
    0.03911442
    0.04245880
   -0.02648939
    0.02413541
   -0.09597134
    0.03581748
    0.02350581
   -0.10031976
    0.03676319
    0.03718565
    0.04280889
   -0.02660337
    0.02387204
   -0.09662876
    0.03457339
    0.02292073
   -0.09778498
    0.03571488
    0.03526111
    0.03303953
   -0.09705924
    0.03258716
    0.03326673
    0.03402371
   -0.11741705
    0.05655647
    0.05624107
    0.06368127
   -0.08483567
    0.17397306
    0.03850444
    0.07365432
    0.06968957
   -0.12879697
   -0.00248240
    0.06747128
   -0.06980733
    0.07397674
    0.06646913
    0.07168687
   -0.12160076
    0.16544320
