           1           2  0.58482169268756889     
           1           3  0.58200827234127650     
           1           4  0.59826074763034109     
           1           5  0.59714250745481356     
           2           6   1.2471901724600212     
           6           7   1.1373346883914379     
           7           8   1.5979852890388320     
           2           9   1.2366837175356338     
           8           9   1.1362971493660301     
           3          10   1.2369683087703440     
          10          11   1.1629153293717827     
          11          12   1.5303474533818353     
           3          13   1.2490225673312423     
          12          13   1.1237351155793185     
           4          14   1.2382201855193773     
          14          15   1.1499427748934914     
          15          16   1.5369591566180327     
           4          17   1.2622155207868044     
          16          17   1.1128157368816796     
           5          18   1.2505577864261936     
          18          19   1.1261652597854666     
          19          20   1.6099719550814109     
           5          21   1.2500542825621506     
          20          21   1.1262500919874394     
           6          22   1.3537799181423813     
          21          22   1.3619160144008620     
          22          23  0.96204738979870019     
           9          24   1.3663017851928823     
          10          24   1.3398500934641153     
          24          25  0.96231256667305054     
          13          26   1.3589675143145801     
          14          26   1.3530143411102387     
          26          27  0.95677340249370946     
          17          28   1.3539904850206930     
          18          28   1.3605381776420993     
          28          29  0.96010542217274919     
           8          30   1.0287083539568496     
          30          31  0.98047569384748201     
          30          32  0.97306763951566022     
          30          33  0.97378322713476329     
           7          34   1.0293384897933129     
          34          35  0.97291408412532909     
          34          36  0.97306537880599153     
          34          37  0.98051826696253430     
          11          38   1.0303991713625524     
          38          39  0.97385560201017340     
          38          40  0.97096166700491227     
          38          41  0.98222167942003336     
          12          42   1.0958462844300485     
          42          43  0.95781485514926912     
          42          44   1.8962549773481110     
          44          45  0.97501620521331833     
          44          46  0.97905808402670169     
          15          47   1.0334395879470573     
          47          48  0.97622826021881759     
          47          49  0.96745806552791513     
          47          50  0.97721738549516979     
          16          51   1.1044449751306140     
          51          52  0.95843452546344332     
          51          53   1.8870885248760634     
          53          54  0.97576713234992940     
          53          55  0.97932044913221816     
          19          56   1.0298606489585340     
          56          57  0.97223760384089908     
          56          58  0.97326920193543009     
          56          59  0.98043456057465128     
          20          60   1.0295262588408105     
          60          61  0.98043158000553488     
          60          62  0.97348432824837627     
          60          63  0.97257349544564597     
           1          64  0.26158956671935085     
          64          65  0.88355127413864665     
          64          66  0.88424658473642270     
          67          68  0.97101631661233112     
          67          69  0.97093159079309133     
          67          70  0.98184462166706354     
          71          72  0.94125500605492096     
          67          73   1.0316982158696555     
          71          73   1.1887681994425729     
          71          74   1.2617083381860821     
          73          74  0.11204261624046867     
          74          75  0.95516568826451775     
           1          76  0.51001732305599634     
          74          76   1.4796067434877600     
          73          77   1.5602849771404861     
          76          77   1.2456148573439165     
          77          78  0.95774247071229579     
