    0.42855961
   -0.21819647
   -0.21749200
   -0.22370132
   -0.22373955
    0.05271503
   -0.02982968
   -0.02825536
    0.05495563
    0.05340246
   -0.02176571
   -0.03481487
    0.05536700
    0.05195570
   -0.02454354
   -0.03384132
    0.05542954
    0.05328460
   -0.03082755
   -0.03310489
    0.04969428
   -0.07386763
    0.03386555
   -0.06763709
    0.03624290
   -0.07258540
    0.03095579
   -0.07122911
    0.03202167
   -0.09866234
    0.03418598
    0.03467453
    0.03832164
   -0.09822017
    0.03783628
    0.03302347
    0.03419395
   -0.09995367
    0.03743136
    0.03448169
    0.04184111
   -0.02722955
    0.02275441
   -0.09720969
    0.03417533
    0.02247342
   -0.09884410
    0.03557667
    0.03324503
    0.04125036
   -0.02728463
    0.02352063
   -0.09687402
    0.03361318
    0.02213542
   -0.09772322
    0.03611344
    0.03462519
    0.03309876
   -0.09791476
    0.03612715
    0.03351434
    0.03276271
   -0.11707046
    0.05595592
    0.05598634
    0.06326232
   -0.08476474
    0.17363938
    0.03782313
    0.07416263
    0.06963209
   -0.13045663
   -0.00192120
    0.06619249
   -0.10796511
    0.04538042
    0.05757315
    0.04852509
   -0.02085512
    0.05763581
    0.05078383
   -0.06025010
   -0.07234213
    0.06420945
    0.05930087
    0.07148444
