           1           2  0.58728336867221553     
           1           3  0.59010091444917723     
           1           4  0.58847741642519624     
           1           5  0.58587050109392791     
           2           6   1.2515218131340424     
           6           7   1.1329256676328503     
           7           8   1.6027915140126319     
           2           9   1.2462509521053535     
           8           9   1.1317751188454657     
           3          10   1.2449043188826165     
          10          11   1.1552065241073808     
          11          12   1.5309290770684589     
           3          13   1.2568726473805958     
          12          13   1.1138573372947769     
           4          14   1.2407530184129230     
          14          15   1.1553431786112489     
          15          16   1.5304450191544108     
           4          17   1.2626284345005041     
          16          17   1.1151721948376438     
           5          18   1.2504061535808531     
          18          19   1.1329775416641874     
          19          20   1.6011588722242680     
           5          21   1.2483471359536940     
          20          21   1.1338947038141027     
           6          22   1.3501316235635887     
          21          22   1.3525793557914294     
          22          23  0.96281836658328035     
           9          24   1.3644486663345810     
          10          24   1.3423779248754779     
          24          25  0.96085672022990642     
          13          26   1.3590968789887428     
          14          26   1.3422055577071290     
          26          27  0.95896630887556655     
          17          28   1.3540587745397676     
          18          28   1.3563925442159375     
          28          29  0.96031468148256582     
           8          30   1.0288137276262859     
          30          31  0.97339387017620260     
          30          32  0.98062148875069488     
          30          33  0.97342735152010418     
           7          34   1.0279792853079499     
          34          35  0.97383736868593440     
          34          36  0.97402368294124753     
          34          37  0.98063278064374459     
          11          38   1.0324698076429555     
          38          39  0.97644877470511260     
          38          40  0.97767216162433179     
          38          41  0.96822442982624501     
          12          42   1.1068786414640972     
          42          43  0.95853990326205785     
          42          44   1.8833281316640655     
          44          45  0.97594496844526635     
          44          46  0.97948579378470313     
          15          47   1.0322829899119530     
          47          48  0.96826808487548099     
          47          49  0.97669891185354696     
          47          50  0.97757666097113183     
          16          51   1.1066095091737771     
          51          52  0.95861180817890612     
          51          53   1.8839322749623602     
          53          54  0.97586237713444590     
          53          55  0.97947253639303311     
          19          56   1.0289932333375391     
          56          57  0.97342746641020383     
          56          58  0.97313448527054214     
          56          59  0.98062397761851150     
          20          60   1.0279195132286278     
          60          61  0.97401480027947474     
          60          62  0.98064021053067041     
          60          63  0.97394429169409080     
          64          65  0.97144386512863756     
          64          66  0.97153450759470172     
          64          67  0.98214595455263609     
          68          69  0.94208825399382368     
          64          70   1.0313147416686537     
          68          70   1.1867549918077973     
          68          71   1.2618055002916266     
          70          71  0.11275079500737605     
          71          72  0.95480719243008438     
           1          73  0.48992687102198651     
          71          73   1.4875362789071165     
          70          74   1.5616729309954498     
          73          74   1.2509759943778054     
          74          75  0.95989999131261894     
          76          77  0.97129022115043995     
          76          78  0.97168387988440619     
          76          79  0.98210915257556120     
          80          81  0.94207423213229413     
          76          82   1.0313258027519892     
          80          82   1.1867665178634490     
          80          83   1.2619501964021622     
          82          83  0.11282931283252561     
          83          84  0.95491148071333576     
           1          85  0.48962356282422748     
          83          85   1.4875775454724367     
          82          86   1.5617073455948904     
          85          86   1.2511234955415562     
          86          87  0.95975109268899561     
