    0.39299100
   -0.21535795
   -0.20304297
   -0.20335578
   -0.21602385
    0.04614399
   -0.03479691
   -0.03164621
    0.05100488
    0.05270390
   -0.02175962
   -0.03464866
    0.05512022
    0.05245640
   -0.02362729
   -0.03277438
    0.05561204
    0.05112822
   -0.03130473
   -0.03519200
    0.04605028
   -0.07979239
    0.02896169
   -0.06860562
    0.03322566
   -0.07167855
    0.03071049
   -0.06833458
    0.03308015
   -0.09730485
    0.03458467
    0.03183703
    0.03392765
   -0.09632730
    0.03210254
    0.03198441
    0.03193730
   -0.09911991
    0.03324336
    0.04098471
    0.03550292
   -0.02672395
    0.02193290
   -0.09856301
    0.03251137
    0.02027549
   -0.09863356
    0.03548464
    0.03275715
    0.04079006
   -0.02635944
    0.02281361
   -0.09831052
    0.03286907
    0.02024621
   -0.09726782
    0.03495371
    0.03444482
    0.03176634
   -0.09625421
    0.03180418
    0.03204574
    0.03193407
   -0.11609267
    0.05434173
    0.05443799
    0.06216318
   -0.08655534
    0.17142370
    0.03686126
    0.07497484
    0.06768236
   -0.12560288
   -0.00133863
    0.06498377
   -0.11615641
    0.05462242
    0.05418929
    0.06239030
   -0.08652321
    0.17145607
    0.03693619
    0.07506374
    0.06749481
   -0.12580929
   -0.00132715
    0.06526713
