           1           2  0.59822212835608501     
           1           3  0.59496749873107080     
           1           4  0.58422766063834131     
           1           5  0.58683458305285774     
           2           6   1.2529180117657963     
           6           7   1.1273172721314475     
           7           8   1.6090006971488000     
           2           9   1.2451198607216321     
           8           9   1.1270749283488490     
           3          10   1.2437789426050534     
          10          11   1.1533690583329714     
          11          12   1.5349303797985554     
           3          13   1.2544253378077894     
          12          13   1.1136775405528496     
           4          14   1.2349702354960652     
          14          15   1.1607098183553526     
          15          16   1.5263360648201973     
           4          17   1.2534735035326445     
          16          17   1.1213864977133237     
           5          18   1.2428347458944158     
          18          19   1.1349570730038263     
          19          20   1.5995375697401131     
           5          21   1.2448122026570854     
          20          21   1.1357190526211356     
           6          22   1.3574873118737125     
          21          22   1.3583297662260441     
          22          23  0.96202079885438596     
           9          24   1.3676959696989079     
          10          24   1.3428016570633061     
          24          25  0.96049905777613021     
          13          26   1.3653167665173036     
          14          26   1.3466981653109340     
          26          27  0.95855693837099998     
          17          28   1.3535479719187959     
          18          28   1.3580613913392743     
          28          29  0.96010262642787447     
           8          30   1.0294198624210276     
          30          31  0.98042354940615606     
          30          32  0.97280562904863233     
          30          33  0.97326444819592772     
           7          34   1.0295821184693743     
          34          35  0.97327799496660605     
          34          36  0.97263457258756014     
          34          37  0.98043773953836366     
          11          38   1.0330382537605038     
          38          39  0.97650651308440617     
          38          40  0.96741022674891297     
          38          41  0.97749302949872774     
          12          42   1.1043585089614214     
          42          43  0.95834064459502721     
          42          44   1.8870801218288216     
          44          45  0.97568914127645434     
          44          46  0.97930381444682091     
          15          47   1.0330315065208271     
          47          48  0.97622853743141569     
          47          49  0.96763923291083642     
          47          50  0.97754331712023212     
          16          51   1.1040188000926561     
          51          52  0.95839967599972731     
          51          53   1.8872105812190718     
          53          54  0.97578680853759692     
          53          55  0.97933722759921171     
          19          56   1.0291633505528071     
          56          57  0.97282937790829149     
          56          58  0.97341179623988650     
          56          59  0.98044455349900017     
          20          60   1.0293738592742461     
          60          61  0.97317343596115535     
          60          62  0.98049534882696721     
          60          63  0.97284116600370951     
           1          64  0.26278649431937473     
          64          65  0.88444582495654378     
          64          66  0.88380995870355206     
          67          68  0.97085311850543399     
          67          69  0.97109964441931307     
          67          70  0.98189184464292179     
          71          72  0.94116742542546228     
          67          73   1.0317569239770608     
          71          73   1.1886763985771120     
          71          74   1.2625359669659291     
          73          74  0.11243059168415494     
          74          75  0.95292335821206975     
           1          76  0.50901905208639708     
          74          76   1.4787383787855912     
          73          77   1.5595940894168510     
          76          77   1.2469393481398166     
          77          78  0.95973028251649706     
