    0.44069743
   -0.23381559
   -0.23271831
   -0.20478033
   -0.20603877
    0.04901062
   -0.03106277
   -0.03402784
    0.04505101
    0.04553569
   -0.02559352
   -0.03352550
    0.05256268
    0.05386319
   -0.01991647
   -0.03080097
    0.05898852
    0.05585281
   -0.02812500
   -0.02869327
    0.05332067
   -0.07030630
    0.03649428
   -0.07955565
    0.03181582
   -0.06899000
    0.03603663
   -0.06571533
    0.03761485
   -0.09795555
    0.03359934
    0.03343480
    0.03447937
   -0.09894603
    0.03621807
    0.03557060
    0.03350369
   -0.09964372
    0.03366222
    0.03463579
    0.04202818
   -0.02741872
    0.02485880
   -0.09697575
    0.03341574
    0.02303364
   -0.10053026
    0.04349835
    0.03569031
    0.03742675
   -0.02678497
    0.02678572
   -0.09732716
    0.02317399
    0.03413343
   -0.09930966
    0.03871952
    0.03581531
    0.03457435
   -0.09899871
    0.03474923
    0.03530366
    0.03691806
   -0.48077805
    0.32130156
    0.32130945
   -0.11803938
    0.05677363
    0.05667000
    0.06403254
   -0.08432853
    0.17430553
    0.03873566
    0.07303002
    0.06961409
   -0.13165541
   -0.00323567
    0.06774761
