           1           2  0.58498743747973603     
           1           3  0.59398884004958030     
           1           4  0.59967760698196504     
           1           5  0.58498021142599765     
           2           6   1.2461225775680507     
           6           7   1.1371287477968937     
           7           8   1.5978681956616354     
           2           9   1.2372823725500743     
           8           9   1.1368748249355918     
           3          10   1.2438361427771190     
          10          11   1.1535953733487092     
          11          12   1.5400204617005457     
           3          13   1.2552544713614462     
          12          13   1.1147814551584354     
           4          14   1.2403344728550305     
          14          15   1.1501671866006302     
          15          16   1.5364945056708028     
           4          17   1.2598099546205341     
          16          17   1.1124002479602841     
           5          18   1.2436630190124875     
          18          19   1.1357939462622513     
          19          20   1.5992040656853290     
           5          21   1.2440042429188074     
          20          21   1.1356602508570723     
           6          22   1.3548742229011665     
          21          22   1.3589759267672992     
          22          23  0.96218601181416008     
           9          24   1.3656984495106030     
          10          24   1.3424119951763345     
          24          25  0.96221317966379738     
          13          26   1.3616580319749805     
          14          26   1.3513730842898684     
          26          27  0.95657943133894863     
          17          28   1.3557073198031138     
          18          28   1.3573781489197230     
          28          29  0.96033616029296842     
           8          30   1.0289053183242400     
          30          31  0.98049821058627784     
          30          32  0.97357174707373662     
          30          33  0.97298835172770659     
           7          34   1.0291016238078863     
          34          35  0.97304948320270290     
          34          36  0.97326642391376039     
          34          37  0.98051017644498195     
          11          38   1.0308729189427728     
          38          39  0.97105603975949328     
          38          40  0.97329478185558016     
          38          41  0.98221656200292251     
          12          42   1.0965843555374899     
          42          43  0.95774129512059769     
          42          44   1.8955948746648885     
          44          45  0.97507033516148045     
          44          46  0.97906233503010753     
          15          47   1.0337616904968276     
          47          48  0.96729285412699417     
          47          49  0.97592804141366929     
          47          50  0.97719898359640911     
          16          51   1.1049334960770605     
          51          52  0.95868156149573913     
          51          53   1.8863503377625048     
          53          54  0.97577183740469564     
          53          55  0.97934628596300266     
          19          56   1.0293834917818787     
          56          57  0.97326438810332583     
          56          58  0.97268428450537070     
          56          59  0.98048686614131220     
          20          60   1.0291089945349159     
          60          61  0.97345112356151886     
          60          62  0.98048680921671916     
          60          63  0.97296420457038102     
           1          64  0.26195311802031829     
          64          65  0.88356760364350639     
          64          66  0.88407181608933461     
          67          68  0.97088686647205813     
          67          69  0.97107909573113427     
          67          70  0.98186152854299857     
          71          72  0.94123265301398407     
          67          73   1.0317182608343942     
          71          73   1.1887546155913911     
          71          74   1.2618955820380819     
          73          74  0.11226081747284045     
          74          75  0.95424705998147941     
           1          76  0.51009429531117323     
          74          76   1.4788990679565555     
          73          77   1.5599470289662201     
          76          77   1.2461043736380601     
          77          78  0.95873706122462088     
