    0.46578082
   -0.21800457
   -0.24811306
   -0.24430883
   -0.21767183
    0.05729132
   -0.02678348
   -0.02873270
    0.05448850
    0.04983553
   -0.02367980
   -0.03398191
    0.04937015
    0.04842055
   -0.02248544
   -0.03088280
    0.05408895
    0.05581603
   -0.02573399
   -0.02526777
    0.05934436
   -0.06392664
    0.04152715
   -0.07227752
    0.03594759
   -0.07766258
    0.03387233
   -0.06960421
    0.03937915
   -0.09973748
    0.03612154
    0.03840014
    0.03604520
   -0.10038022
    0.03736344
    0.04003675
    0.03601733
   -0.10093933
    0.03710037
    0.03604736
    0.04298209
   -0.02829467
    0.02439174
   -0.09528006
    0.03566905
    0.02512217
   -0.10079971
    0.03909963
    0.03494894
    0.04336295
   -0.02758747
    0.02610520
   -0.09445313
    0.03704992
    0.02604580
   -0.10026705
    0.03996364
    0.03789701
    0.03682210
   -0.10052539
    0.03883322
    0.03684168
    0.03948932
   -0.47960199
    0.32519458
    0.32492452
   -0.07601753
    0.07095856
    0.07421705
    0.07616697
   -0.11176858
    0.16638910
