           1           2  0.58251760930284691     
           1           3  0.56742494099756313     
           1           4  0.56646461939352910     
           1           5  0.58228190984977823     
           2           6   1.2565898178904726     
           6           7   1.1261666377968074     
           7           8   1.6105128316449173     
           2           9   1.2443898753516827     
           8           9   1.1256429168684390     
           3          10   1.2344889508276997     
          10          11   1.1627300861620862     
          11          12   1.5262887707610235     
           3          13   1.2472833254590634     
          12          13   1.1240486752108407     
           4          14   1.2318851481265574     
          14          15   1.1592735602171522     
          15          16   1.5291572393931268     
           4          17   1.2534939390156170     
          16          17   1.1234982077441058     
           5          18   1.2501716321323115     
          18          19   1.1234558355629463     
          19          20   1.6129805595254167     
           5          21   1.2519201476937147     
          20          21   1.1238038415503586     
           6          22   1.3565113173063958     
          21          22   1.3637607699223506     
          22          23  0.96149224467551497     
           9          24   1.3700875642260142     
          10          24   1.3419764700595038     
          24          25  0.96040230597421883     
          13          26   1.3614332982584565     
          14          26   1.3502043978069505     
          26          27  0.95846978091084956     
          17          28   1.3540892310383090     
          18          28   1.3649774082406969     
          28          29  0.95969251219456475     
           8          30   1.0300953616946991     
          30          31  0.98022951239752576     
          30          32  0.97253289437449575     
          30          33  0.97265294792912771     
           7          34   1.0305760807479365     
          34          35  0.97281786162381123     
          34          36  0.97169912566580241     
          34          37  0.98026221451120144     
          11          38   1.0333143944373253     
          38          39  0.96739473576906154     
          38          40  0.97603821549614300     
          38          41  0.97727368753001997     
          12          42   1.1021166754481306     
          42          43  0.95825705712416576     
          42          44   1.8898624676802565     
          44          45  0.97569474722025085     
          44          46  0.97919200404416973     
          15          47   1.0335225568002175     
          47          48  0.96718317860112035     
          47          49  0.97599242649717322     
          47          50  0.97727795694049679     
          16          51   1.1013387308284968     
          51          52  0.95841312207761364     
          51          53   1.8910870150191552     
          53          54  0.97553063424027986     
          53          55  0.97910131939965472     
          19          56   1.0306978073958095     
          56          57  0.97196043912221053     
          56          58  0.97245740760157340     
          56          59  0.98018726826261693     
          20          60   1.0307125553293772     
          60          61  0.97250982876850189     
          60          62  0.98022943679607821     
          60          63  0.97196497285823091     
           1          64  0.27446800432736013     
          64          65  0.88014134635347752     
          64          66  0.88000067988671271     
          67          68  0.98098560801681567     
          67          69  0.97871423988086415     
          67          70  0.97444128601891844     
           1          71  0.43964113088977413     
          67          71  0.99311432435662461     
          71          72  0.94187834255529990     
