           1           2  0.58053968998885630     
           1           3  0.57676073439785580     
           1           4  0.57388564209680670     
           1           5  0.57625929925902886     
           2           6   1.2467587324201914     
           6           7   1.1263641549824523     
           7           8   1.6098375795998976     
           2           9   1.2524150560887937     
           8           9   1.1273521739351118     
           3          10   1.2473861302259879     
          10          11   1.1327715376378087     
          11          12   1.6010991577757432     
           3          13   1.2476828153831552     
          12          13   1.1327603955091132     
           4          14   1.2584409268871775     
          14          15   1.1182594696052079     
          15          16   1.5307906258964656     
           4          17   1.2374678026816377     
          16          17   1.1570046535851983     
           5          18   1.2531678612675794     
          18          19   1.1158650541025221     
          19          20   1.5316441920224138     
           5          21   1.2455705960557886     
          20          21   1.1558256334620411     
           6          22   1.3693485679636239     
          21          22   1.3412849706560928     
          22          23  0.96071780216503022     
           9          24   1.3568602782621024     
          10          24   1.3528679408110622     
          24          25  0.96226850034711120     
          13          26   1.3571688526543304     
          14          26   1.3522103951923305     
          26          27  0.96014488072854620     
          17          28   1.3434934245031314     
          18          28   1.3613725437640074     
          28          29  0.95882655316664145     
           7          30   1.0297086425013682     
          30          31  0.97297173131627179     
          30          32  0.97277079951554213     
          30          33  0.98045502702556986     
           8          34   1.0292562707685939     
          34          35  0.97311999139435401     
          34          36  0.97319938338702527     
          34          37  0.98046588833636905     
          20          38   1.0329571026496005     
          38          39  0.96766791567267907     
          38          40  0.97640488512627877     
          38          41  0.97759294069394387     
          19          42   1.1045752445290959     
          42          43  0.95858853869753546     
          42          44   1.8864290179244105     
          44          45  0.97583428979637732     
          44          46  0.97935218945176594     
          16          47   1.0326296322786379     
          47          48  0.96814157989316918     
          47          49  0.97582404310759219     
          47          50  0.97777588701053286     
          15          51   1.1034803450100639     
          51          52  0.95817776286725420     
          51          53   1.8876461187220024     
          53          54  0.97584258424756132     
          53          55  0.97934434037971108     
          12          56   1.0294335599656306     
          56          57  0.97263900342316523     
          56          58  0.97335480860954160     
          56          59  0.98049565618407819     
          11          60   1.0289140446060991     
          60          61  0.98050586038402943     
          60          62  0.97367783133498675     
          60          63  0.97289551535245766     
          64          65  0.97112951704837203     
          64          66  0.97103816482982108     
          64          67  0.98195002619985416     
          68          69  0.94135821025315558     
          64          70   1.0316795991735852     
          68          70   1.1881071747774683     
          68          71   1.2632643945739006     
          70          71  0.11254652308678095     
          71          72  0.95368359753149745     
           1          73  0.49402932542400702     
          71          73   1.4810360373167506     
          70          74   1.5596735191397115     
          73          74   1.2481077285332580     
          74          75  0.95910566733690661     
          76          77  0.98022527264208692     
          76          78  0.97944527042444740     
          76          79  0.98642031143777920     
          76          80   1.0263496364923763     
          80          81  0.96802157890722151     
          80          82  0.97311831355450495     
           1          83  0.39542355845332378     
          80          83  0.96216717201644530     
          83          84  0.99617782753651130     
          84          85  0.97711313089632956     
          84          86  0.98071257210013629     
          84          87  0.97547631995569850     
