    0.42848568
   -0.21814394
   -0.22387626
   -0.22351999
   -0.21739198
    0.05502304
   -0.02820021
   -0.02991716
    0.05264278
    0.04966956
   -0.03305135
   -0.03075550
    0.05328289
    0.05546318
   -0.03383825
   -0.02452868
    0.05199723
    0.05530112
   -0.03485206
   -0.02163471
    0.05359704
   -0.06745665
    0.03638215
   -0.07415146
    0.03368712
   -0.07137446
    0.03194979
   -0.07251816
    0.03106074
   -0.09869000
    0.03469031
    0.03839273
    0.03418403
   -0.09819010
    0.03776291
    0.03298602
    0.03418619
   -0.09999195
    0.03756495
    0.03450631
    0.04184609
   -0.02723491
    0.02275862
   -0.09719451
    0.03421942
    0.02250222
   -0.09886327
    0.03561941
    0.03325039
    0.04128004
   -0.02728314
    0.02351483
   -0.09689312
    0.03361235
    0.02212181
   -0.09768722
    0.03601157
    0.03464262
    0.03308864
   -0.09788705
    0.03603244
    0.03351623
    0.03273916
   -0.11707239
    0.05595304
    0.05597258
    0.06325750
   -0.08480048
    0.17361807
    0.03781868
    0.07409045
    0.06962208
   -0.13042846
   -0.00199622
    0.06626382
   -0.10805381
    0.04540513
    0.05765935
    0.04850796
   -0.02075759
    0.05744467
    0.05078638
   -0.06029219
   -0.07234135
    0.06404240
    0.05927356
    0.07158133
