           1           2  0.58556489162807968     
           1           3  0.58316360260243483     
           1           4  0.59723695572710878     
           1           5  0.59684512039003679     
           2           6   1.2464718649574815     
           6           7   1.1375419077758397     
           7           8   1.5978364889167749     
           2           9   1.2371455916793015     
           8           9   1.1364111041396581     
           3          10   1.2355513377217879     
          10          11   1.1623281109652663     
          11          12   1.5246513423325119     
           3          13   1.2503776079622924     
          12          13   1.1225196372688457     
           4          14   1.2412495119461693     
          14          15   1.1502455757787795     
          15          16   1.5429924806057509     
           4          17   1.2601988412176344     
          16          17   1.1128869435249253     
           5          18   1.2498803411285735     
          18          19   1.1266123171428599     
          19          20   1.6093305076283810     
           5          21   1.2501620642855691     
          20          21   1.1269180835354666     
           6          22   1.3541874915051992     
          21          22   1.3612417147025004     
          22          23  0.96207617338040607     
           9          24   1.3652420770554350     
          10          24   1.3413397147434269     
          24          25  0.96078186985001746     
          13          26   1.3612162814006459     
          14          26   1.3504340335505125     
          26          27  0.95975253922100956     
          17          28   1.3543168847917255     
          18          28   1.3603067492591765     
          28          29  0.95819218174226839     
           8          30   1.0287299915174448     
          30          31  0.98044494908293911     
          30          32  0.97375985814436594     
          30          33  0.97304353668718413     
           7          34   1.0293097217410816     
          34          35  0.97291386571154792     
          34          36  0.97310796999341986     
          34          37  0.98050349949944071     
          11          38   1.0322700466807577     
          38          39  0.97663466955405709     
          38          40  0.97739030041765829     
          38          41  0.96827976135631810     
          12          42   1.1049434698058227     
          42          43  0.95828665243944866     
          42          44   1.8863925198976175     
          44          45  0.97580308367399826     
          44          46  0.97934198456672528     
          15          47   1.0315670233548750     
          47          48  0.97337327923500905     
          47          49  0.97008001263448418     
          47          50  0.98215852315051433     
          16          51   1.0957105346832985     
          51          52  0.95774238287354152     
          51          53   1.8966180801881938     
          53          54  0.97487997439617335     
          53          55  0.97904546838018691     
          19          56   1.0299631310828117     
          56          57  0.97319833709543480     
          56          58  0.97211477291807458     
          56          59  0.98046907073535483     
          20          60   1.0294366585230332     
          60          61  0.98047553982891300     
          60          62  0.97272592598058050     
          60          63  0.97343990873043973     
           1          64  0.26182873355576680     
          64          65  0.88405843619721314     
          64          66  0.88393326695272478     
          67          68  0.97106495600588705     
          67          69  0.97089181739782870     
          67          70  0.98187462822337213     
          71          72  0.94122905066917228     
          67          73   1.0316770754091737     
          71          73   1.1887645338789103     
          71          74   1.2618751592341639     
          73          74  0.11197063545250097     
          74          75  0.95504977997191287     
           1          76  0.50954699661625924     
          74          76   1.4797461746732785     
          73          77   1.5603197128857000     
          76          77   1.2456144453896933     
          77          78  0.95778543928914506     
