    0.44082975
   -0.23442479
   -0.23245829
   -0.20401894
   -0.20646708
    0.04859233
   -0.03124751
   -0.03409814
    0.04495482
    0.04536549
   -0.02559090
   -0.03347392
    0.05292738
    0.05376148
   -0.02321643
   -0.03020967
    0.06109432
    0.05533217
   -0.02821281
   -0.02904822
    0.05290478
   -0.07074488
    0.03615829
   -0.07978785
    0.03165959
   -0.06890540
    0.03587697
   -0.06600355
    0.04312515
   -0.09792676
    0.03349269
    0.03433766
    0.03348304
   -0.09888754
    0.03543969
    0.03606620
    0.03341780
   -0.09956896
    0.03358414
    0.04200732
    0.03453587
   -0.02756058
    0.02532626
   -0.09718729
    0.03319102
    0.02279122
   -0.09952983
    0.03638834
    0.03848259
    0.03759488
   -0.02614464
    0.02511745
   -0.09593650
    0.03638104
    0.02431030
   -0.09957045
    0.03575469
    0.03913572
    0.03457135
   -0.09893384
    0.03462968
    0.03676615
    0.03505525
   -0.48081825
    0.32128157
    0.32122308
   -0.11798788
    0.05651453
    0.05686144
    0.06383953
   -0.08440958
    0.17426914
    0.03865205
    0.07307428
    0.06957235
   -0.13155160
   -0.00326550
    0.06745675
