    0.44076377
   -0.23299100
   -0.20369517
   -0.20583273
   -0.23486653
    0.04496093
   -0.03374888
   -0.03108959
    0.04946760
    0.05404861
   -0.01984367
   -0.03080239
    0.05893377
    0.05613562
   -0.01979666
   -0.03105316
    0.05615515
    0.04873436
   -0.03106914
   -0.03401563
    0.04518333
   -0.08002405
    0.03202350
   -0.06912069
    0.03661374
   -0.06525363
    0.03743766
   -0.07001882
    0.03587746
   -0.09894609
    0.03359980
    0.03610151
    0.03579386
   -0.09800735
    0.03320097
    0.03483641
    0.03358686
   -0.10075170
    0.03695633
    0.03577904
    0.04352027
   -0.02666671
    0.02643430
   -0.09732155
    0.03401060
    0.02326790
   -0.10091105
    0.03721733
    0.03726570
    0.04346027
   -0.02655682
    0.02504294
   -0.09724967
    0.03442750
    0.02289945
   -0.09880459
    0.03612455
    0.03618806
    0.03348842
   -0.09794609
    0.03362043
    0.03477029
    0.03299404
   -0.48080994
    0.32138201
    0.32136098
   -0.11804478
    0.05691788
    0.05654263
    0.06414689
   -0.08440209
    0.17418242
    0.03878066
    0.07289994
    0.06954498
   -0.13165963
   -0.00319212
    0.06781123
