    0.43029637
   -0.23010630
   -0.22453669
   -0.21177061
   -0.21757752
    0.05081259
   -0.03268621
   -0.03407544
    0.04881875
    0.05065725
   -0.03287918
   -0.03079481
    0.05218220
    0.05875375
   -0.03040775
   -0.01980174
    0.05597192
    0.05633949
   -0.03315049
   -0.02337818
    0.05234640
   -0.07142439
    0.03266669
   -0.07754602
    0.02997486
   -0.06838368
    0.03509549
   -0.06789490
    0.03525887
   -0.09754255
    0.03418553
    0.03456568
    0.03276110
   -0.09681390
    0.03409343
    0.03263343
    0.03259693
   -0.09942230
    0.03384104
    0.04189960
    0.03605455
   -0.02687170
    0.02363471
   -0.09672941
    0.03401492
    0.02286660
   -0.10023848
    0.03996442
    0.03402292
    0.04228726
   -0.02625254
    0.02394786
   -0.09651184
    0.03581481
    0.02288589
   -0.09832901
    0.03701138
    0.03490238
    0.03327063
   -0.09718583
    0.03324182
    0.03237294
    0.03485215
   -0.11725833
    0.05601204
    0.05619841
    0.06354965
   -0.08526654
    0.17364600
    0.03825066
    0.07436063
    0.06864817
   -0.12980197
   -0.00184764
    0.06663638
   -0.10815374
    0.04521572
    0.04888211
    0.05808939
   -0.02088887
    0.05020899
    0.05677518
   -0.05947150
   -0.07251170
    0.05890254
    0.06357762
    0.07166165
