    0.46473344
   -0.22862297
   -0.24306102
   -0.23582220
   -0.22045916
    0.05492555
   -0.02877317
   -0.02898856
    0.05137250
    0.04899775
   -0.02198285
   -0.03166392
    0.05384130
    0.05248851
   -0.02016744
   -0.03026593
    0.05701232
    0.05461324
   -0.02778652
   -0.02819196
    0.05618773
   -0.06860104
    0.03825599
   -0.07418965
    0.03660493
   -0.07162776
    0.03729414
   -0.06826120
    0.03854843
   -0.09946148
    0.03563686
    0.03841850
    0.03545662
   -0.09974675
    0.03533791
    0.03959535
    0.03559511
   -0.10111616
    0.03556372
    0.03851589
    0.04393734
   -0.02764093
    0.02697533
   -0.09544008
    0.03578966
    0.02576010
   -0.10139722
    0.03779422
    0.03818916
    0.04452515
   -0.02698268
    0.02745146
   -0.09517754
    0.03600967
    0.02594312
   -0.09985702
    0.03721944
    0.03915792
    0.03594738
   -0.10006062
    0.03599376
    0.03606558
    0.03955705
   -0.47980322
    0.32444718
    0.32530488
   -0.07626810
    0.07098330
    0.07468209
    0.07589850
   -0.11016022
    0.16494926
