    0.42848914
   -0.21812081
   -0.21750656
   -0.22380341
   -0.22378252
    0.05274819
   -0.02981223
   -0.02828649
    0.05493914
    0.05334800
   -0.02182708
   -0.03481408
    0.05538417
    0.05196520
   -0.02451749
   -0.03384239
    0.05540953
    0.05327321
   -0.03086211
   -0.03311314
    0.04973429
   -0.07374811
    0.03394938
   -0.06767850
    0.03622707
   -0.07264865
    0.03088225
   -0.07122650
    0.03204946
   -0.09865157
    0.03417577
    0.03467329
    0.03829319
   -0.09822705
    0.03786393
    0.03302207
    0.03418798
   -0.09995587
    0.03737635
    0.03449544
    0.04182746
   -0.02720851
    0.02276618
   -0.09719266
    0.03413455
    0.02249086
   -0.09882894
    0.03558891
    0.03322578
    0.04124112
   -0.02729821
    0.02349569
   -0.09687708
    0.03365453
    0.02212445
   -0.09773376
    0.03613735
    0.03460984
    0.03311008
   -0.09792831
    0.03351739
    0.03279100
    0.03616456
   -0.11707433
    0.05590161
    0.05605214
    0.06326822
   -0.08476429
    0.17364453
    0.03782836
    0.07415224
    0.06961280
   -0.13036228
   -0.00192392
    0.06620299
   -0.10793772
    0.04537414
    0.05754997
    0.04852484
   -0.02089068
    0.05776437
    0.05077643
   -0.06028144
   -0.07230860
    0.06428668
    0.05930683
    0.07142234
