           1           2  0.59769389855698374     
           1           3  0.58431053596340599     
           1           4  0.58423666289322618     
           1           5  0.59834225259262031     
           2           6   1.2548892819644970     
           6           7   1.1275266966738231     
           7           8   1.6088754622795352     
           2           9   1.2429094824744278     
           8           9   1.1269693895327733     
           3          10   1.2363101121975415     
          10          11   1.1632892935543242     
          11          12   1.5241001642059284     
           3          13   1.2489410224204511     
          12          13   1.1219981530999179     
           4          14   1.2338911037897509     
          14          15   1.1602553935425373     
          15          16   1.5263776657208561     
           4          17   1.2546475357834768     
          16          17   1.1219513464313962     
           5          18   1.2485560746699398     
          18          19   1.1258615397968850     
          19          20   1.6100727070655454     
           5          21   1.2514743266179496     
          20          21   1.1263200292490427     
           6          22   1.3558661740539633     
          21          22   1.3611316625490908     
          22          23  0.96186316262204596     
           9          24   1.3692039121412747     
          10          24   1.3398463595926531     
          24          25  0.96059730273224220     
          13          26   1.3625150773618320     
          14          26   1.3479182824952054     
          26          27  0.95857545129105604     
          17          28   1.3517253101368092     
          18          28   1.3616858414570046     
          28          29  0.96009862590093398     
           8          30   1.0291790476788807     
          30          31  0.97305511916691678     
          30          32  0.98039956170559561     
          30          33  0.97336081552919085     
           7          34   1.0298518519137243     
          34          35  0.97234342503862126     
          34          36  0.97317955463230987     
          34          37  0.98044495995656700     
          11          38   1.0324866979618135     
          38          39  0.97644167172872720     
          38          40  0.96814793898429152     
          38          41  0.97735640777952015     
          12          42   1.1052090258606624     
          42          43  0.95846865493691358     
          42          44   1.8858671606981769     
          44          45  0.97582144905981405     
          44          46  0.97935703246813155     
          15          47   1.0328946497326084     
          47          48  0.97748233060261436     
          47          49  0.97633937245456615     
          47          50  0.96771490397878324     
          16          51   1.1040707386825330     
          51          52  0.95851545718842068     
          51          53   1.8871874124860399     
          53          54  0.97575199062040252     
          53          55  0.97931949959243558     
          19          56   1.0296071437880880     
          56          57  0.97286816533211218     
          56          58  0.97297995459905529     
          56          59  0.98040020434186781     
          20          60   1.0298193476227957     
          60          61  0.98043994915096555     
          60          62  0.97319210163973047     
          60          63  0.97242631444219563     
           1          64  0.26228813129955492     
          64          65  0.88411451371843452     
          64          66  0.88403369142371280     
          67          68  0.97108642717252325     
          67          69  0.97084611866496717     
          67          70  0.98185296060843241     
          71          72  0.94118459276265720     
          67          73   1.0317406067072576     
          71          73   1.1887577091618460     
          71          74   1.2623332793362898     
          73          74  0.11221055326690872     
          74          75  0.95385294953285993     
           1          76  0.50952171464410767     
          74          76   1.4791174023412568     
          73          77   1.5599719569623849     
          76          77   1.2463218607285631     
          77          78  0.95872521264732624     
