    0.44075465
   -0.21054374
   -0.23271767
   -0.22776764
   -0.20589677
    0.05525883
   -0.02780091
   -0.03080480
    0.05049339
    0.04685839
   -0.02472792
   -0.03445812
    0.05114799
    0.04917723
   -0.02316994
   -0.03400450
    0.05239497
    0.05327357
   -0.02927904
   -0.02752306
    0.05585321
   -0.06485326
    0.03908860
   -0.07488477
    0.03428006
   -0.07327230
    0.03371756
   -0.07163868
    0.03494575
   -0.09850017
    0.03691918
    0.03455597
    0.03343569
   -0.09949416
    0.03892355
    0.03552842
    0.03439503
   -0.10011617
    0.03485689
    0.03487672
    0.04215567
   -0.02743594
    0.02364948
   -0.09715974
    0.03348704
    0.02274021
   -0.10001456
    0.04203634
    0.03375911
    0.03726030
   -0.02779131
    0.02460961
   -0.09701992
    0.03432797
    0.02278551
   -0.09879168
    0.03714691
    0.03546687
    0.03456102
   -0.09948144
    0.03474393
    0.03568116
    0.03840813
   -0.48062079
    0.32130345
    0.32134221
   -0.11792332
    0.05675595
    0.05652131
    0.06393929
   -0.08407543
    0.17433601
    0.03853203
    0.07282806
    0.06984616
   -0.13162787
   -0.00305247
    0.06748870
