           1           2  0.58528272231349709     
           1           3  0.59598216229620471     
           1           4  0.59711327297487615     
           1           5  0.58534386249911530     
           2           6   1.2459781057779995     
           6           7   1.1370132358367289     
           7           8   1.5979082426734745     
           2           9   1.2384784697086804     
           8           9   1.1368593615794089     
           3          10   1.2417460939674136     
          10          11   1.1524880473126853     
          11          12   1.5352158127376749     
           3          13   1.2571891349586513     
          12          13   1.1136693167008551     
           4          14   1.2417872230848526     
          14          15   1.1502808198419350     
          15          16   1.5368111947811751     
           4          17   1.2595856540460098     
          16          17   1.1125714545097187     
           5          18   1.2439055157413779     
          18          19   1.1357272499002116     
          19          20   1.5991358639006967     
           5          21   1.2437548311764028     
          20          21   1.1356988980376852     
           6          22   1.3550429495125853     
          21          22   1.3591242273557220     
          22          23  0.96213705355721235     
           9          24   1.3639062040789305     
          10          24   1.3448443812015107     
          24          25  0.96082150069409056     
          13          26   1.3631503719940781     
          14          26   1.3502122377987285     
          26          27  0.95847716198091371     
          17          28   1.3561196237461199     
          18          28   1.3570202377198393     
          28          29  0.96024336911756447     
           8          30   1.0289384943927562     
          30          31  0.97317281868397387     
          30          32  0.98046531300875384     
          30          33  0.97332816495596652     
           7          34   1.0291498176128919     
          34          35  0.97313054610348493     
          34          36  0.97314149584082243     
          34          37  0.98047617739224813     
          11          38   1.0326886413495620     
          38          39  0.97635863632046682     
          38          40  0.96825479684873084     
          38          41  0.97730549920680454     
          12          42   1.1045287051253960     
          42          43  0.95813245617689591     
          42          44   1.8870448231096424     
          44          45  0.97582348848856360     
          44          46  0.97930895138065965     
          15          47   1.0335801291980886     
          47          48  0.97749741028628523     
          47          49  0.97564404450248499     
          47          50  0.96761009161153699     
          16          51   1.1039919667776914     
          51          52  0.95844306212620589     
          51          53   1.8872755552259415     
          53          54  0.97580088224210271     
          53          55  0.97931561201911221     
          19          56   1.0294040638104509     
          56          57  0.97298911682741096     
          56          58  0.97290797354787517     
          56          59  0.98046855015569689     
          20          60   1.0291294757810467     
          60          61  0.97325186569624700     
          60          62  0.98047363218380323     
          60          63  0.97310491912405439     
           1          64  0.26246046326756745     
          64          65  0.88382373601101771     
          64          66  0.88390835576929083     
          67          68  0.97082720631763186     
          67          69  0.97110996674382888     
          67          70  0.98185806843962031     
          71          72  0.94119645674603625     
          67          73   1.0317365113367938     
          71          73   1.1887407231617586     
          71          74   1.2622482994191477     
          73          74  0.11222252672415586     
          74          75  0.95384064016150549     
           1          76  0.50956096519722927     
          74          76   1.4790850696949018     
          73          77   1.5599809373169897     
          76          77   1.2462814571015568     
          77          78  0.95864920518825203     
