    0.44085888
   -0.21057667
   -0.20464725
   -0.22770393
   -0.23405513
    0.05048332
   -0.03057193
   -0.02802407
    0.05514683
    0.05622230
   -0.01895447
   -0.03185593
    0.05629948
    0.04961014
   -0.02341226
   -0.03394972
    0.05197592
    0.04785799
   -0.03191986
   -0.03308793
    0.04642772
   -0.07541600
    0.03445772
   -0.06429591
    0.03901802
   -0.07105745
    0.03491726
   -0.07390241
    0.03370048
   -0.09945017
    0.03516432
    0.03445560
    0.03915865
   -0.09853294
    0.03316544
    0.03724990
    0.03447795
   -0.10113566
    0.03491562
    0.03990538
    0.04274635
   -0.02675772
    0.02324783
   -0.09683238
    0.03572128
    0.02306118
   -0.10017805
    0.03417710
    0.03744800
    0.04200803
   -0.02745970
    0.02395328
   -0.09715959
    0.03445034
    0.02266286
   -0.09839982
    0.03520016
    0.03580365
    0.03344707
   -0.09839764
    0.03333734
    0.03369505
    0.03592874
   -0.48039312
    0.32127727
    0.32144496
   -0.11786016
    0.05670644
    0.05651936
    0.06385945
   -0.08420168
    0.17414592
    0.03850829
    0.07258683
    0.06993958
   -0.13144942
   -0.00302326
    0.06731694
