           1           2  0.59786389617482227     
           1           3  0.59709920429574981     
           1           4  0.58361414889273666     
           1           5  0.58448575974481676     
           2           6   1.2512282893556066     
           6           7   1.1277469470121955     
           7           8   1.6088099766525377     
           2           9   1.2464589065906402     
           8           9   1.1270001404950458     
           3          10   1.2459459064979233     
          10          11   1.1506148941454324     
          11          12   1.5372606569405529     
           3          13   1.2544273452250998     
          12          13   1.1113407125055281     
           4          14   1.2348282714164842     
          14          15   1.1607131657570309     
          15          16   1.5268311180355127     
           4          17   1.2541034716575605     
          16          17   1.1215350315506332     
           5          18   1.2426427763547321     
          18          19   1.1371008092508896     
          19          20   1.5968247203016881     
           5          21   1.2428024205612922     
          20          21   1.1381710628958661     
           6          22   1.3568353649661520     
          21          22   1.3554696315934138     
          22          23  0.96220984159350476     
           9          24   1.3681936156253922     
          10          24   1.3452500424019762     
          24          25  0.96041226413699710     
          13          26   1.3655798054437807     
          14          26   1.3442959800126393     
          26          27  0.95852475314836494     
          17          28   1.3553272617866752     
          18          28   1.3589005547600379     
          28          29  0.96007382996402080     
           8          30   1.0298518297990995     
          30          31  0.97311533277585349     
          30          32  0.98042507053775130     
          30          33  0.97240402157396311     
           7          34   1.0291590829538693     
          34          35  0.97338826599481221     
          34          36  0.97305839303159702     
          34          37  0.98042108769432434     
          11          38   1.0334931218523113     
          38          39  0.97628022499760381     
          38          40  0.96722447948153911     
          38          41  0.97739788885286361     
          12          42   1.1047359108656840     
          42          43  0.95830216534985357     
          42          44   1.8866818290246601     
          44          45  0.97571410701503769     
          44          46  0.97932378708641388     
          15          47   1.0328590166973870     
          47          48  0.97621995186544708     
          47          49  0.96775099655187236     
          47          50  0.97760659150620499     
          16          51   1.1035425143651358     
          51          52  0.95840894673896515     
          51          53   1.8877670333580041     
          53          54  0.97576363854253823     
          53          55  0.97932008624741851     
          19          56   1.0293351700431264     
          56          57  0.97298426123678294     
          56          58  0.97302042956206947     
          56          59  0.98045801831558843     
          20          60   1.0288862600733439     
          60          61  0.97341249805974006     
          60          62  0.98049092118063363     
          60          63  0.97318188061287525     
           1          64  0.26290711028734381     
          64          65  0.88423514567633099     
          64          66  0.88381438064725559     
          67          68  0.97095468740375623     
          67          69  0.97096479510843081     
          67          70  0.98186114123730106     
          71          72  0.94125246909826443     
          67          73   1.0317533344252754     
          71          73   1.1886486504692899     
          71          74   1.2620435431129093     
          73          74  0.11216369823858693     
          74          75  0.95376538264114874     
           1          76  0.51001827625101692     
          74          76   1.4790316067574578     
          73          77   1.5599893065248609     
          76          77   1.2461552725064386     
          77          78  0.95876811926642613     
