           1           2  0.58170615208973941     
           1           3  0.56844770050006221     
           1           4  0.56555526549429747     
           1           5  0.58199612667559109     
           2           6   1.2570903085338161     
           6           7   1.1257694212944602     
           7           8   1.6108927450777446     
           2           9   1.2444833294177069     
           8           9   1.1254669066765641     
           3          10   1.2362917250556951     
          10          11   1.1625981450593361     
          11          12   1.5334672199385626     
           3          13   1.2465176669907982     
          12          13   1.1244424110933742     
           4          14   1.2303926536198893     
          14          15   1.1594510521585282     
          15          16   1.5285101101673437     
           4          17   1.2546795069603882     
          16          17   1.1237085621874010     
           5          18   1.2492323132677177     
          18          19   1.1239156602224587     
          19          20   1.6125560934744403     
           5          21   1.2517963921900641     
          20          21   1.1242194698342913     
           6          22   1.3566507477362677     
          21          22   1.3635545832779910     
          22          23  0.96149221862400269     
           9          24   1.3707594384232953     
          10          24   1.3408707982843713     
          24          25  0.96191330373926176     
          13          26   1.3594611822982132     
          14          26   1.3518851860031524     
          26          27  0.95654534538237412     
          17          28   1.3531436842132314     
          18          28   1.3655491668744868     
          28          29  0.95959509066415405     
           8          30   1.0300771983353185     
          30          31  0.98026800478742693     
          30          32  0.97239449558280466     
          30          33  0.97283266380057454     
           7          34   1.0305532759023728     
          34          35  0.97279023853662350     
          34          36  0.97175258400230891     
          34          37  0.98028009911907676     
          11          38   1.0313879639787151     
          38          39  0.97290026902527116     
          38          40  0.97028094347901972     
          38          41  0.98248596489309348     
          12          42   1.0917708193242543     
          42          43  0.95751099371869530     
          42          44   1.9008509006373768     
          44          45  0.97512378252122756     
          44          46  0.97887912179516534     
          15          47   1.0337832355091019     
          47          48  0.96699282387033381     
          47          49  0.97573313262059247     
          47          50  0.97715696793777229     
          16          51   1.1018326669325833     
          51          52  0.95835948264212878     
          51          53   1.8905435519323479     
          53          54  0.97554852885259113     
          53          55  0.97911982062931635     
          19          56   1.0306297501152379     
          56          57  0.97180350691543704     
          56          58  0.97268733697214727     
          56          59  0.98019234134974620     
          20          60   1.0306846274451915     
          60          61  0.97227413010978814     
          60          62  0.98023894294625746     
          60          63  0.97221444763368003     
           1          64  0.27446370510337065     
          64          65  0.88036464858689034     
          64          66  0.87991250007516275     
          67          68  0.98101589698360281     
          67          69  0.97874267524051883     
          67          70  0.97444266441483463     
           1          71  0.43962259310049900     
          67          71  0.99293031541825127     
          71          72  0.94200972863902543     
