    0.46513980
   -0.21777504
   -0.24617303
   -0.24461769
   -0.21902721
    0.05735475
   -0.02681946
   -0.02875017
    0.05473742
    0.05028883
   -0.02640680
   -0.03354161
    0.05090222
    0.04823195
   -0.02219928
   -0.03092480
    0.05418353
    0.05512306
   -0.02604460
   -0.02542048
    0.05921122
   -0.06416465
    0.04136463
   -0.07204195
    0.03616335
   -0.07780205
    0.03940260
   -0.07034837
    0.03906629
   -0.09976806
    0.03603362
    0.03889441
    0.03557423
   -0.10032846
    0.03731246
    0.03996240
    0.03593723
   -0.10000895
    0.03606631
    0.03860388
    0.03770320
   -0.02692193
    0.02695939
   -0.09470602
    0.03169172
    0.02621778
   -0.10118483
    0.03896447
    0.03585704
    0.04350336
   -0.02755780
    0.02592395
   -0.09461088
    0.03694323
    0.02588025
   -0.10018427
    0.03990658
    0.03759853
    0.03670352
   -0.10048845
    0.03881571
    0.03670899
    0.03936999
   -0.47960609
    0.32530037
    0.32505743
   -0.07613506
    0.07087462
    0.07421501
    0.07583888
   -0.11200716
    0.16597693
