           1           2  0.59831277131860916     
           1           3  0.59488284173560735     
           1           4  0.58408945097630227     
           1           5  0.58689345636210821     
           2           6   1.2529800006957377     
           6           7   1.1272500621559742     
           7           8   1.6090711776582145     
           2           9   1.2451418175829772     
           8           9   1.1270165850824339     
           3          10   1.2436747637876042     
          10          11   1.1534735067818906     
          11          12   1.5348531497062929     
           3          13   1.2543944911761942     
          12          13   1.1137373683837879     
           4          14   1.2349467508959819     
          14          15   1.1607185413962100     
          15          16   1.5263462281900515     
           4          17   1.2535299463181846     
          16          17   1.1213932562131375     
           5          18   1.2428774039116579     
          18          19   1.1348892153697583     
          19          20   1.5995962770450192     
           5          21   1.2448307988105367     
          20          21   1.1356731286409898     
           6          22   1.3574874236684753     
          21          22   1.3583734375703211     
          22          23  0.96201632258949366     
           9          24   1.3677118807874549     
          10          24   1.3427953068106391     
          24          25  0.96049687398840555     
          13          26   1.3652704931000126     
          14          26   1.3467140101430493     
          26          27  0.95855497990510030     
          17          28   1.3535333774780627     
          18          28   1.3580428042414687     
          28          29  0.96010639848710422     
           8          30   1.0294204424910045     
          30          31  0.98042118265450373     
          30          32  0.97278689655869499     
          30          33  0.97328467264254659     
           7          34   1.0295905937478884     
          34          35  0.97327986358703622     
          34          36  0.97262300413414393     
          34          37  0.98043491548446060     
          11          38   1.0330335226601899     
          38          39  0.97649153411025924     
          38          40  0.96741553787520607     
          38          41  0.97751033511155749     
          12          42   1.1043336651047153     
          42          43  0.95833138575567811     
          42          44   1.8871055695164978     
          44          45  0.97569152758650113     
          44          46  0.97930458169414403     
          15          47   1.0330200959800231     
          47          48  0.97623669826047754     
          47          49  0.96764308872775784     
          47          50  0.97755027661787786     
          16          51   1.1040107584505805     
          51          52  0.95840642449853342     
          51          53   1.8872206321583409     
          53          54  0.97578597819307566     
          53          55  0.97933673460715664     
          19          56   1.0291638735175528     
          56          57  0.97281270728086744     
          56          58  0.97342967505814348     
          56          59  0.98044115063988713     
          20          60   1.0293818301988633     
          60          61  0.97315513906718931     
          60          62  0.98049486066125491     
          60          63  0.97284992136260962     
           1          64  0.26274553872099021     
          64          65  0.88450755883336507     
          64          66  0.88379098855882554     
          67          68  0.97091068256793733     
          67          69  0.97104164220602085     
          67          70  0.98189182153230214     
          71          72  0.94117012282965806     
          67          73   1.0317585471907074     
          71          73   1.1886670444436851     
          71          74   1.2625105506728913     
          73          74  0.11242812877476534     
          74          75  0.95291877997903363     
           1          76  0.50925504760388562     
          74          76   1.4786729490011534     
          73          77   1.5596060238320710     
          76          77   1.2468810228719942     
          77          78  0.95969647864276453     
