           1           2  0.58019971128661385     
           1           3  0.57673051253181495     
           1           4  0.57426296031106305     
           1           5  0.57669851405538619     
           2           6   1.2465644693272742     
           6           7   1.1265019789847142     
           7           8   1.6097958855062424     
           2           9   1.2531530986110777     
           8           9   1.1272937447995830     
           3          10   1.2471095533095051     
          10          11   1.1323826100098000     
          11          12   1.6012147125538958     
           3          13   1.2474873197546883     
          12          13   1.1328502964013962     
           4          14   1.2596819614047758     
          14          15   1.1181264733587624     
          15          16   1.5302259369729239     
           4          17   1.2363845399313846     
          16          17   1.1573029330868061     
           5          18   1.2511299638360005     
          18          19   1.1164758307455565     
          19          20   1.5377918874088525     
           5          21   1.2471401196110412     
          20          21   1.1560052328689332     
           6          22   1.3700886321997980     
          21          22   1.3401495006234276     
          22          23  0.96203908557532025     
           9          24   1.3564624127471263     
          10          24   1.3529098848202263     
          24          25  0.96229532482092450     
          13          26   1.3570605606117603     
          14          26   1.3520744396312403     
          26          27  0.96018173076795466     
          17          28   1.3442852901218718     
          18          28   1.3603935096605830     
          28          29  0.95684391287122172     
           7          30   1.0296499472338134     
          30          31  0.97323436808518737     
          30          32  0.97258897159476176     
          30          33  0.98049240781862146     
           8          34   1.0292035801487653     
          34          35  0.97312370815766924     
          34          36  0.97325237612817306     
          34          37  0.98048293988543311     
          20          38   1.0311934243257728     
          38          39  0.97034787651175736     
          38          40  0.97341475173886627     
          38          41  0.98244232348144078     
          19          42   1.0949704987367004     
          42          43  0.95782368480547841     
          42          44   1.8966037410681824     
          44          45  0.97513280372749789     
          44          46  0.97906448599506479     
          16          47   1.0327729892713280     
          47          48  0.96786011452868115     
          47          49  0.97607289586576029     
          47          50  0.97750442820526362     
          15          51   1.1043860421771672     
          51          52  0.95833317005665197     
          51          53   1.8867577814090259     
          53          54  0.97582402662484613     
          53          55  0.97937585946839989     
          12          56   1.0293986826597350     
          56          57  0.97293048174062879     
          56          58  0.97309971153273167     
          56          59  0.98049688709480154     
          11          60   1.0288974296815800     
          60          61  0.98049996143654783     
          60          62  0.97346826764435179     
          60          63  0.97311656323675710     
          64          65  0.97118646210614623     
          64          66  0.97102207587981793     
          64          67  0.98194928328322695     
          68          69  0.94137060994884036     
          64          70   1.0316474784933352     
          68          70   1.1881088074856565     
          68          71   1.2629706406489738     
          70          71  0.11256848020419305     
          71          72  0.95377975716667251     
           1          73  0.49495388607993163     
          71          73   1.4807614967209546     
          70          74   1.5597559147460816     
          73          74   1.2478657025467403     
          74          75  0.95898604191202264     
          76          77  0.98022482616725082     
          76          78  0.97882173307042020     
          76          79  0.98645264389700138     
          76          80   1.0263988962490549     
          80          81  0.96834184298475956     
          80          82  0.97312029906694364     
           1          83  0.39035703892640411     
          80          83  0.96255434516361660     
          83          84  0.99648030009195432     
          84          85  0.97753276335925188     
          84          86  0.98073490770277250     
          84          87  0.97513016705366473     
