    0.42765430
   -0.21804687
   -0.22440586
   -0.22322444
   -0.21702694
    0.05490612
   -0.02840972
   -0.03001064
    0.05271007
    0.04973716
   -0.03308888
   -0.03081143
    0.05313865
    0.05540181
   -0.03391459
   -0.02412209
    0.05195298
    0.05695396
   -0.03471970
   -0.02472478
    0.05346082
   -0.06770353
    0.03621482
   -0.07423501
    0.03355730
   -0.07177606
    0.03178508
   -0.07283157
    0.03681890
   -0.09864312
    0.03473735
    0.03810623
    0.03402352
   -0.09812740
    0.03771081
    0.03288899
    0.03405451
   -0.09904575
    0.03751049
    0.03592172
    0.03646713
   -0.02633197
    0.02467699
   -0.09647133
    0.03183718
    0.02363322
   -0.09927998
    0.03583237
    0.03412093
    0.04131434
   -0.02730060
    0.02327396
   -0.09704254
    0.03373031
    0.02192900
   -0.09764480
    0.03588442
    0.03454525
    0.03303975
   -0.09785332
    0.03344451
    0.03277866
    0.03591620
   -0.11710582
    0.05578916
    0.05606248
    0.06327284
   -0.08488810
    0.17361169
    0.03776720
    0.07412589
    0.06955600
   -0.13030317
   -0.00203701
    0.06608648
   -0.10806299
    0.04532674
    0.05763719
    0.04836345
   -0.02070369
    0.05785299
    0.05064253
   -0.06094648
   -0.07203617
    0.06406109
    0.05904956
    0.07200123
