    0.44086534
   -0.21064224
   -0.20452201
   -0.22764383
   -0.23417894
    0.05044969
   -0.03056737
   -0.02800476
    0.05516776
    0.05621351
   -0.01894970
   -0.03184860
    0.05634513
    0.04965464
   -0.02340348
   -0.03396558
    0.05194057
    0.04789139
   -0.03191485
   -0.03311484
    0.04636402
   -0.07551172
    0.03442520
   -0.06428653
    0.03902860
   -0.07095847
    0.03495444
   -0.07390460
    0.03368480
   -0.09945660
    0.03518048
    0.03446157
    0.03916333
   -0.09853186
    0.03319319
    0.03721957
    0.03448137
   -0.10113287
    0.03492411
    0.03990632
    0.04274962
   -0.02675786
    0.02323992
   -0.09683495
    0.03573471
    0.02306007
   -0.10018601
    0.03419270
    0.03746821
    0.04200828
   -0.02745872
    0.02394968
   -0.09716460
    0.03444249
    0.02266640
   -0.09839238
    0.03517814
    0.03581068
    0.03343718
   -0.09838554
    0.03330714
    0.03368399
    0.03591381
   -0.48040045
    0.32124898
    0.32146916
   -0.11785996
    0.05679253
    0.05643348
    0.06385851
   -0.08420172
    0.17414599
    0.03850846
    0.07259790
    0.06994005
   -0.13146728
   -0.00302106
    0.06731626
