    0.44068127
   -0.23340576
   -0.23306828
   -0.20528581
   -0.20555004
    0.04928190
   -0.03095138
   -0.03400332
    0.04503251
    0.04556602
   -0.02560233
   -0.03363593
    0.05229688
    0.05364341
   -0.02002610
   -0.03083906
    0.05894797
    0.05588839
   -0.02809791
   -0.02858667
    0.05354783
   -0.06998173
    0.03663466
   -0.07954455
    0.03182640
   -0.06930714
    0.03590045
   -0.06573634
    0.03760381
   -0.09795611
    0.03362406
    0.03344085
    0.03447801
   -0.09897270
    0.03631705
    0.03560610
    0.03351835
   -0.09964997
    0.03366797
    0.03464681
    0.04201277
   -0.02746312
    0.02476358
   -0.09698464
    0.03344209
    0.02300874
   -0.10050252
    0.03559457
    0.03739104
    0.04346926
   -0.02679682
    0.02677721
   -0.09732837
    0.03410215
    0.02316797
   -0.09930830
    0.03874018
    0.03580398
    0.03459595
   -0.09903236
    0.03477826
    0.03533535
    0.03701866
   -0.48078056
    0.32137271
    0.32121429
   -0.11804585
    0.05693794
    0.05651551
    0.06403304
   -0.08432677
    0.17430793
    0.03873387
    0.07303324
    0.06960484
   -0.13164846
   -0.00324809
    0.06776118
