    0.44134721
   -0.23425631
   -0.23274191
   -0.20484694
   -0.20587818
    0.04915684
   -0.03108123
   -0.03418847
    0.04465857
    0.04524427
   -0.02887964
   -0.03320094
    0.05423998
    0.05329413
   -0.01970957
   -0.03091572
    0.05896920
    0.05570610
   -0.02822318
   -0.02869388
    0.05340322
   -0.07012293
    0.03639323
   -0.08003337
    0.03170420
   -0.06960936
    0.04149780
   -0.06578489
    0.03752838
   -0.09796379
    0.03350509
    0.03335046
    0.03447423
   -0.09893127
    0.03626819
    0.03547579
    0.03341856
   -0.09851369
    0.03526379
    0.03398303
    0.03640596
   -0.02687785
    0.02499304
   -0.09624621
    0.03361959
    0.02424752
   -0.10089168
    0.03642232
    0.03752813
    0.04359407
   -0.02688368
    0.02667022
   -0.09742375
    0.03421385
    0.02300334
   -0.09927643
    0.03865141
    0.03573435
    0.03448561
   -0.09896409
    0.03465598
    0.03514390
    0.03701997
   -0.48116022
    0.32140202
    0.32119558
   -0.11800473
    0.05686935
    0.05644277
    0.06398966
   -0.08444004
    0.17420670
    0.03874183
    0.07318532
    0.06915871
   -0.13139567
   -0.00326086
    0.06793703
