           1           2  0.58671718258823202     
           1           3  0.58572331790084309     
           1           4  0.59565318263985423     
           1           5  0.59710246078968399     
           2           6   1.2477297109118344     
           6           7   1.1355224192591398     
           7           8   1.6002029918774472     
           2           9   1.2386806255023608     
           8           9   1.1344539096474886     
           3          10   1.2368408247269473     
          10          11   1.1600428492752299     
          11          12   1.5274867110878938     
           3          13   1.2506311123454374     
          12          13   1.1206819051826098     
           4          14   1.2394470168432088     
          14          15   1.1522491852708063     
          15          16   1.5343730251053460     
           4          17   1.2603046965586377     
          16          17   1.1147112626884039     
           5          18   1.2492367935026809     
          18          19   1.1281361792269085     
          19          20   1.6076297999573996     
           5          21   1.2491891695314290     
          20          21   1.1281201380579391     
           6          22   1.3550445292723057     
          21          22   1.3607486013969659     
          22          23  0.96202384392582752     
           9          24   1.3656018706471127     
          10          24   1.3420927789092263     
          24          25  0.96074543206991292     
          13          26   1.3624776353655979     
          14          26   1.3497442543546072     
          26          27  0.95861935147987398     
          17          28   1.3540830262718866     
          18          28   1.3598508414416628     
          28          29  0.96007251832110141     
           8          30   1.0289990710711174     
          30          31  0.98044340776231709     
          30          32  0.97344706676471304     
          30          33  0.97302408734602774     
           7          34   1.0293752578293689     
          34          35  0.97303355101346944     
          34          36  0.97294472845600688     
          34          37  0.98048571819864028     
          11          38   1.0325658937617137     
          38          39  0.96794841910327523     
          38          40  0.97660019768022588     
          38          41  0.97739960284336802     
          12          42   1.1043239882880105     
          42          43  0.95835714978708908     
          42          44   1.8870717390880070     
          44          45  0.97576305838622424     
          44          46  0.97932495109100404     
          15          47   1.0332418488805495     
          47          48  0.96783055203221191     
          47          49  0.97591594490244926     
          47          50  0.97750499938466029     
          16          51   1.1040672087058974     
          51          52  0.95827177683052667     
          51          53   1.8872324596275438     
          53          54  0.97581754621371608     
          53          55  0.97931187192253022     
          19          56   1.0296200007063776     
          56          57  0.97327152951896467     
          56          58  0.97250856165671085     
          56          59  0.98042500760523654     
          20          60   1.0295235127525011     
          60          61  0.97324723870980434     
          60          62  0.98043319754481373     
          60          63  0.97276075609537749     
          64          65  0.97086871082495585     
          64          66  0.97111930596735863     
          64          67  0.98195655295929107     
          68          69  0.94108338440300232     
          64          70   1.0317112995676498     
          68          70   1.1887298021802599     
          68          71   1.2632106176545512     
          70          71  0.11225282683625759     
          71          72  0.95268337895122113     
           1          73  0.50858916583130986     
          71          73   1.4788402738694426     
          70          74   1.5595403992415315     
          73          74   1.2469507792725498     
          74          75  0.95976402100415925     
           1          76  0.26222870145201482     
          76          77  0.88417040070446817     
          76          78  0.88393580454604970     
