           1           2  0.58053910751141069     
           1           3  0.57619023690583160     
           1           4  0.57403032955929001     
           1           5  0.57687638952773068     
           2           6   1.2523937974772583     
           6           7   1.1273675717620655     
           7           8   1.6098310307906338     
           2           9   1.2467324565803930     
           8           9   1.1263664789115095     
           3          10   1.2455215631864103     
          10          11   1.1559578707823159     
          11          12   1.5313549615542796     
           3          13   1.2531755179275541     
          12          13   1.1159370462644875     
           4          14   1.2374868353023589     
          14          15   1.1569344380067987     
          15          16   1.5309103289351138     
           4          17   1.2583933899167565     
          16          17   1.1182400224421525     
           5          18   1.2476806247884711     
          18          19   1.1327225609611919     
          19          20   1.6011492133382574     
           5          21   1.2474204880118378     
          20          21   1.1327396683189415     
           6          22   1.3568706230425613     
          21          22   1.3528974997811369     
          22          23  0.96226689722719283     
           9          24   1.3693769933576365     
          10          24   1.3412190765511995     
          24          25  0.96069280620993958     
          13          26   1.3613028983609781     
          14          26   1.3435458583530142     
          26          27  0.95882446087857043     
          17          28   1.3522022871790824     
          18          28   1.3572102064308231     
          28          29  0.96013965927038347     
           8          30   1.0297035350870254     
          30          31  0.98045450900121922     
          30          32  0.97296395785400835     
          30          33  0.97278532406371232     
           7          34   1.0292560774848973     
          34          35  0.97311085830536403     
          34          36  0.97320586454999369     
          34          37  0.98046710662063474     
          11          38   1.0329668530870422     
          38          39  0.96763837217791504     
          38          40  0.97647127653208776     
          38          41  0.97751406731404877     
          12          42   1.1048475443282890     
          42          43  0.95861103263983150     
          42          44   1.8861426154587413     
          44          45  0.97582617569773844     
          44          46  0.97935883598465057     
          15          47   1.0326254321457617     
          47          48  0.96815795741552813     
          47          49  0.97579918846394698     
          47          50  0.97780466869532789     
          16          51   1.1033728913120717     
          51          52  0.95816557113400103     
          51          53   1.8877615878334248     
          53          54  0.97584927835582402     
          53          55  0.97934127206128385     
          19          56   1.0294347640979520     
          56          57  0.97260851146766947     
          56          58  0.97338424206627905     
          56          59  0.98049557602550019     
          20          60   1.0289146568421332     
          60          61  0.98050618612487661     
          60          62  0.97370035026761637     
          60          63  0.97287351533865407     
          64          65  0.97109865313015375     
          64          66  0.97107052295849283     
          64          67  0.98194826393512746     
          68          69  0.94135817844528424     
          64          70   1.0316791651123127     
          68          70   1.1881076275445885     
          68          71   1.2632617213637114     
          70          71  0.11254677479487823     
          71          72  0.95372392092038649     
           1          73  0.49383576411207875     
          71          73   1.4811141863641331     
          70          74   1.5596899366738244     
          73          74   1.2481279003634167     
          74          75  0.95907731175133204     
          76          77  0.98022492129457062     
          76          78  0.97945058787105355     
          76          79  0.98643084678554627     
          76          80   1.0263474603342229     
          80          81  0.96800493174637858     
          80          82  0.97312539210314619     
           1          83  0.39540618717483755     
          80          83  0.96217201984177125     
          83          84  0.99618778669021502     
          84          85  0.97711634420160676     
          84          86  0.98071696143198528     
          84          87  0.97547925508331113     
