    0.42844433
   -0.21814965
   -0.21753552
   -0.22370095
   -0.22372560
    0.05272641
   -0.02983368
   -0.02827971
    0.05494371
    0.05338340
   -0.02180171
   -0.03483401
    0.05536742
    0.05196906
   -0.02452152
   -0.03382747
    0.05542895
    0.05329486
   -0.03082355
   -0.03309404
    0.04972471
   -0.07381580
    0.03390666
   -0.06765229
    0.03621882
   -0.07262742
    0.03092604
   -0.07122796
    0.03204699
   -0.09865167
    0.03417674
    0.03465512
    0.03831306
   -0.09822049
    0.03784915
    0.03301715
    0.03418243
   -0.09994137
    0.03740683
    0.03447456
    0.04182905
   -0.02723320
    0.02274490
   -0.09721072
    0.03416286
    0.02247351
   -0.09883863
    0.03559046
    0.03323306
    0.04124230
   -0.02728224
    0.02352367
   -0.09686353
    0.03363320
    0.02213889
   -0.09773178
    0.03611067
    0.03463814
    0.03311025
   -0.09792403
    0.03352442
    0.03278767
    0.03613725
   -0.11707283
    0.05594472
    0.05600051
    0.06326586
   -0.08477094
    0.17363673
    0.03782388
    0.07415656
    0.06959918
   -0.13040568
   -0.00193688
    0.06622085
   -0.10795557
    0.04538724
    0.05758140
    0.04851218
   -0.02086471
    0.05769833
    0.05077988
   -0.06028280
   -0.07230796
    0.06423888
    0.05930211
    0.07146092
