           1           2  0.58983598280248384     
           1           3  0.58699729064188422     
           1           4  0.58325661892003733     
           1           5  0.58727435415907892     
           2           6   1.2547838462856635     
           6           7   1.1287353173659169     
           7           8   1.6076838097471111     
           2           9   1.2466148264977166     
           8           9   1.1280487426127350     
           3          10   1.2441594489462413     
          10          11   1.1574370813439840     
          11          12   1.5282480151356421     
           3          13   1.2560265983800756     
          12          13   1.1152835125985630     
           4          14   1.2390826337523750     
          14          15   1.1604120179992519     
          15          16   1.5237294662686949     
           4          17   1.2606959994450486     
          16          17   1.1189383567325526     
           5          18   1.2494514777188854     
          18          19   1.1309717923270814     
          19          20   1.6040034437586745     
           5          21   1.2509976115831085     
          20          21   1.1313960029544443     
           6          22   1.3533890915102067     
          21          22   1.3548779639982431     
          22          23  0.96254788623682097     
           9          24   1.3658031273158966     
          10          24   1.3387608337731369     
          24          25  0.96099532579602021     
          13          26   1.3615779420167953     
          14          26   1.3417755432378797     
          26          27  0.95875146485250562     
          17          28   1.3499180981725556     
          18          28   1.3574119330762953     
          28          29  0.96034186401967414     
           8          30   1.0287028248744534     
          30          31  0.98061422791185726     
          30          32  0.97347782732191468     
          30          33  0.97352455714886177     
           7          34   1.0286837459125011     
          34          35  0.97320967714157058     
          34          36  0.97382270745392363     
          34          37  0.98062913885536662     
          11          38   1.0322897226128007     
          38          39  0.97687085611490088     
          38          40  0.96819495018886670     
          38          41  0.97746945534887231     
          12          42   1.1078735471131993     
          42          43  0.95863592455482938     
          42          44   1.8822671515588256     
          44          45  0.97588314569745838     
          44          46  0.97950828648807453     
          15          47   1.0321697240379102     
          47          48  0.96837296762056413     
          47          49  0.97678246291416404     
          47          50  0.97739256058802182     
          16          51   1.1083245028229485     
          51          52  0.95871438911035911     
          51          53   1.8818537274490246     
          53          54  0.97588589080469790     
          53          55  0.97951679649172585     
          19          56   1.0286065484305260     
          56          57  0.97378747088083584     
          56          58  0.97329846405992571     
          56          59  0.98061758450360492     
          20          60   1.0286095039590688     
          60          61  0.97333859477510942     
          60          62  0.98066087993858264     
          60          63  0.97377605665871492     
          64          65  0.97172533915201287     
          64          66  0.97134877036169676     
          64          67  0.98226087352548530     
          68          69  0.94195579317841172     
          64          70   1.0312067622096919     
          68          70   1.1872233020090177     
          68          71   1.2613794376754845     
          70          71  0.11269099996641989     
          71          72  0.95539339839627913     
           1          73  0.49343016919071420     
          71          73   1.4858536354501899     
          70          74   1.5614245835460114     
          73          74   1.2503127340944722     
          74          75  0.96062932265586176     
          76          77  0.97175790674731310     
          76          78  0.97128187578863334     
          76          79  0.98222929976475859     
          80          81  0.94199971126175797     
          76          82   1.0312397174158558     
          80          82   1.1871340626924358     
          80          83   1.2612482324475409     
          82          83  0.11271162180403289     
          83          84  0.95542854171756419     
           1          85  0.49363116765567139     
          83          85   1.4857545822283877     
          82          86   1.5614576548250125     
          85          86   1.2503057907314759     
          86          87  0.96058945186784261     
