    0.39591974
   -0.20446006
   -0.20904237
   -0.21564935
   -0.21060755
    0.05194490
   -0.03124277
   -0.03151915
    0.05207136
    0.05186498
   -0.02328517
   -0.03487276
    0.05270096
    0.04925578
   -0.02464399
   -0.03559785
    0.05187480
    0.04950703
   -0.03237666
   -0.03208397
    0.05133703
   -0.07099603
    0.03225481
   -0.07043980
    0.03216740
   -0.07294457
    0.03100366
   -0.07351590
    0.03116775
   -0.09725453
    0.03227690
    0.03383502
    0.03396776
   -0.09727693
    0.03362796
    0.03423046
    0.03221512
   -0.09894791
    0.03325036
    0.03534104
    0.04047715
   -0.02694443
    0.02129072
   -0.09851588
    0.03279870
    0.02015590
   -0.09848540
    0.03395951
    0.03378496
    0.04052278
   -0.02696252
    0.02137937
   -0.09872106
    0.03217893
    0.02009074
   -0.09683088
    0.03496186
    0.03220130
    0.03215724
   -0.09719342
    0.03384301
    0.03209417
    0.03385112
   -0.11602648
    0.05422617
    0.05462916
    0.06154631
   -0.08632725
    0.17189920
    0.03679467
    0.07510105
    0.06729464
   -0.12558658
   -0.00152364
    0.06440294
   -0.11604093
    0.05414887
    0.05474012
    0.06171047
   -0.08641153
    0.17176367
    0.03686864
    0.07496937
    0.06720678
   -0.12556478
   -0.00143345
    0.06446126
