           1           2  0.58056641491375105     
           1           3  0.57676318563072781     
           1           4  0.57425826064273822     
           1           5  0.57613921158099290     
           2           6   1.2467992419268619     
           6           7   1.1263824144456946     
           7           8   1.6097989174162197     
           2           9   1.2522753202431891     
           8           9   1.1273973571344322     
           3          10   1.2470505714897964     
          10          11   1.1327615390361758     
          11          12   1.6011886809615214     
           3          13   1.2479268397932757     
          12          13   1.1328941803922952     
           4          14   1.2589512868951975     
          14          15   1.1180261462136700     
          15          16   1.5308032825459097     
           4          17   1.2371972546807939     
          16          17   1.1569738755447923     
           5          18   1.2530668962678724     
          18          19   1.1157534047779356     
          19          20   1.5316373514467545     
           5          21   1.2456890827694176     
          20          21   1.1557491339722912     
           6          22   1.3693098646811532     
          21          22   1.3413168254441032     
          22          23  0.96069689319052276     
           9          24   1.3568293809608793     
          10          24   1.3524043258792355     
          24          25  0.96228853358210864     
          13          26   1.3566233236896650     
          14          26   1.3527608706469896     
          26          27  0.96012220273371573     
          17          28   1.3436310404597112     
          18          28   1.3613119950581656     
          28          29  0.95882343037428441     
           7          30   1.0297323159452394     
          30          31  0.97288257914380505     
          30          32  0.97282868715102844     
          30          33  0.98045444024753536     
           8          34   1.0292317569621645     
          34          35  0.97313435676632987     
          34          36  0.97321573030556485     
          34          37  0.98046837540667253     
          20          38   1.0329947407572506     
          38          39  0.96762332009725860     
          38          40  0.97643103374518003     
          38          41  0.97754876274977220     
          19          42   1.1047326216220463     
          42          43  0.95861482339060744     
          42          44   1.8862709734824119     
          44          45  0.97581965361825040     
          44          46  0.97935379359357344     
          16          47   1.0326372388307006     
          47          48  0.96812470640431858     
          47          49  0.97584023768243044     
          47          50  0.97776084458000612     
          15          51   1.1036493886694247     
          51          52  0.95814979542708456     
          51          53   1.8874791052352478     
          53          54  0.97584161539527847     
          53          55  0.97934886805047860     
          12          56   1.0294318148500805     
          56          57  0.98049801472085774     
          56          58  0.97269095040291242     
          56          59  0.97331049165952821     
          11          60   1.0289002873468061     
          60          61  0.98050371928989644     
          60          62  0.97379165034464077     
          60          63  0.97280960107916781     
          64          65  0.97107220056360943     
          64          66  0.97110636848699095     
          64          67  0.98195371289922084     
          68          69  0.94136727374797047     
          64          70   1.0316730640628737     
          68          70   1.1880800561265739     
          68          71   1.2632865582593296     
          70          71  0.11254787143740798     
          71          72  0.95354857100458945     
           1          73  0.49375131051564330     
          71          73   1.4811407644355414     
          70          74   1.5597126094377651     
          73          74   1.2481198188504743     
          74          75  0.95897983167855982     
          76          77  0.98024317961646501     
          76          78  0.97888709000154184     
          76          79  0.98642418191989878     
          76          80   1.0263065978638848     
          80          81  0.96837182595770555     
          80          82  0.97314039709350597     
           1          83  0.39613141727156392     
          80          83  0.96211407987512054     
          83          84  0.99609696937005188     
          84          85  0.97720937509103123     
          84          86  0.98078149422209249     
          84          87  0.97521785566080366     
