    0.43032849
   -0.23012515
   -0.22454119
   -0.21175598
   -0.21757989
    0.05081041
   -0.03268845
   -0.03407987
    0.04881248
    0.05064877
   -0.03288182
   -0.03079270
    0.05217983
    0.05874978
   -0.03040326
   -0.01980191
    0.05596820
    0.05634353
   -0.03314817
   -0.02337658
    0.05233965
   -0.07142530
    0.03266671
   -0.07755476
    0.02996567
   -0.06838967
    0.03508785
   -0.06789140
    0.03527434
   -0.09754332
    0.03418486
    0.03456866
    0.03275848
   -0.09681260
    0.03408638
    0.03263503
    0.03259608
   -0.09942437
    0.03605902
    0.03383564
    0.04190253
   -0.02687482
    0.02363860
   -0.09672921
    0.03401564
    0.02286117
   -0.10025319
    0.03996943
    0.03403358
    0.04227806
   -0.02623677
    0.02396259
   -0.09649243
    0.03580646
    0.02290092
   -0.09832888
    0.03700623
    0.03490521
    0.03326873
   -0.09718411
    0.03324516
    0.03236789
    0.03484678
   -0.11725627
    0.05601682
    0.05619148
    0.06354621
   -0.08526450
    0.17364661
    0.03824916
    0.07435738
    0.06866479
   -0.12980961
   -0.00184352
    0.06662001
   -0.10814781
    0.04522237
    0.04889194
    0.05806524
   -0.02089967
    0.05021127
    0.05678301
   -0.05947024
   -0.07251808
    0.05890224
    0.06357986
    0.07166824
