           1           2  0.58544365005375254     
           1           3  0.58385498623554366     
           1           4  0.59621472086557292     
           1           5  0.59781927090479048     
           2           6   1.2472007381748753     
           6           7   1.1372893379654332     
           7           8   1.5980244906896055     
           2           9   1.2373358180058394     
           8           9   1.1362596578809439     
           3          10   1.2350624605034981     
          10          11   1.1626253919598013     
          11          12   1.5245571400690954     
           3          13   1.2503505903040071     
          12          13   1.1227096519223185     
           4          14   1.2398212197066041     
          14          15   1.1499925655980130     
          15          16   1.5372770006902199     
           4          17   1.2618024927952904     
          16          17   1.1129496195725370     
           5          18   1.2507860300202076     
          18          19   1.1260008020992860     
          19          20   1.6100775671972181     
           5          21   1.2497544628937054     
          20          21   1.1261975204931023     
           6          22   1.3536369620544899     
          21          22   1.3622915808223879     
          22          23  0.96201111512420179     
           9          24   1.3652583788338650     
          10          24   1.3414408477598454     
          24          25  0.96078963479855206     
          13          26   1.3604713754524045     
          14          26   1.3517271452333532     
          26          27  0.95858314315130100     
          17          28   1.3543921931323479     
          18          28   1.3603199234834371     
          28          29  0.96002695555174744     
           8          30   1.0287498969131905     
          30          31  0.98044387798893573     
          30          32  0.97332154963888029     
          30          33  0.97345577823951390     
           7          34   1.0293735140478557     
          34          35  0.97280768752502145     
          34          36  0.97314232475405216     
          34          37  0.98049146080295058     
          11          38   1.0322740370709449     
          38          39  0.97669366398257595     
          38          40  0.96824537321237136     
          38          41  0.97734162631094346     
          12          42   1.1047516707161700     
          42          43  0.95835326119007003     
          42          44   1.8865910843672105     
          44          45  0.97579592101699730     
          44          46  0.97933092404399458     
          15          47   1.0332775655645059     
          47          48  0.97595722314142574     
          47          49  0.96775929062836674     
          47          50  0.97750274528932890     
          16          51   1.1036164571840477     
          51          52  0.95824636889737547     
          51          53   1.8878955454557929     
          53          54  0.97578699294223803     
          53          55  0.97929141964144584     
          19          56   1.0298919768360482     
          56          57  0.97250040555479389     
          56          58  0.97294716513274593     
          56          59  0.98042125009145320     
          20          60   1.0295506613314325     
          60          61  0.98042419178817020     
          60          62  0.97315864617811587     
          60          63  0.97284816365075466     
           1          64  0.26216417550015975     
          64          65  0.88382293745429985     
          64          66  0.88413220107234314     
          67          68  0.97098360668747241     
          67          69  0.97092984918804670     
          67          70  0.98183821391491244     
          71          72  0.94121333164570775     
          67          73   1.0317180105752970     
          71          73   1.1887706096755328     
          71          74   1.2621077545454726     
          73          74  0.11199412296403619     
          74          75  0.95480770665504078     
           1          76  0.50925472094330448     
          74          76   1.4799209575708980     
          73          77   1.5603076367256927     
          76          77   1.2458001504692982     
          77          78  0.95766493438432998     
