           1           2  0.58474152362633747     
           1           3  0.59511832675283982     
           1           4  0.59704932048211179     
           1           5  0.58504305333090478     
           2           6   1.2463988251776545     
           6           7   1.1367629331784836     
           7           8   1.5982186835040424     
           2           9   1.2381344791131819     
           8           9   1.1366036608203014     
           3          10   1.2440301205264745     
          10          11   1.1526888526540406     
          11          12   1.5415657684399482     
           3          13   1.2553740499214929     
          12          13   1.1140785093600407     
           4          14   1.2404773266095164     
          14          15   1.1512453939787479     
          15          16   1.5355609096089027     
           4          17   1.2597018671309246     
          16          17   1.1130463461821660     
           5          18   1.2433364754607716     
          18          19   1.1358393154535937     
          19          20   1.5990907854853480     
           5          21   1.2441220796077399     
          20          21   1.1358250403746417     
           6          22   1.3549535803245187     
          21          22   1.3589116409936619     
          22          23  0.96219098029662686     
           9          24   1.3653361193566198     
          10          24   1.3430915165684849     
          24          25  0.96219125448592369     
          13          26   1.3622003094107868     
          14          26   1.3506952037071114     
          26          27  0.95647677809883869     
          17          28   1.3556413288651494     
          18          28   1.3574409941022185     
          28          29  0.95983872906176027     
           8          30   1.0289416163825229     
          30          31  0.97309732637443791     
          30          32  0.98050480920298599     
          30          33  0.97342095489408198     
           7          34   1.0290937549577421     
          34          35  0.97317667935344643     
          34          36  0.97316061350388205     
          34          37  0.98050681104874537     
          11          38   1.0308902536725710     
          38          39  0.97103154310414619     
          38          40  0.97329088792889884     
          38          41  0.98227721302839166     
          12          42   1.0956516142862980     
          42          43  0.95766150262080285     
          42          44   1.8965458339969414     
          44          45  0.97523570313640895     
          44          46  0.97904966947793837     
          15          47   1.0339161939794232     
          47          48  0.97736216240850493     
          47          49  0.97584082375211190     
          47          50  0.96689601645788992     
          16          51   1.1049092075014049     
          51          52  0.95822195764838669     
          51          53   1.8865098950691972     
          53          54  0.97570837798452581     
          53          55  0.97933510740229046     
          19          56   1.0293183911682897     
          56          57  0.97300086238162486     
          56          58  0.97299924865567811     
          56          59  0.98048680888407747     
          20          60   1.0291091924141580     
          60          61  0.98049246793794487     
          60          62  0.97299114972715550     
          60          63  0.97340701606138358     
           1          64  0.26259980395114924     
          64          65  0.88352972052251222     
          64          66  0.88438666873704608     
          67          68  0.97100989240177993     
          67          69  0.97096920563822109     
          67          70  0.98189422339999133     
          71          72  0.94123926867851693     
          67          73   1.0317075642682718     
          71          73   1.1887233883546564     
          71          74   1.2618605118575339     
          73          74  0.11223646334206633     
          74          75  0.95408993287856969     
           1          76  0.51062527073328434     
          74          76   1.4787641720011591     
          73          77   1.5599100758043949     
          76          77   1.2460400104215581     
          77          78  0.95892962309353336     
