           1           2  0.58277491425092398     
           1           3  0.56793058259424190     
           1           4  0.56462166342958842     
           1           5  0.58340018876133226     
           2           6   1.2557996809751195     
           6           7   1.1258044560356402     
           7           8   1.6109148411544709     
           2           9   1.2455044950477936     
           8           9   1.1252952390977793     
           3          10   1.2355635487787777     
          10          11   1.1615591835170960     
          11          12   1.5275011918905559     
           3          13   1.2476484709168592     
          12          13   1.1230440128587589     
           4          14   1.2334568372995596     
          14          15   1.1592687347856265     
          15          16   1.5362019700304219     
           4          17   1.2523475199432581     
          16          17   1.1243704368194256     
           5          18   1.2479803025930314     
          18          19   1.1245349464646242     
          19          20   1.6115557708360149     
           5          21   1.2521486441458975     
          20          21   1.1251573423614165     
           6          22   1.3577908960795420     
          21          22   1.3621190503059177     
          22          23  0.96151780368227158     
           9          24   1.3693686487691807     
          10          24   1.3427588409990561     
          24          25  0.96047171745265136     
          13          26   1.3623500949212395     
          14          26   1.3492301724237601     
          26          27  0.96000441789628299     
          17          28   1.3530349724572350     
          18          28   1.3654266293084465     
          28          29  0.95781629691160597     
           8          30   1.0301004758055314     
          30          31  0.98024148860309268     
          30          32  0.97218383730419300     
          30          33  0.97300242731018893     
           7          34   1.0305451911745689     
          34          35  0.97310780780792727     
          34          36  0.97147144322719692     
          34          37  0.98026094533584529     
          11          38   1.0333101833159088     
          38          39  0.96740513926103122     
          38          40  0.97606833713241370     
          38          41  0.97725627132818227     
          12          42   1.1023494679754462     
          42          43  0.95841758280858846     
          42          44   1.8895529271428935     
          44          45  0.97567546850670417     
          44          46  0.97919979896590914     
          15          47   1.0314853985777428     
          47          48  0.97052171943135412     
          47          49  0.97261311880983736     
          47          50  0.98248060826359174     
          16          51   1.0909279430238212     
          51          52  0.95764340043928575     
          51          53   1.9024170784501280     
          53          54  0.97880302580520373     
          53          55  0.97476788702002382     
          19          56   1.0306677116842873     
          56          57  0.97134776601586481     
          56          58  0.97307736313285431     
          56          59  0.98021562136553642     
          20          60   1.0306192327788535     
          60          61  0.97229968728609140     
          60          62  0.98030150037040231     
          60          63  0.97226638883630012     
           1          64  0.27433844230190035     
          64          65  0.87999390624143570     
          64          66  0.88079318932544082     
          67          68  0.98102960192035471     
          67          69  0.97872298395852175     
          67          70  0.97453721019709594     
           1          71  0.43758732333623324     
          67          71  0.99321392088271299     
          71          72  0.94238901642616668     
