           1           2  0.58494706306666877     
           1           3  0.59395467830730020     
           1           4  0.59975211258632710     
           1           5  0.58488518658693456     
           2           6   1.2461202585756994     
           6           7   1.1371921951801260     
           7           8   1.5978048433112060     
           2           9   1.2372331810234569     
           8           9   1.1369234308065455     
           3          10   1.2436430478762752     
          10          11   1.1537566138324367     
          11          12   1.5398658425909908     
           3          13   1.2552031570358928     
          12          13   1.1148892077106964     
           4          14   1.2403439826691764     
          14          15   1.1500971497098615     
          15          16   1.5364843075485306     
           4          17   1.2599660013518732     
          16          17   1.1123184286014951     
           5          18   1.2437743036343780     
          18          19   1.1357144491617313     
          19          20   1.5992994544259547     
           5          21   1.2440603053632739     
          20          21   1.1355720995700302     
           6          22   1.3548639716666964     
          21          22   1.3589871622820902     
          22          23  0.96219068877405367     
           9          24   1.3656557990953178     
          10          24   1.3423979824288312     
          24          25  0.96222000959335818     
          13          26   1.3615743664902369     
          14          26   1.3514479754369337     
          26          27  0.95655410755112114     
          17          28   1.3556979117363117     
          18          28   1.3574146072216080     
          28          29  0.96033649466933069     
           8          30   1.0288922735726893     
          30          31  0.98049396307938175     
          30          32  0.97298614760050606     
          30          33  0.97358963024140932     
           7          34   1.0290999878838996     
          34          35  0.97327862224982009     
          34          36  0.97303863297340309     
          34          37  0.98050769490192458     
          11          38   1.0308563689414139     
          38          39  0.97330658547580418     
          38          40  0.97106277352840553     
          38          41  0.98222403158309701     
          12          42   1.0966086779176356     
          42          43  0.95775023472043774     
          42          44   1.8955639908873987     
          44          45  0.97507175644100652     
          44          46  0.97906449281614694     
          15          47   1.0337845813771931     
          47          48  0.97597834511180370     
          47          49  0.96726456755784729     
          47          50  0.97712949022107942     
          16          51   1.1050627932570500     
          51          52  0.95868540114429446     
          51          53   1.8862225195230129     
          53          54  0.97576837400410166     
          53          55  0.97934892510565930     
          19          56   1.0293940063396176     
          56          57  0.97265909220637614     
          56          58  0.97327695543085491     
          56          59  0.98049008116986769     
          20          60   1.0291068773290115     
          60          61  0.98048658583491333     
          60          62  0.97349106241273120     
          60          63  0.97293306906619947     
           1          64  0.26197567774021757     
          64          65  0.88394280944126757     
          64          66  0.88375997587381327     
          67          68  0.97101137949950378     
          67          69  0.97095264732392750     
          67          70  0.98186105144305147     
          71          72  0.94123511107385349     
          67          73   1.0317201087490393     
          71          73   1.1887583167100149     
          71          74   1.2618624728299643     
          73          74  0.11225910909095362     
          74          75  0.95428424713227467     
           1          76  0.51021888793879788     
          74          76   1.4788727656954903     
          73          77   1.5599544317737122     
          76          77   1.2460664384637932     
          77          78  0.95868468411516916     
