    0.39331455
   -0.20971611
   -0.20872956
   -0.20908597
   -0.21024756
    0.04902501
   -0.03348290
   -0.03107149
    0.05159826
    0.05207922
   -0.02230923
   -0.03592126
    0.05232966
    0.04959102
   -0.02498329
   -0.03334771
    0.05510349
    0.05179663
   -0.03072746
   -0.03390884
    0.04888941
   -0.07637283
    0.03000529
   -0.06864773
    0.03326085
   -0.07524560
    0.02959548
   -0.06830380
    0.03310589
   -0.09736011
    0.03211237
    0.03486144
    0.03359306
   -0.09671304
    0.03192244
    0.03375722
    0.03203737
   -0.09900073
    0.03360321
    0.03495795
    0.04098204
   -0.02730120
    0.02229947
   -0.09910738
    0.03187359
    0.02001716
   -0.09839415
    0.03531666
    0.03186123
    0.04035541
   -0.02658020
    0.02281170
   -0.09828648
    0.03282417
    0.02031608
   -0.09731959
    0.03459847
    0.03476950
    0.03201342
   -0.09663321
    0.03168283
    0.03214135
    0.03360796
   -0.11595633
    0.05445664
    0.05425903
    0.06146573
   -0.08630562
    0.17196394
    0.03663996
    0.07528084
    0.06801979
   -0.12581842
   -0.00156109
    0.06485655
   -0.11604494
    0.05462185
    0.05419301
    0.06208097
   -0.08651383
    0.17152280
    0.03688230
    0.07492128
    0.06766531
   -0.12566122
   -0.00122992
    0.06504794
