           1           2  0.58921810714350265     
           1           3  0.58846249104363912     
           1           4  0.58610730626507679     
           1           5  0.58805645919001948     
           2           6   1.2530624673565904     
           6           7   1.1308672866931992     
           7           8   1.6052967831547751     
           2           9   1.2464527138553478     
           8           9   1.1297852072491517     
           3          10   1.2442784409904386     
          10          11   1.1575497348206691     
          11          12   1.5280155131521087     
           3          13   1.2555358155685659     
          12          13   1.1155576423732640     
           4          14   1.2394202447446572     
          14          15   1.1576546483752674     
          15          16   1.5278520451088631     
           4          17   1.2623921737715444     
          16          17   1.1170780606591353     
           5          18   1.2508024639685666     
          18          19   1.1308602724319314     
          19          20   1.6037844912550536     
           5          21   1.2495516168012843     
          20          21   1.1317641608379132     
           6          22   1.3505743743916481     
          21          22   1.3533987745148706     
          22          23  0.96273295071288700     
           9          24   1.3663623101661300     
          10          24   1.3405443091848852     
          24          25  0.96090143762000757     
          13          26   1.3587602188208594     
          14          26   1.3413530420896660     
          26          27  0.95890219212142314     
          17          28   1.3522973218656908     
          18          28   1.3581871585108509     
          28          29  0.96026656366812746     
           8          30   1.0288386818676327     
          30          31  0.98060893461094145     
          30          32  0.97345653732737936     
          30          33  0.97336239967482718     
           7          34   1.0282540187490827     
          34          35  0.97384420059947208     
          34          36  0.97369067459721270     
          34          37  0.98062832706002256     
          11          38   1.0324052405623447     
          38          39  0.97655969733186154     
          38          40  0.96826836277651052     
          38          41  0.97762112365032705     
          12          42   1.1073844255507717     
          42          43  0.95859877983769715     
          42          44   1.8825681391051203     
          44          45  0.97596900551608545     
          44          46  0.97950530879829645     
          15          47   1.0320492288329093     
          47          48  0.96835050000635381     
          47          49  0.97680571039768227     
          47          50  0.97755995985378485     
          16          51   1.1068263558577704     
          51          52  0.95858854709341546     
          51          53   1.8837159836309407     
          53          54  0.97585751922555763     
          53          55  0.97947199221604242     
          19          56   1.0290233899662882     
          56          57  0.97353991746287738     
          56          58  0.97301027443996191     
          56          59  0.98061066234983651     
          20          60   1.0281854256721386     
          60          61  0.97401430045139126     
          60          62  0.98063667751325900     
          60          63  0.97362572670987890     
          64          65  0.97150662144073818     
          64          66  0.97159218510913459     
          64          67  0.98227320167542309     
          68          69  0.94191546242583102     
          64          70   1.0312077777101545     
          68          70   1.1869315316575719     
          68          71   1.2624008869457697     
          70          71  0.11261618769243735     
          71          72  0.95439625449731302     
           1          73  0.48957538309110038     
          71          73   1.4874596311024677     
          70          74   1.5616391227216126     
          73          74   1.2510919489149517     
          74          75  0.96017554453639797     
          76          77  0.97128800336172705     
          76          78  0.97170319763469115     
          76          79  0.98215947638895007     
          80          81  0.94205447479876225     
          76          82   1.0313094244281464     
          80          82   1.1867795772104484     
          80          83   1.2617864783148252     
          82          83  0.11277728233599693     
          83          84  0.95460128735139094     
           1          85  0.49014836951224039     
          83          85   1.4873089070216965     
          82          86   1.5617297887914698     
          85          86   1.2510679178461050     
          86          87  0.96012941133016139     
