    0.44061170
   -0.23407277
   -0.21014924
   -0.20420052
   -0.22841029
    0.04780847
   -0.03200610
   -0.03318396
    0.04606810
    0.05056649
   -0.02228026
   -0.03051010
    0.05843519
    0.05638734
   -0.01874822
   -0.03169823
    0.05657610
    0.04958370
   -0.03132222
   -0.03167270
    0.04843125
   -0.07457815
    0.03414378
   -0.07534480
    0.03416234
   -0.06351557
    0.03846485
   -0.07110849
    0.03509405
   -0.09838558
    0.03363270
    0.03372256
    0.03556386
   -0.09850058
    0.03510177
    0.03517545
    0.03342270
   -0.10016084
    0.03555436
    0.03483341
    0.04347447
   -0.02647745
    0.02673743
   -0.09726098
    0.03333085
    0.02338714
   -0.10100623
    0.03719291
    0.03768398
    0.04361931
   -0.02676644
    0.02530582
   -0.09742912
    0.03432540
    0.02291194
   -0.09877218
    0.03604350
    0.03588949
    0.03370561
   -0.09849478
    0.03383612
    0.03535625
    0.03460411
   -0.48063887
    0.32135969
    0.32129118
   -0.11792528
    0.05688893
    0.05637609
    0.06391398
   -0.08413159
    0.17430523
    0.03851843
    0.07276760
    0.06985250
   -0.13164970
   -0.00311508
    0.06749817
