    0.44463586
   -0.21198943
   -0.22006940
   -0.22856529
   -0.22211625
    0.05472146
   -0.02823496
   -0.03059068
    0.05210375
    0.05308069
   -0.02208483
   -0.03214060
    0.05655987
    0.05454209
   -0.02097935
   -0.03446460
    0.05152501
    0.04792827
   -0.03136961
   -0.02882871
    0.05391542
   -0.06722896
    0.03780550
   -0.07196897
    0.03519917
   -0.06820045
    0.03466619
   -0.07780076
    0.03266541
   -0.09831680
    0.03445689
    0.03778833
    0.03276543
   -0.09903153
    0.03508482
    0.03835453
    0.03427890
   -0.09939186
    0.03315138
    0.03843043
    0.04162755
   -0.02574057
    0.02398087
   -0.09769130
    0.03451411
    0.02158952
   -0.09979950
    0.03655775
    0.03577856
    0.04209396
   -0.02771274
    0.02302331
   -0.09722477
    0.03416193
    0.02240752
   -0.09807454
    0.03534270
    0.03509366
    0.03398508
   -0.09902589
    0.03416432
    0.03733346
    0.03553038
   -0.11772748
    0.05641646
    0.05655681
    0.06384924
   -0.08414988
    0.17423357
    0.03830896
    0.07315560
    0.06965182
   -0.13341186
   -0.00253873
    0.06720718
   -0.10995016
    0.05218976
    0.04462942
    0.04060400
    0.01062977
   -0.03690777
    0.03982350
   -0.04572827
    0.05625549
    0.13972374
   -0.33065407
    0.32792786
   -0.03916001
    0.03617616
   -0.06228692
    0.03297405
