    0.41981055
   -0.22393950
   -0.21161482
   -0.21948402
   -0.23314968
    0.04929651
   -0.03323896
   -0.03039861
    0.05313311
    0.05658660
   -0.01946332
   -0.03066675
    0.05900222
    0.05507663
   -0.02054585
   -0.03213100
    0.05494579
    0.05040653
   -0.03093332
   -0.03429081
    0.04790504
   -0.07857983
    0.03018654
   -0.06699589
    0.03593265
   -0.06732374
    0.03561311
   -0.07214279
    0.03340953
   -0.09824122
    0.03341554
    0.03665099
    0.03509063
   -0.09747427
    0.03296250
    0.03468042
    0.03348960
   -0.10022937
    0.03453203
    0.03908627
    0.04244888
   -0.02646515
    0.02413997
   -0.09594989
    0.03579502
    0.02351312
   -0.10031768
    0.03675637
    0.03717139
    0.04281231
   -0.02656434
    0.02391814
   -0.09662208
    0.03454500
    0.02293606
   -0.09778508
    0.03571010
    0.03524975
    0.03304659
   -0.09705025
    0.03259904
    0.03326547
    0.03399642
   -0.11741794
    0.05657754
    0.05621779
    0.06367806
   -0.08483953
    0.17397227
    0.03850347
    0.07364651
    0.06969488
   -0.12876066
   -0.00250024
    0.06748076
   -0.06986689
    0.07400560
    0.06646820
    0.07167308
   -0.12143476
    0.16538368
