           1           2  0.57728925205181447     
           1           3  0.57962379970324651     
           1           4  0.57411281385773616     
           1           5  0.57145176939866948     
           2           6   1.2499595394946590     
           6           7   1.1326684916078442     
           7           8   1.6037238878037547     
           2           9   1.2468480121354690     
           8           9   1.1313912087155655     
           3          10   1.2461014756768947     
          10          11   1.1492063761472353     
          11          12   1.5394718885674177     
           3          13   1.2574480024681425     
          12          13   1.1116299193877515     
           4          14   1.2404293167892417     
          14          15   1.1544215806938110     
          15          16   1.5330089954161181     
           4          17   1.2589008991263846     
          16          17   1.1160661279069566     
           5          18   1.2481227286575172     
          18          19   1.1351247487920082     
          19          20   1.5996206028911721     
           5          21   1.2441932220600582     
          20          21   1.1358913605350451     
           6          22   1.3526663397312333     
          21          22   1.3534425275182305     
          22          23  0.96254701144568089     
           9          24   1.3644929438242386     
          10          24   1.3472666983560515     
          24          25  0.96061424862343303     
          13          26   1.3630332975216950     
          14          26   1.3457977956324387     
          26          27  0.95851899857739586     
          17          28   1.3562500997945008     
          18          28   1.3567005077323644     
          28          29  0.96015301790362506     
           8          30   1.0295599105398614     
          30          31  0.98047123825483573     
          30          32  0.97306802430990480     
          30          33  0.97271276970545562     
           7          34   1.0287534075307729     
          34          35  0.97345625016224957     
          34          36  0.97335318726440623     
          34          37  0.98048499613898610     
          11          38   1.0333521675487161     
          38          39  0.97621420295439876     
          38          40  0.96741629117058514     
          38          41  0.97749785618654483     
          12          42   1.1035328376319147     
          42          43  0.95834085056220863     
          42          44   1.8881468682736762     
          44          45  0.97570213031630915     
          44          46  0.97927154696407570     
          15          47   1.0333830570105538     
          47          48  0.96765366649362461     
          47          49  0.97584190749755306     
          47          50  0.97733843325754521     
          16          51   1.1042246968404785     
          51          52  0.95846746007095962     
          51          53   1.8872491528521027     
          53          54  0.97577572895677922     
          53          55  0.97932407623538009     
          19          56   1.0294915263836562     
          56          57  0.97288893241171870     
          56          58  0.97289181792126089     
          56          59  0.98048052732717716     
          20          60   1.0286253832391190     
          60          61  0.97351665746187388     
          60          62  0.98049898746329722     
          60          63  0.97341907867587629     
          64          65  0.97085697535341409     
          64          66  0.97114432755626701     
          64          67  0.98188592379830042     
          68          69  0.94128381754914492     
          64          70   1.0317094998088621     
          68          70   1.1883130241987552     
          68          71   1.2623542309788984     
          70          71  0.11225520510736238     
          71          72  0.95333710259263627     
           1          73  0.50449339785570979     
          71          73   1.4791469622379745     
          70          74   1.5601853614451870     
          73          74   1.2454377934523029     
          74          75  0.95823675732311375     
          76          77  0.97530159056560761     
          76          78  0.98225335539724379     
          76          79  0.97970310097777702     
           1          80  0.37521617020209092     
          76          80  0.99725803255875878     
          80          81  0.94703225133239810     
