           1           2  0.59837903983152485     
           1           3  0.59682073180436346     
           1           4  0.58480424780936757     
           1           5  0.58405447041724912     
           2           6   1.2509498641761680     
           6           7   1.1276691743453857     
           7           8   1.6089190332210133     
           2           9   1.2463132992332286     
           8           9   1.1269567554802613     
           3          10   1.2461011068295031     
          10          11   1.1505790576599588     
          11          12   1.5373214563603961     
           3          13   1.2545001404739897     
          12          13   1.1113602732680952     
           4          14   1.2344816764187283     
          14          15   1.1610336409932369     
          15          16   1.5255193171890153     
           4          17   1.2538384097818884     
          16          17   1.1215761146191023     
           5          18   1.2426440596567323     
          18          19   1.1372867050907596     
          19          20   1.5966271381912911     
           5          21   1.2428822930806021     
          20          21   1.1383308358830300     
           6          22   1.3571559522037062     
          21          22   1.3551430407126952     
          22          23  0.96221352095869250     
           9          24   1.3684101372117277     
          10          24   1.3450392239156601     
          24          25  0.96049563904012847     
          13          26   1.3654746394360764     
          14          26   1.3443181599415559     
          26          27  0.95847870669571023     
          17          28   1.3553165407743337     
          18          28   1.3588580039463789     
          28          29  0.96011330338752976     
           8          30   1.0298576664617016     
          30          31  0.98042785360867835     
          30          32  0.97253101484075266     
          30          33  0.97297889394819292     
           7          34   1.0291659349354383     
          34          35  0.97320798097435801     
          34          36  0.97323363391732387     
          34          37  0.98041897549634260     
          11          38   1.0334474495076540     
          38          39  0.97639748876641175     
          38          40  0.96723686998531955     
          38          41  0.97738924679919548     
          12          42   1.1047279744068559     
          42          43  0.95835215889750014     
          42          44   1.8866786961774928     
          44          45  0.97570837494615348     
          44          46  0.97932331047317833     
          15          47   1.0329574861192463     
          47          48  0.96764964456020119     
          47          49  0.97639587175946874     
          47          50  0.97724448558419097     
          16          51   1.1050179835555003     
          51          52  0.95865332557154648     
          51          53   1.8861733461025507     
          53          54  0.97574569277257484     
          53          55  0.97935929687846413     
          19          56   1.0293301442269713     
          56          57  0.97333989101800245     
          56          58  0.97268629906305959     
          56          59  0.98046211664982885     
          20          60   1.0288673246480391     
          60          61  0.97352394365156625     
          60          62  0.98050657796897533     
          60          63  0.97309917407270630     
           1          64  0.26266606854059843     
          64          65  0.88429480127926419     
          64          66  0.88373197033376039     
          67          68  0.97072111808915307     
          67          69  0.97119752792997061     
          67          70  0.98186170368197112     
          71          72  0.94124077902425185     
          67          73   1.0317517128790981     
          71          73   1.1886754924988807     
          71          74   1.2621710565820388     
          73          74  0.11218173073864758     
          74          75  0.95383648230598195     
           1          76  0.50977502221639592     
          74          76   1.4790393275303657     
          73          77   1.5599556150929776     
          76          77   1.2462412291952480     
          77          78  0.95873785643039977     
