           1           2  0.58968273245206559     
           1           3  0.58698450068995645     
           1           4  0.58336813004535870     
           1           5  0.58725537855503751     
           2           6   1.2547638878267084     
           6           7   1.1287664650436653     
           7           8   1.6076376574351472     
           2           9   1.2465922140684427     
           8           9   1.1280964606298209     
           3          10   1.2440988720114341     
          10          11   1.1574853665382296     
          11          12   1.5281510037042110     
           3          13   1.2560617590193195     
          12          13   1.1153435723063376     
           4          14   1.2390323948371924     
          14          15   1.1603180763601342     
          15          16   1.5237725121944237     
           4          17   1.2607538798646842     
          16          17   1.1189073251504185     
           5          18   1.2493856128880383     
          18          19   1.1309457999936399     
          19          20   1.6040327791480276     
           5          21   1.2510663226963956     
          20          21   1.1313758414548118     
           6          22   1.3533814072110621     
          21          22   1.3548483485715594     
          22          23  0.96255586809784788     
           9          24   1.3657791998572955     
          10          24   1.3387511792616791     
          24          25  0.96102759871951771     
          13          26   1.3614355900466852     
          14          26   1.3419165998727676     
          26          27  0.95881273461526184     
          17          28   1.3498511957881458     
          18          28   1.3575088391693542     
          28          29  0.96035600701042778     
           8          30   1.0286980628296296     
          30          31  0.98061290381814425     
          30          32  0.97354687373797144     
          30          33  0.97346058494592469     
           7          34   1.0286861299510168     
          34          35  0.97317466857249491     
          34          36  0.97386201660302851     
          34          37  0.98062355118212996     
          11          38   1.0322757605970510     
          38          39  0.97691658104031198     
          38          40  0.96819692410736091     
          38          41  0.97745297655803143     
          12          42   1.1079364683060833     
          42          43  0.95868700442155030     
          42          44   1.8821970804876256     
          44          45  0.97587548861329043     
          44          46  0.97950956160448421     
          15          47   1.0321749819444943     
          47          48  0.96835521010128156     
          47          49  0.97684054381210428     
          47          50  0.97736504283737069     
          16          51   1.1083827937548667     
          51          52  0.95874748978186186     
          51          53   1.8817951149267707     
          53          54  0.97588467868161355     
          53          55  0.97951879547231713     
          19          56   1.0286118507104520     
          56          57  0.97387144669306824     
          56          58  0.97321539369836452     
          56          59  0.98060867628792836     
          20          60   1.0286137636881818     
          60          61  0.98066185278244444     
          60          62  0.97366564824946111     
          60          63  0.97344721168261761     
          64          65  0.97159870248410329     
          64          66  0.97147538187999061     
          64          67  0.98226070031229007     
          68          69  0.94195633005836354     
          64          70   1.0312080257723986     
          68          70   1.1872180853778476     
          68          71   1.2613596787799766     
          70          71  0.11268733651989193     
          71          72  0.95539544318221836     
           1          73  0.49361968609714479     
          71          73   1.4857933663884679     
          70          74   1.5614374288895196     
          73          74   1.2502575418255770     
          74          75  0.96061000359120741     
          76          77  0.97158876001959138     
          76          78  0.97145147010837518     
          76          79  0.98222918866883691     
          80          81  0.94200237255201968     
          76          82   1.0312402046597788     
          80          82   1.1871322918103635     
          80          83   1.2612157223453984     
          82          83  0.11270843355840163     
          83          84  0.95543282830872756     
           1          85  0.49368025531975940     
          83          85   1.4857502264699671     
          82          86   1.5614755292827827     
          85          86   1.2502705240323135     
          86          87  0.96057559107630219     
