    0.44058550
   -0.20980512
   -0.21132494
   -0.22803542
   -0.22743510
    0.05309072
   -0.02882042
   -0.02970911
    0.05296750
    0.05306204
   -0.02140351
   -0.03183846
    0.05531990
    0.04981179
   -0.02242701
   -0.03483248
    0.05157157
    0.04787258
   -0.03242181
   -0.03046265
    0.05037853
   -0.06948045
    0.03672090
   -0.06934677
    0.03705524
   -0.06976615
    0.03570357
   -0.07610953
    0.03258043
   -0.09896459
    0.03457887
    0.03900169
    0.03310715
   -0.09905016
    0.03511667
    0.03763763
    0.03439583
   -0.10064917
    0.03287698
    0.04000558
    0.04215329
   -0.02689347
    0.02367371
   -0.09679323
    0.03575880
    0.02313604
   -0.10026872
    0.03470785
    0.03738941
    0.04212151
   -0.02769187
    0.02350855
   -0.09724285
    0.03432751
    0.02261039
   -0.09824110
    0.03492388
    0.03527796
    0.03365294
   -0.09898467
    0.03389226
    0.03596681
    0.03574470
   -0.48042530
    0.32123461
    0.32142872
   -0.11775689
    0.05633183
    0.05677706
    0.06368541
   -0.08387186
    0.17433068
    0.03829576
    0.07265758
    0.07003899
   -0.13139243
   -0.00289074
    0.06726908
