           1           2  0.57378075878761914     
           1           3  0.57764354362901738     
           1           4  0.57565187989517985     
           1           5  0.57588035416543970     
           2           6   1.2431056434080596     
           6           7   1.1305176106905617     
           7           8   1.6044973952197896     
           2           9   1.2528235734147737     
           8           9   1.1316058397023245     
           3          10   1.2501008973918275     
          10          11   1.1291045543419003     
          11          12   1.6071326412838112     
           3          13   1.2489776247187818     
          12          13   1.1284416777197184     
           4          14   1.2611905162333330     
          14          15   1.1184884064297038     
          15          16   1.5312009626595573     
           4          17   1.2370621719132231     
          16          17   1.1557141879120725     
           5          18   1.2542870652401306     
          18          19   1.1160959381663775     
          19          20   1.5296904243593363     
           5          21   1.2423098794219953     
          20          21   1.1579243135922459     
           6          22   1.3662350308249522     
          21          22   1.3411813278995313     
          22          23  0.96092340545710964     
           9          24   1.3526167972075960     
          10          24   1.3582456994195744     
          24          25  0.96224477861464286     
          13          26   1.3606781163772304     
          14          26   1.3476212595250177     
          26          27  0.96050021525683715     
          17          28   1.3442011212687228     
          18          28   1.3614704564897382     
          28          29  0.95881859056910224     
           7          30   1.0291626468162256     
          30          31  0.97369566729533241     
          30          32  0.97272734301497510     
          30          33  0.98051427219026799     
           8          34   1.0292593571662658     
          34          35  0.97318866692946471     
          34          36  0.97305371157142162     
          34          37  0.98054777698956797     
          20          38   1.0327065156832691     
          38          39  0.97654618848715946     
          38          40  0.97750748537406296     
          38          41  0.96784460377130999     
          19          42   1.1055035366173434     
          42          43  0.95827337584021710     
          42          44   1.8854487984199380     
          44          45  0.97588186196606064     
          44          46  0.97940079449428130     
          16          47   1.0326039379588292     
          47          48  0.96815383168318991     
          47          49  0.97603278534636773     
          47          50  0.97780962232088908     
          15          51   1.1031211473269793     
          51          52  0.95868434006635006     
          51          53   1.8880747432862517     
          53          54  0.97579380392974224     
          53          55  0.97931757394459407     
          12          56   1.0296139676759415     
          56          57  0.98051390844943043     
          56          58  0.97237205972558050     
          56          59  0.97345501567542958     
          11          60   1.0293136051931260     
          60          61  0.98051997689851733     
          60          62  0.97292163438655133     
          60          63  0.97332220883920351     
          64          65  0.97114875401105238     
          64          66  0.97094237639225034     
          64          67  0.98192550159087788     
          68          69  0.94129937153417664     
          64          70   1.0317159752638769     
          68          70   1.1883509036007698     
          68          71   1.2630989834614468     
          70          71  0.11250592516625983     
          71          72  0.95473335050658481     
           1          73  0.49521484000084776     
          71          73   1.4803536629742924     
          70          74   1.5594002933963567     
          73          74   1.2480213306905825     
          74          75  0.95985055718264012     
          76          77  0.98017679268807678     
          76          78  0.97695372821475979     
          76          79  0.98636367256844415     
          76          80   1.0260642686136945     
          80          81  0.96980349709310065     
          80          82  0.97327231001027636     
           1          83  0.40141698043862595     
          80          83  0.96120381174697112     
          83          84  0.99509821043600943     
          84          85  0.97888780444393420     
          84          86  0.98121032197238311     
          84          87  0.97422647264436191     
