    0.44105787
   -0.20950170
   -0.23101511
   -0.22825992
   -0.20759038
    0.05533125
   -0.02782191
   -0.03069738
    0.05099270
    0.04748870
   -0.02754853
   -0.03430674
    0.05192336
    0.04931620
   -0.02268356
   -0.03430959
    0.05212103
    0.05224544
   -0.02965159
   -0.02755439
    0.05585699
   -0.06497702
    0.03892387
   -0.07424778
    0.03457627
   -0.07353782
    0.03942789
   -0.07310216
    0.03438652
   -0.09853634
    0.03446779
    0.03284700
    0.03759833
   -0.09943297
    0.03888292
    0.03547496
    0.03430396
   -0.09915335
    0.03739329
    0.03405151
    0.03658441
   -0.02671070
    0.02457581
   -0.09651981
    0.03243704
    0.02405905
   -0.10026741
    0.03686350
    0.03512671
    0.04203583
   -0.02768834
    0.02372817
   -0.09716244
    0.03443048
    0.02266147
   -0.09866775
    0.03721190
    0.03483317
    0.03448253
   -0.09947451
    0.03462330
    0.03577781
    0.03828165
   -0.11780316
    0.05671543
    0.05636849
    0.06372639
   -0.08426510
    0.17411172
    0.03839336
    0.07256305
    0.06983002
   -0.13187228
   -0.00308508
    0.06734672
   -0.48079820
    0.32154530
    0.32126185
