           1           2  0.59698720942860728     
           1           3  0.58685036265284574     
           1           4  0.58283709586224342     
           1           5  0.59906867057997526     
           2           6   1.2557493799156911     
           6           7   1.1269925404636452     
           7           8   1.6093371526049878     
           2           9   1.2431029145849082     
           8           9   1.1266962553450108     
           3          10   1.2378439601912927     
          10          11   1.1636073867747367     
          11          12   1.5297278770942406     
           3          13   1.2465972797729816     
          12          13   1.1224156801091598     
           4          14   1.2328288110159404     
          14          15   1.1606609314251810     
          15          16   1.5254216499616047     
           4          17   1.2559047429331278     
          16          17   1.1221972012703247     
           5          18   1.2471712855622463     
          18          19   1.1262894829254340     
          19          20   1.6096871491992124     
           5          21   1.2510142114339464     
          20          21   1.1267353283541182     
           6          22   1.3556007026866017     
          21          22   1.3612114216155515     
          22          23  0.96188433000809692     
           9          24   1.3699196262441198     
          10          24   1.3384555813402013     
          24          25  0.96216546496389999     
          13          26   1.3611504764543318     
          14          26   1.3489965387664036     
          26          27  0.95666991368218557     
          17          28   1.3502008333325410     
          18          28   1.3625063415033518     
          28          29  0.96018730694537680     
           8          30   1.0291696987483046     
          30          31  0.98044502585715321     
          30          32  0.97374496528826626     
          30          33  0.97272546408973659     
           7          34   1.0298368842050671     
          34          35  0.97218668309661305     
          34          36  0.97337890216358702     
          34          37  0.98046333014289699     
          11          38   1.0306739515355186     
          38          39  0.97078815402300256     
          38          40  0.97345582385639451     
          38          41  0.98239549656056013     
          12          42   1.0966236859100189     
          42          43  0.95788260497813349     
          42          44   1.8950827005684294     
          44          45  0.97503477625798551     
          44          46  0.97908148001164808     
          15          47   1.0330301693432815     
          47          48  0.96751509917345269     
          47          49  0.97660974711069137     
          47          50  0.97716875935352143     
          16          51   1.1051180525544992     
          51          52  0.95878539567970122     
          51          53   1.8862266029930606     
          53          54  0.97571818408117483     
          53          55  0.97935627388737079     
          19          56   1.0295098623957841     
          56          57  0.97344776662370547     
          56          58  0.97253546498802068     
          56          59  0.98039014584428585     
          20          60   1.0298159556650957     
          60          61  0.98045822911180758     
          60          62  0.97282575050712639     
          60          63  0.97277702615093675     
          64          65  0.97096435648905355     
          64          66  0.97101216822241176     
          64          67  0.98188849303619563     
          68          69  0.94125479148540669     
          64          70   1.0317218488987967     
          68          70   1.1885912420598312     
          68          71   1.2621214868901078     
          70          71  0.11223802700166183     
          71          72  0.95346841135314842     
           1          73  0.50894932510370383     
          71          73   1.4792184930985930     
          70          74   1.5600319139411243     
          73          74   1.2463065481123192     
          74          75  0.95873201180512013     
           1          76  0.26213898888081333     
          76          77  0.88436826782883537     
          76          78  0.88390000665265989     
