    0.44069375
   -0.23354461
   -0.23297666
   -0.20506618
   -0.20575129
    0.04916695
   -0.03098995
   -0.03399942
    0.04506394
    0.04554462
   -0.02560253
   -0.03359905
    0.05240651
    0.05374643
   -0.01997304
   -0.03082301
    0.05896743
    0.05586348
   -0.02811675
   -0.02862794
    0.05344870
   -0.07012426
    0.03658090
   -0.07954022
    0.03182606
   -0.06916630
    0.03595484
   -0.06574065
    0.03760678
   -0.09795833
    0.03448100
    0.03361743
    0.03344723
   -0.09896261
    0.03627721
    0.03559894
    0.03351340
   -0.09964849
    0.03366328
    0.03464524
    0.04202685
   -0.02745502
    0.02479877
   -0.09698712
    0.03343469
    0.02301313
   -0.10050886
    0.03563601
    0.03740293
    0.04348814
   -0.02679582
    0.02678139
   -0.09733374
    0.03410914
    0.02316947
   -0.09930640
    0.03873148
    0.03580223
    0.03458740
   -0.09901988
    0.03476686
    0.03532832
    0.03697662
   -0.48078953
    0.32134775
    0.32124682
   -0.11804064
    0.05689574
    0.05655454
    0.06403192
   -0.08433043
    0.17430591
    0.03873382
    0.07303438
    0.06959785
   -0.13165605
   -0.00325370
    0.06777220
