           1           2  0.58536939004654820     
           1           3  0.58390325005185484     
           1           4  0.59604861106908169     
           1           5  0.59789087977922795     
           2           6   1.2472505054860121     
           6           7   1.1373153401365681     
           7           8   1.5979828989379596     
           2           9   1.2373080518670165     
           8           9   1.1362962102481113     
           3          10   1.2349999245315335     
          10          11   1.1626625690442880     
          11          12   1.5244923645997495     
           3          13   1.2503310096887641     
          12          13   1.1227075581199837     
           4          14   1.2398408357921298     
          14          15   1.1500446058712781     
          15          16   1.5371602435923495     
           4          17   1.2618468310222690     
          16          17   1.1129421613125183     
           5          18   1.2507989587544506     
          18          19   1.1259450882462343     
          19          20   1.6101535471181263     
           5          21   1.2497346290639044     
          20          21   1.1261326608865661     
           6          22   1.3535680672856072     
          21          22   1.3623727012496352     
          22          23  0.96200616141074125     
           9          24   1.3652154851910154     
          10          24   1.3414659531280007     
          24          25  0.96079404861882411     
          13          26   1.3604954797279443     
          14          26   1.3516823602900865     
          26          27  0.95856977033534130     
          17          28   1.3543756822976023     
          18          28   1.3603543076750868     
          28          29  0.96001828469232320     
           8          30   1.0287462302858421     
          30          31  0.98044126288660127     
          30          32  0.97332425678536383     
          30          33  0.97345984949689646     
           7          34   1.0293738260206204     
          34          35  0.97281684515876143     
          34          36  0.97313112247523725     
          34          37  0.98048842471101649     
          11          38   1.0322799306097183     
          38          39  0.97669496411662882     
          38          40  0.96824238039154642     
          38          41  0.97733154941532296     
          12          42   1.1048273362587697     
          42          43  0.95834048148976680     
          42          44   1.8865115970377551     
          44          45  0.97579391976521523     
          44          46  0.97933237442474907     
          15          47   1.0332776680842937     
          47          48  0.97595582593988783     
          47          49  0.96775816167082873     
          47          50  0.97749477873153612     
          16          51   1.1037556781806739     
          51          52  0.95825552980147388     
          51          53   1.8877495359835583     
          53          54  0.97577551433860665     
          53          55  0.97929376818906788     
          19          56   1.0298905728477437     
          56          57  0.97248337241562577     
          56          58  0.97296281769128168     
          56          59  0.98042130984149667     
          20          60   1.0295533201955995     
          60          61  0.97281678972692587     
          60          62  0.98042380062862078     
          60          63  0.97318632057284060     
           1          64  0.26218043598250179     
          64          65  0.88381881519115235     
          64          66  0.88411384158976447     
          67          68  0.97106538192054626     
          67          69  0.97085009288138624     
          67          70  0.98183862858819837     
          71          72  0.94121217869025264     
          67          73   1.0317148256949706     
          71          73   1.1887619584765892     
          71          74   1.2621281741839352     
          73          74  0.11199547366422632     
          74          75  0.95478188458977020     
           1          76  0.50942294511509856     
          74          76   1.4798411848682997     
          73          77   1.5603043292458274     
          76          77   1.2457786394794277     
          77          78  0.95767562114472149     
