           1           2  0.58546756858557258     
           1           3  0.58384194445988435     
           1           4  0.59621885882155623     
           1           5  0.59775946338341768     
           2           6   1.2471491705782687     
           6           7   1.1373167115491991     
           7           8   1.5979951446733904     
           2           9   1.2373071732099044     
           8           9   1.1362836610163078     
           3          10   1.2350602944693048     
          10          11   1.1626072999446777     
          11          12   1.5246149183647575     
           3          13   1.2503561088624957     
          12          13   1.1227008050527139     
           4          14   1.2398498116151622     
          14          15   1.1499419456858104     
          15          16   1.5373499461059630     
           4          17   1.2618106636800950     
          16          17   1.1129260165469408     
           5          18   1.2507884890371335     
          18          19   1.1260114658497415     
          19          20   1.6100624311467844     
           5          21   1.2497429217802358     
          20          21   1.1262136124691193     
           6          22   1.3536439418248589     
          21          22   1.3622849248135711     
          22          23  0.96201172039254823     
           9          24   1.3652400564809091     
          10          24   1.3414528015414990     
          24          25  0.96080002365049344     
          13          26   1.3604672609465622     
          14          26   1.3517480448332349     
          26          27  0.95858848109103389     
          17          28   1.3544152223872159     
          18          28   1.3603080798211724     
          28          29  0.96003794731538261     
           8          30   1.0287505848550054     
          30          31  0.97347212000926653     
          30          32  0.98044508930059138     
          30          33  0.97330301253491824     
           7          34   1.0293721315931559     
          34          35  0.97282249157060896     
          34          36  0.97312850185029354     
          34          37  0.98049331597433775     
          11          38   1.0322623773270745     
          38          39  0.97668636799087460     
          38          40  0.96825822054904898     
          38          41  0.97736625422640300     
          12          42   1.1046953754450632     
          42          43  0.95834976078359746     
          42          44   1.8866542767645953     
          44          45  0.97580076190010923     
          44          46  0.97933022106455647     
          15          47   1.0332783163308501     
          47          48  0.97595162374260558     
          47          49  0.96776143915002411     
          47          50  0.97750805495667448     
          16          51   1.1035697910356452     
          51          52  0.95825157407160044     
          51          53   1.8879428544320338     
          53          54  0.97578632549561317     
          53          55  0.97929009003672407     
          19          56   1.0298925325722963     
          56          57  0.97250088734133644     
          56          58  0.97294557145406657     
          56          59  0.98042427879587624     
          20          60   1.0295490024570082     
          60          61  0.98042711507152691     
          60          62  0.97319217560316951     
          60          63  0.97281569243755861     
           1          64  0.26209891125925766     
          64          65  0.88380839120729104     
          64          66  0.88412517207857944     
          67          68  0.97082652015902648     
          67          69  0.97108617480591042     
          67          70  0.98184051052367050     
          71          72  0.94121281261760992     
          67          73   1.0317148440702670     
          71          73   1.1887738254762104     
          71          74   1.2621102971864089     
          73          74  0.11199447999367085     
          74          75  0.95479645929931767     
           1          76  0.50941255638559535     
          74          76   1.4798514480794172     
          73          77   1.5602977515014207     
          76          77   1.2457749796063446     
          77          78  0.95767584829972985     
