    0.44070987
   -0.23358546
   -0.23292420
   -0.20501560
   -0.20582021
    0.04913632
   -0.03100366
   -0.03400417
    0.04506046
    0.04551618
   -0.02561864
   -0.03358362
    0.05242892
    0.05377441
   -0.01996471
   -0.03080689
    0.05898580
    0.05585559
   -0.02812398
   -0.02864214
    0.05341827
   -0.07015616
    0.03655805
   -0.07955779
    0.03183460
   -0.06912887
    0.03597355
   -0.06573107
    0.03760998
   -0.09795680
    0.03448551
    0.03361092
    0.03344206
   -0.09895791
    0.03626562
    0.03558711
    0.03351284
   -0.09965132
    0.03366406
    0.03464235
    0.04201134
   -0.02743925
    0.02481852
   -0.09696771
    0.03343446
    0.02302882
   -0.10052021
    0.03565043
    0.03740807
    0.04348396
   -0.02677816
    0.02678106
   -0.09732093
    0.03411267
    0.02317524
   -0.09930594
    0.03873210
    0.03579617
    0.03458633
   -0.09901702
    0.03476088
    0.03532773
    0.03696390
   -0.48080609
    0.32134154
    0.32125736
   -0.11804001
    0.05697518
    0.05647895
    0.06402492
   -0.08432834
    0.17430512
    0.03873908
    0.07302071
    0.06960818
   -0.13164869
   -0.00324502
    0.06775534
