    0.44062860
   -0.23388451
   -0.20981329
   -0.20450093
   -0.22867017
    0.04776227
   -0.03201828
   -0.03313482
    0.04621236
    0.05071853
   -0.02219696
   -0.03048847
    0.05844363
    0.05635446
   -0.01877215
   -0.03175725
    0.05641440
    0.04940684
   -0.03138497
   -0.03166385
    0.04849783
   -0.07455889
    0.03414231
   -0.07510376
    0.03425297
   -0.06353433
    0.03846256
   -0.07134821
    0.03500857
   -0.09840462
    0.03364166
    0.03372814
    0.03562690
   -0.09850022
    0.03510853
    0.03516692
    0.03342910
   -0.10018511
    0.03562871
    0.03484332
    0.04349289
   -0.02646412
    0.02675822
   -0.09726906
    0.03330913
    0.02339560
   -0.10101610
    0.03717983
    0.03768433
    0.04360864
   -0.02677707
    0.02524925
   -0.09743117
    0.03431060
    0.02289509
   -0.09875369
    0.03595865
    0.03589145
    0.03369455
   -0.09849239
    0.03460436
    0.03381668
    0.03535550
   -0.48056252
    0.32132258
    0.32137213
   -0.11792484
    0.05679831
    0.05646096
    0.06392127
   -0.08411937
    0.17430709
    0.03851813
    0.07276872
    0.06982603
   -0.13164345
   -0.00310073
    0.06749671
