           1           2  0.58548344447538259     
           1           3  0.58380065104285250     
           1           4  0.59611883899790297     
           1           5  0.59791821035278114     
           2           6   1.2472758931115917     
           6           7   1.1372662092603283     
           7           8   1.5980466011910717     
           2           9   1.2372822490166926     
           8           9   1.1362255207572212     
           3          10   1.2350876903604526     
          10          11   1.1626824133432325     
          11          12   1.5244855791221656     
           3          13   1.2502832390232301     
          12          13   1.1227443556972345     
           4          14   1.2397765988293439     
          14          15   1.1500696363884253     
          15          16   1.5372343499391192     
           4          17   1.2616902707761899     
          16          17   1.1130460626210035     
           5          18   1.2508489648806536     
          18          19   1.1259219026286023     
          19          20   1.6101689850583623     
           5          21   1.2497882942821354     
          20          21   1.1261204286619799     
           6          22   1.3536160558957060     
          21          22   1.3623484223468505     
          22          23  0.96200475488206305     
           9          24   1.3652798741913885     
          10          24   1.3414188575815587     
          24          25  0.96078555552413758     
          13          26   1.3604909066060860     
          14          26   1.3516758739633459     
          26          27  0.95858729488547079     
          17          28   1.3543802502880071     
          18          28   1.3603579483875132     
          28          29  0.96003710994224345     
           8          30   1.0287465989406575     
          30          31  0.98044392868899666     
          30          32  0.97327839525598614     
          30          33  0.97350481073493655     
           7          34   1.0293826584326304     
          34          35  0.97282109304720155     
          34          36  0.97311738959103922     
          34          37  0.98049302575718977     
          11          38   1.0322759576757683     
          38          39  0.97668958975587261     
          38          40  0.96824315671192207     
          38          41  0.97734528047645775     
          12          42   1.1047863648698655     
          42          43  0.95835397303758407     
          42          44   1.8865496852542327     
          44          45  0.97579741257875963     
          44          46  0.97933272616588962     
          15          47   1.0332633756834622     
          47          48  0.97596141247033785     
          47          49  0.96776743905256646     
          47          50  0.97751719540305837     
          16          51   1.1035423300187461     
          51          52  0.95825242083002260     
          51          53   1.8879685708392515     
          53          54  0.97578932543863639     
          53          55  0.97928988715024068     
          19          56   1.0298930436925715     
          56          57  0.97249849490533302     
          56          58  0.97294884008341120     
          56          59  0.98042297620820007     
          20          60   1.0295571762036118     
          60          61  0.98042540689162627     
          60          62  0.97318815092817590     
          60          63  0.97281004143351324     
           1          64  0.26213877749128145     
          64          65  0.88377447001103127     
          64          66  0.88419772391729212     
          67          68  0.97102301825239201     
          67          69  0.97089016758307545     
          67          70  0.98183737431796159     
          71          72  0.94121249928720663     
          67          73   1.0317174052501643     
          71          73   1.1887859377124645     
          71          74   1.2620929857004262     
          73          74  0.11200019457419563     
          74          75  0.95481741645471807     
           1          76  0.50938727948054552     
          74          76   1.4798549927715090     
          73          77   1.5602876757523934     
          76          77   1.2457914664395617     
          77          78  0.95768154759934498     
