    0.44071396
   -0.23342551
   -0.23305364
   -0.20529689
   -0.20556305
    0.04927977
   -0.03095781
   -0.03402117
    0.04499636
    0.04558355
   -0.02559162
   -0.03362077
    0.05230671
    0.05363749
   -0.02003156
   -0.03084811
    0.05893372
    0.05590169
   -0.02808832
   -0.02859198
    0.05354000
   -0.06997743
    0.03662426
   -0.07955089
    0.03182779
   -0.06930790
    0.03590368
   -0.06572704
    0.03760480
   -0.09795496
    0.03362282
    0.03343843
    0.03447455
   -0.09896945
    0.03631840
    0.03559186
    0.03351724
   -0.09964730
    0.03366283
    0.03464976
    0.04200709
   -0.02745323
    0.02476539
   -0.09698125
    0.03343861
    0.02301132
   -0.10050252
    0.03559413
    0.03739540
    0.04345700
   -0.02679272
    0.02677267
   -0.09731996
    0.03410456
    0.02317357
   -0.09931067
    0.03874385
    0.03580893
    0.03459897
   -0.09902820
    0.03477283
    0.03533146
    0.03701473
   -0.48076773
    0.32136000
    0.32123980
   -0.11804033
    0.05687120
    0.05657784
    0.06403553
   -0.08432915
    0.17430617
    0.03873668
    0.07303038
    0.06959410
   -0.13164166
   -0.00323688
    0.06775781
