           1           2  0.59029196284364804     
           1           3  0.58931215304377271     
           1           4  0.58577958751444226     
           1           5  0.58672036272843886     
           2           6   1.2555052096323307     
           6           7   1.1286383234644777     
           7           8   1.6075267650159482     
           2           9   1.2456565031156273     
           8           9   1.1283747409377585     
           3          10   1.2460891485539463     
          10          11   1.1556152130654984     
          11          12   1.5372721810555796     
           3          13   1.2555676421049360     
          12          13   1.1146084791046227     
           4          14   1.2387483716726606     
          14          15   1.1606100862232791     
          15          16   1.5227430759473772     
           4          17   1.2599828636231591     
          16          17   1.1188059295691555     
           5          18   1.2474794329430237     
          18          19   1.1330888248056552     
          19          20   1.6016623219426618     
           5          21   1.2509295047668305     
          20          21   1.1330356254533751     
           6          22   1.3551308655862051     
          21          22   1.3553173241314196     
          22          23  0.96246133354502250     
           9          24   1.3642512019235005     
          10          24   1.3365193817686885     
          24          25  0.96262471381678971     
          13          26   1.3626821709695502     
          14          26   1.3435197101335006     
          26          27  0.95689327855384310     
          17          28   1.3479417962751157     
          18          28   1.3546375214330930     
          28          29  0.96064473459914257     
           8          30   1.0284670540637852     
          30          31  0.98064208428642896     
          30          32  0.97395501719405797     
          30          33  0.97335759317159831     
           7          34   1.0288345797381497     
          34          35  0.97324615861751806     
          34          36  0.97360615785253413     
          34          37  0.98064405728002801     
          11          38   1.0302158425247303     
          38          39  0.97126602285846442     
          38          40  0.97382209106792172     
          38          41  0.98247017142486881     
          12          42   1.0977017017488053     
          42          43  0.95797995165648497     
          42          44   1.8935367797649953     
          44          45  0.97512281984189741     
          44          46  0.97920238634167622     
          15          47   1.0327245873436675     
          47          48  0.96777037956615231     
          47          49  0.97676900128744248     
          47          50  0.97727988313381864     
          16          51   1.1091919789140796     
          51          52  0.95897911165163130     
          51          53   1.8805862862929950     
          53          54  0.97587353977323943     
          53          55  0.97955595996219713     
          19          56   1.0281545296790449     
          56          57  0.97420874195848961     
          56          58  0.97342267918010139     
          56          59  0.98061479250036898     
          20          60   1.0287575955920381     
          60          61  0.97373254492351291     
          60          62  0.98065563068709927     
          60          63  0.97319623067863503     
          64          65  0.97145967778793274     
          64          66  0.97159510176262709     
          64          67  0.98224573292089845     
          68          69  0.94197967545301364     
          64          70   1.0312371023208748     
          68          70   1.1869380487090861     
          68          71   1.2622430045802668     
          70          71  0.11259716158670581     
          71          72  0.95484835931787504     
           1          73  0.49014209253286523     
          71          73   1.4874244919766060     
          70          74   1.5615479990549415     
          73          74   1.2509016983586505     
          74          75  0.96017373272228257     
          76          77  0.97167442139749349     
          76          78  0.97142637681390542     
          76          79  0.98225810765977384     
          80          81  0.94201265782996413     
          76          82   1.0312095466719449     
          80          82   1.1868005076208741     
          80          83   1.2621705933968936     
          82          83  0.11265641704557461     
          83          84  0.95469699684779030     
           1          85  0.48896855447901205     
          83          85   1.4876722630170818     
          82          86   1.5616796714733197     
          85          86   1.2510284228800832     
          86          87  0.95972354199534482     
