    0.39360134
   -0.20451349
   -0.20298103
   -0.21470924
   -0.21561968
    0.05218452
   -0.03028087
   -0.03266770
    0.05172732
    0.05194889
   -0.02705204
   -0.03242769
    0.05733033
    0.05140740
   -0.02266200
   -0.03734786
    0.04931316
    0.04632713
   -0.03472219
   -0.03161383
    0.05097582
   -0.06927479
    0.03318292
   -0.07287121
    0.03070640
   -0.06802707
    0.03886537
   -0.07919765
    0.02876280
   -0.09699639
    0.03204870
    0.03325933
    0.03358333
   -0.09740291
    0.03425548
    0.03410363
    0.03215823
   -0.09770261
    0.03456208
    0.03408261
    0.03518525
   -0.02581335
    0.02334819
   -0.09722601
    0.03217817
    0.02154328
   -0.09916318
    0.03586569
    0.03453702
    0.04056679
   -0.02757099
    0.02035509
   -0.09936368
    0.03239271
    0.01956274
   -0.09625332
    0.03265130
    0.03221114
    0.03189714
   -0.09728419
    0.03411930
    0.03185175
    0.03420589
   -0.11596431
    0.05467482
    0.05412547
    0.06158950
   -0.08630767
    0.17177711
    0.03674653
    0.07526493
    0.06813261
   -0.12554707
   -0.00130137
    0.06456037
   -0.11597683
    0.05415133
    0.05450268
    0.06153321
   -0.08650067
    0.17167191
    0.03661840
    0.07528164
    0.06780303
   -0.12608935
   -0.00171552
    0.06485597
