           1           2  0.58208250266402894     
           1           3  0.57578579531796070     
           1           4  0.56449915205657186     
           1           5  0.57587954525502194     
           2           6   1.2545179597155838     
           6           7   1.1260912801995968     
           7           8   1.6105393504564496     
           2           9   1.2462032632895970     
           8           9   1.1258578006258280     
           3          10   1.2424046368917609     
          10          11   1.1546197295383347     
          11          12   1.5407650491042937     
           3          13   1.2516655085272494     
          12          13   1.1172119455651564     
           4          14   1.2323358883729749     
          14          15   1.1598340880882632     
          15          16   1.5355500307895198     
           4          17   1.2522270806466620     
          16          17   1.1244035351578245     
           5          18   1.2426999171569073     
          18          19   1.1309479570933147     
          19          20   1.6043374018686540     
           5          21   1.2468683528716027     
          20          21   1.1317182945690449     
           6          22   1.3585513460968051     
          21          22   1.3604919085866631     
          22          23  0.96165701734108000     
           9          24   1.3690839407577589     
          10          24   1.3432804535619984     
          24          25  0.96180024619968385     
          13          26   1.3631429132980075     
          14          26   1.3494160752167845     
          26          27  0.95811024357958696     
          17          28   1.3532368891147408     
          18          28   1.3643358290307823     
          28          29  0.95789707261403390     
           8          30   1.0301838488292332     
          30          31  0.98029192426582767     
          30          32  0.97191775984435114     
          30          33  0.97315308664383704     
           7          34   1.0303474190221182     
          34          35  0.97307489949254400     
          34          36  0.97177840525765824     
          34          37  0.98028019975352920     
          11          38   1.0318421114742409     
          38          39  0.97299244547095798     
          38          40  0.96978189124353620     
          38          41  0.98228534656169852     
          12          42   1.0935293363083465     
          42          43  0.95754525695035553     
          42          44   1.8992127016638716     
          44          45  0.97503364218884836     
          44          46  0.97891822002322670     
          15          47   1.0317543396843927     
          47          48  0.97041801662337590     
          47          49  0.97230244436298841     
          47          50  0.98248491257805859     
          16          51   1.0913405645717147     
          51          52  0.95768671138940276     
          51          53   1.9019539221404782     
          53          54  0.97480382118294573     
          53          55  0.97882969562638023     
          19          56   1.0304146877621640     
          56          57  0.97114331368053997     
          56          58  0.97348201262684630     
          56          59  0.98023650779357852     
          20          60   1.0302858240464789     
          60          61  0.98032976298324104     
          60          62  0.97286467141029254     
          60          63  0.97200780417515209     
           1          64  0.27353262655426663     
          64          65  0.87967136825591841     
          64          66  0.87981167654205272     
          67          68  0.97430372891813377     
          67          69  0.98110495513310358     
          67          70  0.97869450591139917     
           1          71  0.43863552731816319     
          67          71  0.99292920843141452     
          71          72  0.94273368522322698     
