    0.46460376
   -0.21848039
   -0.22937718
   -0.24515377
   -0.23464294
    0.05559909
   -0.02761750
   -0.02841782
    0.05588142
    0.05464767
   -0.02394713
   -0.03094611
    0.05569619
    0.04725347
   -0.02532490
   -0.03102077
    0.05662834
    0.05098052
   -0.02844940
   -0.02799937
    0.05451647
   -0.06760080
    0.03955472
   -0.06882517
    0.03765952
   -0.07559620
    0.04084232
   -0.07224994
    0.04281708
   -0.09998411
    0.03591173
    0.03963204
    0.03561147
   -0.09997952
    0.03722239
    0.03882894
    0.03577390
   -0.10028142
    0.03588511
    0.04056788
    0.03821868
   -0.02648312
    0.02680791
   -0.09461821
    0.03353031
    0.02608835
   -0.10029604
    0.03827573
    0.03789457
    0.03850984
   -0.02698731
    0.02691991
   -0.09426610
    0.03661049
    0.02671470
   -0.10014092
    0.03992727
    0.03652656
    0.03609974
   -0.10016886
    0.03604050
    0.03728437
    0.03906374
   -0.48004741
    0.32433681
    0.32552573
   -0.07628840
    0.07553264
    0.07092133
    0.07447641
   -0.11111273
    0.16488387
