    0.40191234
   -0.21697361
   -0.22471985
   -0.21157528
   -0.20595420
    0.05066400
   -0.03128700
   -0.03309556
    0.04667509
    0.04602485
   -0.02530005
   -0.03378536
    0.05304268
    0.05053051
   -0.02203244
   -0.03364930
    0.05473861
    0.05180841
   -0.03134527
   -0.02899562
    0.05340877
   -0.06999754
    0.03385370
   -0.07805230
    0.03112695
   -0.07045516
    0.03395697
   -0.07114381
    0.03319770
   -0.09736534
    0.03306035
    0.03278469
    0.03433729
   -0.09809239
    0.03517730
    0.03487474
    0.03290404
   -0.09900750
    0.03328674
    0.03403529
    0.04149872
   -0.02700978
    0.02358278
   -0.09751827
    0.03278970
    0.02196803
   -0.09958131
    0.03370371
    0.03687630
    0.04188548
   -0.02725428
    0.02424405
   -0.09760637
    0.03369469
    0.02186753
   -0.09699204
    0.03373691
    0.03451088
    0.03313816
   -0.09765920
    0.03338042
    0.03437652
    0.03496855
   -0.11704493
    0.05557963
    0.05533252
    0.06294014
   -0.08531678
    0.17282428
    0.03758560
    0.07359477
    0.06881120
   -0.12614911
   -0.00288058
    0.06632685
   -0.10408857
    0.03429035
    0.03261697
    0.04296379
   -0.05332606
    0.02658338
    0.03521768
   -0.07201787
    0.06557186
    0.02975385
    0.00707903
    0.02245670
    0.06053496
   -0.24934343
    0.18284774
    0.17608140
