           1           2  0.58641407369366971     
           1           3  0.58578953171017056     
           1           4  0.58669762126990699     
           1           5  0.58852885885824657     
           2           6   1.2522832135269140     
           6           7   1.1324703262484861     
           7           8   1.6031484475678901     
           2           9   1.2454372742897559     
           8           9   1.1317142931577813     
           3          10   1.2434730619183820     
          10          11   1.1574363199301494     
          11          12   1.5283546881756849     
           3          13   1.2570093667213649     
          12          13   1.1155615798591914     
           4          14   1.2425695888700969     
          14          15   1.1557204318690617     
          15          16   1.5360598609634104     
           4          17   1.2609445061204945     
          16          17   1.1164184889748139     
           5          18   1.2486956861120864     
          18          19   1.1308053855427833     
          19          20   1.6039689464624862     
           5          21   1.2512711046966718     
          20          21   1.1316367506153251     
           6          22   1.3524746607563323     
          21          22   1.3542923685336872     
          22          23  0.96265272711734640     
           9          24   1.3632451746793603     
          10          24   1.3399226105706428     
          24          25  0.96116329692962732     
          13          26   1.3604051025990480     
          14          26   1.3431661115559115     
          26          27  0.96039370482694442     
          17          28   1.3498394065078942     
          18          28   1.3579209572615503     
          28          29  0.95870810366504822     
           8          30   1.0283894235769657     
          30          31  0.97388945101649116     
          30          32  0.98062912929583490     
          30          33  0.97347169333607197     
           7          34   1.0284006155741161     
          34          35  0.97404793996836003     
          34          36  0.97330530718817476     
          34          37  0.98064101350394739     
          11          38   1.0319472173419519     
          38          39  0.96858818718021533     
          38          40  0.97695066316351886     
          38          41  0.97747013184717679     
          12          42   1.1078174395523972     
          42          43  0.95870393881551963     
          42          44   1.8824559498112008     
          44          45  0.97591892707764361     
          44          46  0.97950185168815340     
          15          47   1.0304921712333670     
          47          48  0.97138628838722030     
          47          49  0.97318481981151472     
          47          50  0.98269136359403619     
          16          51   1.0969151412856128     
          51          52  0.95808275496949191     
          51          53   1.8942937691037609     
          53          54  0.97521089759763135     
          53          55  0.97920290209360517     
          19          56   1.0289791016475485     
          56          57  0.97253248420235106     
          56          58  0.97404524773599443     
          56          59  0.98065653155175703     
          20          60   1.0282835536931545     
          60          61  0.98071265789429163     
          60          62  0.97394694545636695     
          60          63  0.97358377233292481     
          64          65  0.97163852264628248     
          64          66  0.97142692639492290     
          64          67  0.98218668609548598     
          68          69  0.94213096431902565     
          64          70   1.0312474419558351     
          68          70   1.1869209583644789     
          68          71   1.2607410933591432     
          70          71  0.11283031525703614     
          71          72  0.95523978117601571     
           1          73  0.49337956045715597     
          71          73   1.4858406534530197     
          70          74   1.5616039267963748     
          73          74   1.2502405916142276     
          74          75  0.96036454024190021     
          76          77  0.97153292738289998     
          76          78  0.97153877937164257     
          76          79  0.98217895333986172     
          80          81  0.94209172709120204     
          76          82   1.0312549818208185     
          80          82   1.1869000621185468     
          80          83   1.2610271260954986     
          82          83  0.11284903308330074     
          83          84  0.95525651794001631     
           1          85  0.49302084985423000     
          83          85   1.4861596784837510     
          82          86   1.5616605464707916     
          85          86   1.2503101879473544     
          86          87  0.96038080470164688     
