           1           2  0.57382931287149286     
           1           3  0.57779967581272063     
           1           4  0.57554953801089248     
           1           5  0.57597318309144041     
           2           6   1.2429376514322827     
           6           7   1.1307290002635486     
           7           8   1.6042165214384967     
           2           9   1.2528632735909946     
           8           9   1.1318376110420802     
           3          10   1.2500292973174383     
          10          11   1.1289212498049124     
          11          12   1.6073710538976940     
           3          13   1.2491426598213538     
          12          13   1.1282645616945974     
           4          14   1.2608975547062513     
          14          15   1.1183171684176412     
          15          16   1.5312470060353545     
           4          17   1.2374446041758052     
          16          17   1.1557086944930703     
           5          18   1.2542600291363495     
          18          19   1.1160365477819050     
          19          20   1.5297895380332653     
           5          21   1.2421191214732954     
          20          21   1.1578808870015385     
           6          22   1.3659589321440426     
          21          22   1.3414451755261865     
          22          23  0.96092801828147478     
           9          24   1.3523390459172100     
          10          24   1.3585085824469876     
          24          25  0.96224574502363114     
          13          26   1.3610691747205217     
          14          26   1.3477650903552258     
          26          27  0.96052167259462029     
          17          28   1.3437991137538583     
          18          28   1.3615736617493228     
          28          29  0.95881274804146766     
           7          30   1.0291458210108253     
          30          31  0.97371532559309659     
          30          32  0.97272128738985197     
          30          33  0.98051928465138050     
           8          34   1.0292414717552740     
          34          35  0.97320346755114251     
          34          36  0.97305549467724273     
          34          37  0.98055326802372300     
          20          38   1.0326910749383038     
          38          39  0.97755548763079880     
          38          40  0.96788196853995467     
          38          41  0.97647863849138550     
          19          42   1.1054698860789924     
          42          43  0.95823313809186850     
          42          44   1.8854845001067115     
          44          45  0.97588490098505587     
          44          46  0.97940072758496965     
          16          47   1.0326079844800335     
          47          48  0.96813089435827304     
          47          49  0.97609314610159426     
          47          50  0.97779110180793094     
          15          51   1.1031505858916062     
          51          52  0.95872127606475166     
          51          53   1.8880513486581525     
          53          54  0.97579138104863516     
          53          55  0.97931724595833347     
          12          56   1.0296395107300156     
          56          57  0.97248891562417916     
          56          58  0.97331089417797945     
          56          59  0.98050663727447562     
          11          60   1.0293225374989425     
          60          61  0.98050814533520492     
          60          62  0.97292407177876594     
          60          63  0.97331260148450438     
          64          65  0.97111828044969906     
          64          66  0.97097427641827649     
          64          67  0.98192635246143223     
          68          69  0.94130091713432851     
          64          70   1.0317153570114748     
          68          70   1.1883485874339523     
          68          71   1.2631044199437689     
          70          71  0.11250560012537808     
          71          72  0.95472893034778850     
           1          73  0.49499850644890475     
          71          73   1.4804233690775430     
          70          74   1.5594026526265607     
          73          74   1.2480495213806175     
          74          75  0.95985206796611056     
          76          77  0.98017678167849365     
          76          78  0.97711712721403921     
          76          79  0.98636718161575343     
          76          80   1.0260773127913365     
          80          81  0.96969382575168894     
          80          82  0.97327827857693006     
           1          83  0.40147935012539565     
          80          83  0.96121299763953238     
          83          84  0.99512003538569649     
          84          85  0.97887604665736161     
          84          86  0.98123865143066347     
          84          87  0.97416687906663779     
