           1           2  0.61464660153933415     
           1           3  0.61467425297099842     
           1           4  0.60757593997124559     
           1           5  0.61189469276497677     
           2           6   1.2439671842976054     
           6           7   1.1335708359139209     
           7           8   1.6018042633149312     
           2           9   1.2384895082102449     
           8           9   1.1327395156157265     
           3          10   1.2377044744863965     
          10          11   1.1527628110232881     
          11          12   1.5352248132532287     
           3          13   1.2497017177505418     
          12          13   1.1145284952192425     
           4          14   1.2379155694189568     
          14          15   1.1544453830673964     
          15          16   1.5315834052878414     
           4          17   1.2540819422143377     
          16          17   1.1158116437764254     
           5          18   1.2412180672192357     
          18          19   1.1347546734878453     
          19          20   1.5994598942862752     
           5          21   1.2405011889921105     
          20          21   1.1352734706656178     
           6          22   1.3564275390481875     
          21          22   1.3583843126812472     
          22          23  0.96197901478387471     
           9          24   1.3674631758731013     
          10          24   1.3476388570787747     
          24          25  0.96051109175760807     
          13          26   1.3657378489379961     
          14          26   1.3464571575720630     
          26          27  0.95877711522915987     
          17          28   1.3567920258329960     
          18          28   1.3605414467988461     
          28          29  0.96017737297352113     
           8          30   1.0298546071603343     
          30          31  0.98037165913223223     
          30          32  0.97213543716981288     
          30          33  0.97333886075620946     
           7          34   1.0293495227652831     
          34          35  0.97375940992349297     
          34          36  0.97238348390801455     
          34          37  0.98038150657931089     
          11          38   1.0332375662495696     
          38          39  0.96756362230717674     
          38          40  0.97648361851139043     
          38          41  0.97710686811871028     
          12          42   1.1036573298767716     
          42          43  0.95655075228601372     
          42          44   1.8882633975896417     
          44          45  0.97562807207883684     
          44          46  0.97924437733698333     
          15          47   1.0342261051145776     
          47          48  0.97506422590184383     
          47          49  0.96270498997468157     
          47          50  0.97874456932422527     
          16          51   1.1026911312360559     
          51          52  0.95856097188819112     
          51          53   1.8874228555565888     
          53          54  0.97549360103326932     
          53          55  0.97928891137743379     
          19          56   1.0295777275214457     
          56          57  0.97292636769388174     
          56          58  0.97289777063245120     
          56          59  0.98037358183784706     
          20          60   1.0293440929337410     
          60          61  0.98038642454062708     
          60          62  0.97281279016476507     
          60          63  0.97330753543517778     
          64          65  0.97062471263041294     
          64          66  0.97091864264916039     
          64          67  0.98173265077794447     
          68          69  0.94087475606726967     
          64          70   1.0319000556459381     
          68          70   1.1888451925499781     
          68          71   1.2637178268716180     
          70          71  0.11190826520809320     
          71          72  0.95229761805124835     
           1          73  0.50909628448117605     
          71          73   1.4789203740524957     
          70          74   1.5602458929637881     
          73          74   1.2455027594269266     
          74          75  0.95743806677326093     
          76          77  0.97103333867083219     
          76          78  0.90314021453334470     
          76          79  0.97081966154277233     
          76          80   1.0227669833566075     
          80          81   1.5806946617477653     
          81          82  0.96814780853498317     
          81          83   1.1905335019404648     
          83          84  0.94516931224237788     
          83          85   1.1804380917858408     
          80          86   1.2040073853473674     
          85          86   1.2410797368698865     
          86          87   1.3328102842834380     
          87          88  0.96801931600853985     
          87          89   1.5012464412319719     
          89          90  0.97143205934722598     
          85          91   1.3384662360416224     
          87          91  0.11094962624607650     
          91          92  0.96776820098321292     
          89          93   1.3716354912239606     
          91          93   1.4882867475336736     
          93          94  0.97249541755461744     
