           1           2  0.58264706507875985     
           1           3  0.57609018291182768     
           1           4  0.56874510561316072     
           1           5  0.57262235019365337     
           2           6   1.2537693934881449     
           6           7   1.1269461405553047     
           7           8   1.6097670895787330     
           2           9   1.2458911036865115     
           8           9   1.1263888817117365     
           3          10   1.2418143300173172     
          10          11   1.1534880096329356     
          11          12   1.5353226723340352     
           3          13   1.2526169355523846     
          12          13   1.1161407268770349     
           4          14   1.2339402978280163     
          14          15   1.1609231689450190     
          15          16   1.5327092570078606     
           4          17   1.2501804568975563     
          16          17   1.1237395497319214     
           5          18   1.2435148624017507     
          18          19   1.1314078856566585     
          19          20   1.6040244055379360     
           5          21   1.2459822244279830     
          20          21   1.1320906211449888     
           6          22   1.3580096937162474     
          21          22   1.3610525911887008     
          22          23  0.96170248968292926     
           9          24   1.3687794602531118     
          10          24   1.3444148092083181     
          24          25  0.96041368882469325     
          13          26   1.3651546484734203     
          14          26   1.3467258240055364     
          26          27  0.95987021827113128     
          17          28   1.3542615687345938     
          18          28   1.3635618648343482     
          28          29  0.95791710586730072     
           8          30   1.0302759324400195     
          30          31  0.98025924891488170     
          30          32  0.97246382483580107     
          30          33  0.97245268117197803     
           7          34   1.0302800989367351     
          34          35  0.97265861837343270     
          34          36  0.97226746621574534     
          34          37  0.98028188055294729     
          11          38   1.0336929382397100     
          38          39  0.96741024621566607     
          38          40  0.97570303068540765     
          38          41  0.97725184870566917     
          12          42   1.1022864799632908     
          42          43  0.95810035161920759     
          42          44   1.8898587448240263     
          44          45  0.97572053248896462     
          44          46  0.97918984090552019     
          15          47   1.0319784694319589     
          47          48  0.97312247410155173     
          47          49  0.96966157927836794     
          47          50  0.98194441008005040     
          16          51   1.0946030376719458     
          51          52  0.95747723666645834     
          51          53   1.8982732384198568     
          53          54  0.97515973274118006     
          53          55  0.97893883605852638     
          19          56   1.0305368441425369     
          56          57  0.97200447661661404     
          56          58  0.97241964820872784     
          56          59  0.98027716584140068     
          20          60   1.0302791458773695     
          60          61  0.98031947430382149     
          60          62  0.97236650059357232     
          60          63  0.97254851613593585     
           1          64  0.27340438525326688     
          64          65  0.87941791226291832     
          64          66  0.87953385667040962     
          67          68  0.98108806298320805     
          67          69  0.97863282809254326     
          67          70  0.97423157259597881     
           1          71  0.44102550754018743     
          67          71  0.99293925719266130     
          71          72  0.94210734397716467     
