    0.46586126
   -0.21962384
   -0.22861676
   -0.24317747
   -0.23684383
    0.05463400
   -0.02793925
   -0.02806079
    0.05614215
    0.05518559
   -0.02074191
   -0.03148933
    0.05410227
    0.04869803
   -0.02467253
   -0.03121412
    0.05510729
    0.05190364
   -0.02775190
   -0.02784402
    0.05416942
   -0.06872380
    0.03908549
   -0.06807011
    0.03796684
   -0.07434089
    0.03565412
   -0.07229569
    0.04338957
   -0.10006642
    0.03598821
    0.03935515
    0.03634840
   -0.09993160
    0.03705039
    0.03856644
    0.03588801
   -0.10129896
    0.03702985
    0.03791387
    0.04414313
   -0.02767709
    0.02624087
   -0.09575362
    0.03533809
    0.02518596
   -0.10010142
    0.03800312
    0.03840116
    0.03859417
   -0.02618498
    0.02819308
   -0.09502952
    0.03232450
    0.02681132
   -0.10023428
    0.04019266
    0.03680381
    0.03617791
   -0.10004959
    0.03613950
    0.03720752
    0.03884475
   -0.48037865
    0.32511423
    0.32485305
   -0.07605901
    0.07099668
    0.07453234
    0.07594315
   -0.11113839
    0.16522875
