           1           2  0.58279166301137941     
           1           3  0.56864385769679171     
           1           4  0.56593678637767642     
           1           5  0.58206665580101957     
           2           6   1.2565258493380878     
           6           7   1.1259463254801634     
           7           8   1.6107163426124438     
           2           9   1.2447890236048254     
           8           9   1.1254539570780404     
           3          10   1.2351624119193718     
          10          11   1.1619176067684436     
          11          12   1.5272208022345475     
           3          13   1.2475912365827997     
          12          13   1.1235022866862521     
           4          14   1.2322217328153200     
          14          15   1.1590416872147653     
          15          16   1.5294019613748673     
           4          17   1.2535693126172778     
          16          17   1.1232560454707567     
           5          18   1.2496648012905753     
          18          19   1.1242494613724638     
          19          20   1.6120279957196391     
           5          21   1.2514140123249813     
          20          21   1.1246116428102428     
           6          22   1.3566844807379943     
          21          22   1.3634926282196433     
          22          23  0.96149637606331895     
           9          24   1.3699745165951540     
          10          24   1.3423571034157296     
          24          25  0.96046478467132435     
          13          26   1.3614307420822285     
          14          26   1.3502793818985865     
          26          27  0.95857111011379592     
          17          28   1.3544450631341203     
          18          28   1.3643951499804099     
          28          29  0.95966925070203257     
           8          30   1.0301229165009107     
          30          31  0.98023995241031703     
          30          32  0.97242312189419688     
          30          33  0.97273302971808007     
           7          34   1.0305582330507763     
          34          35  0.97291653950306478     
          34          36  0.97162516537238819     
          34          37  0.98026676144230296     
          11          38   1.0333358657133682     
          38          39  0.96740220878406735     
          38          40  0.97604069625094869     
          38          41  0.97728467793552687     
          12          42   1.1019093460014364     
          42          43  0.95827109808956845     
          42          44   1.8900658215045247     
          44          45  0.97569013366060819     
          44          46  0.97918552267671344     
          15          47   1.0334884206055064     
          47          48  0.97606658879216046     
          47          49  0.96734340202363034     
          47          50  0.97721149058315204     
          16          51   1.1012233448752200     
          51          52  0.95810580001653445     
          51          53   1.8913038446817736     
          53          54  0.97562842307443787     
          53          55  0.97912969903506697     
          19          56   1.0306089230456008     
          56          57  0.97172006525359811     
          56          58  0.97281727469033430     
          56          59  0.98019132800898268     
          20          60   1.0306999454372074     
          60          61  0.97247591300539293     
          60          62  0.98024889858588737     
          60          63  0.97199534274933808     
           1          64  0.27483039981101060     
          64          65  0.88020779367433621     
          64          66  0.88055165331649143     
          67          68  0.98101615161506728     
          67          69  0.97868970711972114     
          67          70  0.97456031741498095     
           1          71  0.43835860795514647     
          67          71  0.99322381429090567     
          71          72  0.94207405831814028     
