    0.46570244
   -0.21716819
   -0.24574629
   -0.24465766
   -0.21981686
    0.05719279
   -0.02684371
   -0.02859460
    0.05502308
    0.05089844
   -0.02324194
   -0.03386715
    0.04926726
    0.04835217
   -0.02223037
   -0.03105485
    0.05400442
    0.05466170
   -0.02623821
   -0.02542718
    0.05902466
   -0.06405531
    0.04142296
   -0.07118301
    0.03640828
   -0.07779645
    0.03390016
   -0.07099023
    0.03872265
   -0.09980661
    0.03614015
    0.03868376
    0.03604589
   -0.10034694
    0.03735641
    0.03997023
    0.03603218
   -0.10103384
    0.03710292
    0.03643563
    0.04310438
   -0.02844998
    0.02499005
   -0.09533227
    0.03563616
    0.02508908
   -0.10070380
    0.03576315
    0.03791917
    0.04385570
   -0.02774681
    0.02768789
   -0.09527264
    0.03578341
    0.02580547
   -0.10013153
    0.03938983
    0.03788265
    0.03672970
   -0.10052155
    0.03894642
    0.03674425
    0.03930118
   -0.47902166
    0.32530666
    0.32497658
   -0.07593172
    0.07096755
    0.07426613
    0.07605515
   -0.11173935
    0.16640195
