           1           2  0.57792248617584430     
           1           3  0.56805272362295745     
           1           4  0.56914299082701847     
           1           5  0.58339766330957799     
           2           6   1.2495935002765992     
           6           7   1.1305506772832685     
           7           8   1.6059023234100938     
           2           9   1.2434184616942137     
           8           9   1.1296832487009059     
           3          10   1.2358361159568714     
          10          11   1.1599387257703730     
          11          12   1.5292293343522074     
           3          13   1.2480422331113752     
          12          13   1.1219885578487834     
           4          14   1.2378765146586399     
          14          15   1.1545446614104800     
          15          16   1.5397952559504078     
           4          17   1.2541673717610806     
          16          17   1.1191215358392865     
           5          18   1.2489440917076764     
          18          19   1.1268917362799447     
          19          20   1.6089602513461263     
           5          21   1.2506574902805803     
          20          21   1.1276029887780226     
           6          22   1.3559997331510494     
          21          22   1.3600345125156013     
          22          23  0.96183857382268623     
           9          24   1.3676790055907668     
          10          24   1.3451608168534339     
          24          25  0.96038653934123075     
          13          26   1.3636407176568048     
          14          26   1.3499855103529044     
          26          27  0.95989901101889752     
          17          28   1.3564988438006245     
          18          28   1.3629148946725358     
          28          29  0.95790646134772151     
           8          30   1.0299857838641013     
          30          31  0.97349508085878833     
          30          32  0.98024214177270330     
          30          33  0.97179255190676928     
           7          34   1.0301208668614033     
          34          35  0.97299176675663668     
          34          36  0.97203710865297988     
          34          37  0.98032397874043564     
          11          38   1.0334578261236369     
          38          39  0.96722684185518581     
          38          40  0.97605237063204697     
          38          41  0.97720019343792397     
          12          42   1.1022604946691965     
          42          43  0.95864008310677407     
          42          44   1.8898770912761815     
          44          45  0.97554916656027835     
          44          46  0.97913811164810038     
          15          47   1.0321516045396819     
          47          48  0.96945587375896447     
          47          49  0.97295759678616112     
          47          50  0.98214205685138767     
          16          51   1.0938231332598876     
          51          52  0.95766788980279693     
          51          53   1.8993385929828766     
          53          54  0.97496369146252859     
          53          55  0.97889689563718330     
          19          56   1.0305913333295258     
          56          57  0.97214392587456178     
          56          58  0.97228609017888346     
          56          59  0.98028968784778947     
          20          60   1.0301768447973696     
          60          61  0.98031349301709803     
          60          62  0.97258501863936608     
          60          63  0.97249730051088235     
           1          64  0.27282223481552509     
          64          65  0.88002345877443866     
          64          66  0.87937845354699196     
          67          68  0.98110446834143095     
          67          69  0.97862590891162393     
          67          70  0.97393750039880089     
           1          71  0.44349735725047651     
          67          71  0.99277418383875393     
          71          72  0.94221660183823774     
