    0.44086516
   -0.21082091
   -0.20997141
   -0.22748465
   -0.22849090
    0.05264563
   -0.02902991
   -0.02985064
    0.05273581
    0.05329793
   -0.02112205
   -0.03153758
    0.05578403
    0.05043979
   -0.02213966
   -0.03484467
    0.05145229
    0.04788932
   -0.03246524
   -0.03070175
    0.04977087
   -0.07011276
    0.03649397
   -0.06932519
    0.03695709
   -0.06905356
    0.03584148
   -0.07612901
    0.03260203
   -0.09897791
    0.03451425
    0.03840398
    0.03367500
   -0.09900562
    0.03511340
    0.03745120
    0.03434321
   -0.10069845
    0.03504399
    0.03724181
    0.04359273
   -0.02672795
    0.02588254
   -0.09741805
    0.03343813
    0.02307953
   -0.10040627
    0.03529369
    0.03729081
    0.04216155
   -0.02772985
    0.02344572
   -0.09729721
    0.03440309
    0.02257398
   -0.09825388
    0.03498367
    0.03524433
    0.03362111
   -0.09895482
    0.03578810
    0.03387824
    0.03572066
   -0.48076946
    0.32139752
    0.32128307
   -0.11777132
    0.05641406
    0.05679320
    0.06369447
   -0.08377317
    0.17439098
    0.03831472
    0.07270042
    0.07016994
   -0.13156406
   -0.00284174
    0.06715115
