           1           2  0.59726264436224208     
           1           3  0.59682110655335452     
           1           4  0.58407572848297074     
           1           5  0.58685522808924750     
           2           6   1.2526583076978892     
           6           7   1.1277377423925796     
           7           8   1.6084395060642174     
           2           9   1.2452247751108021     
           8           9   1.1275675711181936     
           3          10   1.2436568200179128     
          10          11   1.1527066150586247     
          11          12   1.5349999348556855     
           3          13   1.2545735763841106     
          12          13   1.1132743681373540     
           4          14   1.2351442581954639     
          14          15   1.1608501203770838     
          15          16   1.5259138184514685     
           4          17   1.2535700212207392     
          16          17   1.1212516189662471     
           5          18   1.2425148411231237     
          18          19   1.1351901383365910     
          19          20   1.5992413779683219     
           5          21   1.2443317380325687     
          20          21   1.1359947898791014     
           6          22   1.3573224737796314     
          21          22   1.3584266151379010     
          22          23  0.96203053726514209     
           9          24   1.3670898694799301     
          10          24   1.3435026871003506     
          24          25  0.96065133885269971     
          13          26   1.3654765974613965     
          14          26   1.3465236231974975     
          26          27  0.95859945399519320     
          17          28   1.3534222883057292     
          18          28   1.3581607801006961     
          28          29  0.96010090647030522     
           8          30   1.0294152736103481     
          30          31  0.98043150580284344     
          30          32  0.97259124765702643     
          30          33  0.97348613084635871     
           7          34   1.0295635466227471     
          34          35  0.97341891072739994     
          34          36  0.97252342655376689     
          34          37  0.98043315181660406     
          11          38   1.0329532382602034     
          38          39  0.96811776812530204     
          38          40  0.97612301826245462     
          38          41  0.97729924614604746     
          12          42   1.1047603163470783     
          42          43  0.95833656506876963     
          42          44   1.8865572170090816     
          44          45  0.97583732755140928     
          44          46  0.97932964748476581     
          15          47   1.0330823923067598     
          47          48  0.97634746064082234     
          47          49  0.96755697291989473     
          47          50  0.97738617443269538     
          16          51   1.1045950396359547     
          51          52  0.95846280241604731     
          51          53   1.8866345067075692     
          53          54  0.97577501303753078     
          53          55  0.97935207047315598     
          19          56   1.0291662945433442     
          56          57  0.97264258493939415     
          56          58  0.97358951941820693     
          56          59  0.98043814034957633     
          20          60   1.0293497443181514     
          60          61  0.97306788478889306     
          60          62  0.98049794799893641     
          60          63  0.97296313782772803     
           1          64  0.26235107941970770     
          64          65  0.88412209467008895     
          64          66  0.88384524562709998     
          67          68  0.97098307526349836     
          67          69  0.97094894360230655     
          67          70  0.98189301205129886     
          71          72  0.94114420167047008     
          67          73   1.0317658603643134     
          71          73   1.1887243586247387     
          71          74   1.2627108112377505     
          73          74  0.11240148374619101     
          74          75  0.95287112086186931     
           1          76  0.50903002125249142     
          74          76   1.4786865958852744     
          73          77   1.5595641392120945     
          76          77   1.2469285109112314     
          77          78  0.95979534472527672     
