    0.44002254
   -0.20311853
   -0.22297557
   -0.23416399
   -0.21529105
    0.05597600
   -0.02726334
   -0.02917719
    0.05448161
    0.05171358
   -0.02559960
   -0.03345236
    0.05289439
    0.04838417
   -0.02653785
   -0.03539893
    0.04999049
    0.04816256
   -0.03133044
   -0.02864797
    0.05456423
   -0.06533583
    0.03865421
   -0.06985871
    0.03594294
   -0.07381419
    0.03960284
   -0.07800891
    0.03874200
   -0.09894743
    0.03454367
    0.03453862
    0.03770347
   -0.09942856
    0.03846643
    0.03560314
    0.03457335
   -0.09959202
    0.03768773
    0.03567506
    0.03667720
   -0.02627263
    0.02523468
   -0.09658237
    0.03142132
    0.02374850
   -0.09920124
    0.03693489
    0.03613635
    0.03629687
   -0.02699449
    0.02391687
   -0.09673018
    0.03223770
    0.02361025
   -0.09848743
    0.03696193
    0.03372986
    0.03428438
   -0.09935217
    0.03841931
    0.03419225
    0.03525788
   -0.48024681
    0.32184086
    0.32122288
   -0.11776843
    0.05641381
    0.05666148
    0.06331333
   -0.08433302
    0.17429407
    0.03832025
    0.07285094
    0.06979436
   -0.13170641
   -0.00336907
    0.06729146
