    0.44106473
   -0.21097145
   -0.20431646
   -0.22747908
   -0.23435317
    0.05028129
   -0.03059810
   -0.02801434
    0.05515694
    0.05615644
   -0.01898387
   -0.03183234
    0.05644782
    0.04972580
   -0.02331121
   -0.03392110
    0.05172557
    0.04805398
   -0.03187107
   -0.03317227
    0.04618524
   -0.07575219
    0.03431845
   -0.06434526
    0.03900418
   -0.07065391
    0.03490464
   -0.07370779
    0.03380388
   -0.09945245
    0.03517940
    0.03444902
    0.03915418
   -0.09852270
    0.03322402
    0.03712725
    0.03448394
   -0.10112167
    0.03491081
    0.03986280
    0.04274907
   -0.02696028
    0.02381669
   -0.09685357
    0.03568404
    0.02302917
   -0.10043334
    0.03552202
    0.04205875
    0.03674256
   -0.02753331
    0.02348825
   -0.09701190
    0.03447739
    0.02248967
   -0.09838006
    0.03570601
    0.03530637
    0.03338734
   -0.09835215
    0.03367284
    0.03586994
    0.03321603
   -0.11785893
    0.05681172
    0.05648828
    0.06386569
   -0.08417830
    0.17417477
    0.03856071
    0.07266992
    0.06982217
   -0.13155326
   -0.00301488
    0.06746132
   -0.48049173
    0.32111806
    0.32159297
