           1           2  0.58760932201156979     
           1           3  0.58394967413063881     
           1           4  0.58499027632242995     
           1           5  0.58958622893948354     
           2           6   1.2542061692753821     
           6           7   1.1307786829723130     
           7           8   1.6053011724599056     
           2           9   1.2451567657999896     
           8           9   1.1299242098480937     
           3          10   1.2428090664183866     
          10          11   1.1601397299029901     
          11          12   1.5255161668206274     
           3          13   1.2555070648827764     
          12          13   1.1175329171578814     
           4          14   1.2414535560451898     
          14          15   1.1579916286052496     
          15          16   1.5329106859724242     
           4          17   1.2599558276251261     
          16          17   1.1177446320287672     
           5          18   1.2497534446211620     
          18          19   1.1289357912167697     
          19          20   1.6065751020026142     
           5          21   1.2518652392653382     
          20          21   1.1294681900127526     
           6          22   1.3519909469504230     
          21          22   1.3560192909553868     
          22          23  0.96259264894214280     
           9          24   1.3657355625086482     
          10          24   1.3376352466916570     
          24          25  0.96106639391999360     
          13          26   1.3602653968589022     
          14          26   1.3423686773464238     
          26          27  0.96056396866811755     
          17          28   1.3497506215008581     
          18          28   1.3586004194682655     
          28          29  0.95875860379676869     
           8          30   1.0284197992778938     
          30          31  0.98060832339872539     
          30          32  0.97410319500964249     
          30          33  0.97327242003414238     
           7          34   1.0286355828557212     
          34          35  0.97348076314421927     
          34          36  0.97358319691613215     
          34          37  0.98066957543746258     
          11          38   1.0319085247305502     
          38          39  0.97697501116350893     
          38          40  0.96841829759843912     
          38          41  0.97759260777466983     
          12          42   1.1078517581671525     
          42          43  0.95886310742313541     
          42          44   1.8820923539004326     
          44          45  0.97590456432281081     
          44          46  0.97950363151826825     
          15          47   1.0303259768219648     
          47          48  0.97363244575371988     
          47          49  0.97130232598152233     
          47          50  0.98242521006601802     
          16          51   1.0987008442546764     
          51          52  0.95812665055336088     
          51          53   1.8923227729162864     
          53          54  0.97521328665308371     
          53          55  0.97924323790729062     
          19          56   1.0290048872223239     
          56          57  0.97363863938494244     
          56          58  0.97291142203742009     
          56          59  0.98065562193212918     
          20          60   1.0285725237046393     
          60          61  0.98067231666835242     
          60          62  0.97318147501847629     
          60          63  0.97404453572361882     
          64          65  0.97151992001363874     
          64          66  0.97160194707303738     
          64          67  0.98226915037564755     
          68          69  0.94198625481042719     
          64          70   1.0311762379269025     
          68          70   1.1871983897614029     
          68          71   1.2612318849206545     
          70          71  0.11270283831055207     
          71          72  0.95553963983913526     
           1          73  0.49407451329240543     
          71          73   1.4855888720740438     
          70          74   1.5613888460725667     
          73          74   1.2501322660154657     
          74          75  0.96073914884569889     
          76          77  0.97149188413577225     
          76          78  0.97157697855682856     
          76          79  0.98218318980300379     
          80          81  0.94207690103880926     
          76          82   1.0312380455165491     
          80          82   1.1870647671459698     
          80          83   1.2606814563963142     
          82          83  0.11287459250014240     
          83          84  0.95565403293935181     
           1          85  0.49348177782910640     
          83          85   1.4857091071804680     
          82          86   1.5615248178531631     
          85          86   1.2502511919915569     
          86          87  0.96056326490621458     
