    0.39658722
   -0.21058233
   -0.21552978
   -0.20929436
   -0.20455993
    0.05123325
   -0.03186245
   -0.03280755
    0.04925276
    0.04892938
   -0.02476800
   -0.03569902
    0.05197706
    0.04971019
   -0.02727958
   -0.03395810
    0.05636662
    0.05200620
   -0.03095874
   -0.03170123
    0.05181914
   -0.07115676
    0.03208299
   -0.07392282
    0.03099929
   -0.07332719
    0.03087221
   -0.07022738
    0.03795005
   -0.09682361
    0.03213538
    0.03445085
    0.03168582
   -0.09720794
    0.03383783
    0.03396632
    0.03189526
   -0.09847734
    0.03161737
    0.03492835
    0.04029158
   -0.02723060
    0.02241871
   -0.09901752
    0.03198267
    0.02001984
   -0.09750892
    0.03499743
    0.03364660
    0.03524574
   -0.02604410
    0.02319036
   -0.09750901
    0.03146034
    0.02139245
   -0.09754993
    0.03428083
    0.03511446
    0.03227589
   -0.09719941
    0.03229641
    0.03355238
    0.03381195
   -0.11598926
    0.05449095
    0.05419779
    0.06153576
   -0.08636191
    0.17182678
    0.03678748
    0.07518721
    0.06708549
   -0.12535201
   -0.00156677
    0.06453500
   -0.11608692
    0.05426876
    0.05438263
    0.06199053
   -0.08662585
    0.17152743
    0.03685013
    0.07477876
    0.06687988
   -0.12550199
   -0.00143969
    0.06452221
