           1           2  0.58520711200844477     
           1           3  0.59602829755413445     
           1           4  0.59714350228495916     
           1           5  0.58498170224040402     
           2           6   1.2460108283386060     
           6           7   1.1369680252015399     
           7           8   1.5979633463133598     
           2           9   1.2385237801475377     
           8           9   1.1368164511722239     
           3          10   1.2417464038406441     
          10          11   1.1524806932487199     
          11          12   1.5352469774362874     
           3          13   1.2571424952165038     
          12          13   1.1137130266450503     
           4          14   1.2417384629510921     
          14          15   1.1503364977183796     
          15          16   1.5367419086878231     
           4          17   1.2595284575047108     
          16          17   1.1126653651272040     
           5          18   1.2439221847740383     
          18          19   1.1357573806539913     
          19          20   1.5991081066695911     
           5          21   1.2438421156558617     
          20          21   1.1357126296706059     
           6          22   1.3550762413472666     
          21          22   1.3590929082075272     
          22          23  0.96213704867774885     
           9          24   1.3639399203696545     
          10          24   1.3448152849250181     
          24          25  0.96081908347603129     
          13          26   1.3631408552455442     
          14          26   1.3502069173038220     
          26          27  0.95847150374819967     
          17          28   1.3560838528026258     
          18          28   1.3570308757788581     
          28          29  0.96024975636652754     
           8          30   1.0289431988623829     
          30          31  0.97317620403235539     
          30          32  0.98046570601492999     
          30          33  0.97332161540730466     
           7          34   1.0291493944564041     
          34          35  0.97313487313965263     
          34          36  0.97313493114499494     
          34          37  0.98047678438061137     
          11          38   1.0326894029302183     
          38          39  0.97635916567230963     
          38          40  0.96825606581207968     
          38          41  0.97730955197751934     
          12          42   1.1044401330686582     
          42          43  0.95813275396385689     
          42          44   1.8871347843146933     
          44          45  0.97583105904365208     
          44          46  0.97930800670187468     
          15          47   1.0335940923673304     
          47          48  0.97568093527469690     
          47          49  0.96758961800201693     
          47          50  0.97746288587456931     
          16          51   1.1039533319156980     
          51          52  0.95844519003076367     
          51          53   1.8873108950058575     
          53          54  0.97580893941234392     
          53          55  0.97931504350029419     
          19          56   1.0294032033547373     
          56          57  0.97296447372704775     
          56          58  0.97293278853048948     
          56          59  0.98047118837931801     
          20          60   1.0291326196217292     
          60          61  0.98047452008259883     
          60          62  0.97311601144653981     
          60          63  0.97324001928689752     
           1          64  0.26252702691498525     
          64          65  0.88385461257605369     
          64          66  0.88384089626667395     
          67          68  0.97080068696884125     
          67          69  0.97113483242940957     
          67          70  0.98185423996203569     
          71          72  0.94119818164648139     
          67          73   1.0317403724351721     
          71          73   1.1887589494693498     
          71          74   1.2621876121410673     
          73          74  0.11221908139627632     
          74          75  0.95383247587253839     
           1          76  0.50992140736600200     
          74          76   1.4789719971718291     
          73          77   1.5599780243285477     
          76          77   1.2461893928397501     
          77          78  0.95862953760273772     
