    0.43043640
   -0.22989875
   -0.22469350
   -0.21183442
   -0.21747424
    0.05084804
   -0.03265406
   -0.03411507
    0.04880603
    0.05059934
   -0.03289804
   -0.03076047
    0.05216842
    0.05865543
   -0.03048537
   -0.01979095
    0.05598384
    0.05649279
   -0.03301296
   -0.02337162
    0.05229538
   -0.07138217
    0.03272854
   -0.07761012
    0.02991306
   -0.06858565
    0.03494633
   -0.06775572
    0.03536134
   -0.09758726
    0.03420816
    0.03463526
    0.03276000
   -0.09680727
    0.03407509
    0.03264086
    0.03259120
   -0.09941771
    0.03604905
    0.03384470
    0.04192672
   -0.02683544
    0.02365869
   -0.09671202
    0.03403724
    0.02287240
   -0.10026042
    0.03998108
    0.03404849
    0.04226722
   -0.02626140
    0.02391448
   -0.09651527
    0.03580169
    0.02287674
   -0.09831277
    0.03697660
    0.03485326
    0.03325721
   -0.09715973
    0.03321860
    0.03237908
    0.03478837
   -0.11726388
    0.05598038
    0.05624826
    0.06355554
   -0.08524678
    0.17366328
    0.03826453
    0.07436396
    0.06867002
   -0.12976190
   -0.00183094
    0.06660647
   -0.10819822
    0.04525009
    0.04889833
    0.05810187
   -0.02082712
    0.05022935
    0.05655596
   -0.05949750
   -0.07251534
    0.05889066
    0.06342106
    0.07173717
