    0.46524677
   -0.21942466
   -0.22809529
   -0.24430965
   -0.23647865
    0.05488567
   -0.02789643
   -0.02822471
    0.05603957
    0.05523480
   -0.02067221
   -0.03134162
    0.05432577
    0.04863703
   -0.02190195
   -0.03156013
    0.05416292
    0.05180039
   -0.02827558
   -0.02780445
    0.05412767
   -0.06829724
    0.03941008
   -0.06790719
    0.03812545
   -0.07408075
    0.03574570
   -0.07225041
    0.03750021
   -0.10007925
    0.03604150
    0.03938190
    0.03627401
   -0.09996422
    0.03718408
    0.03865687
    0.03591037
   -0.10137882
    0.03709930
    0.03799420
    0.04418709
   -0.02765775
    0.02645304
   -0.09559765
    0.03544637
    0.02532525
   -0.10098905
    0.03603890
    0.03863975
    0.04398027
   -0.02777531
    0.02730255
   -0.09544078
    0.03591648
    0.02564795
   -0.09986505
    0.03955968
    0.03657283
    0.03604813
   -0.10012286
    0.03912667
    0.03614628
    0.03723295
   -0.47999662
    0.32448540
    0.32538716
   -0.07609612
    0.07111551
    0.07463796
    0.07580351
   -0.11068757
    0.16533398
