    0.44064495
   -0.23360434
   -0.23286146
   -0.20500096
   -0.20581219
    0.04912327
   -0.03101205
   -0.03400638
    0.04507145
    0.04553712
   -0.02560277
   -0.03358239
    0.05243446
    0.05378630
   -0.01995653
   -0.03082292
    0.05897426
    0.05586663
   -0.02811362
   -0.02864405
    0.05341176
   -0.07018254
    0.03655006
   -0.07954025
    0.03182404
   -0.06911194
    0.03597974
   -0.06573740
    0.03760440
   -0.09795435
    0.03360669
    0.03342549
    0.03449326
   -0.09895427
    0.03625906
    0.03558371
    0.03350736
   -0.09965765
    0.03366482
    0.03465254
    0.04202535
   -0.02744337
    0.02481783
   -0.09697171
    0.03343878
    0.02302453
   -0.10051625
    0.03564808
    0.03740953
    0.04349306
   -0.02679038
    0.02676318
   -0.09733963
    0.03411349
    0.02316235
   -0.09930577
    0.03873355
    0.03580318
    0.03458420
   -0.09901496
    0.03476320
    0.03532707
    0.03695614
   -0.48075445
    0.32133701
    0.32126012
   -0.11803842
    0.05690408
    0.05653932
    0.06402907
   -0.08432954
    0.17430260
    0.03873068
    0.07303605
    0.06961037
   -0.13167140
   -0.00324152
    0.06776128
