           1           2  0.58539591099939259     
           1           3  0.58391913159065312     
           1           4  0.59618956137730583     
           1           5  0.59784493061306299     
           2           6   1.2471913486801207     
           6           7   1.1373242125593395     
           7           8   1.5979762586677870     
           2           9   1.2373089849090455     
           8           9   1.1363022144863799     
           3          10   1.2350784127292451     
          10          11   1.1625987544335747     
          11          12   1.5245771514699211     
           3          13   1.2503615072888608     
          12          13   1.1226821678688867     
           4          14   1.2398427574107129     
          14          15   1.1499966131218089     
          15          16   1.5372228539380639     
           4          17   1.2618378013179947     
          16          17   1.1129242130058963     
           5          18   1.2507780749857933     
          18          19   1.1260079415181039     
          19          20   1.6100704325223236     
           5          21   1.2497202817358715     
          20          21   1.1262074998462472     
           6          22   1.3536065939237936     
          21          22   1.3623061828106435     
          22          23  0.96201207201319883     
           9          24   1.3652332390444057     
          10          24   1.3414540425047035     
          24          25  0.96078827140078049     
          13          26   1.3604939251876593     
          14          26   1.3517194893919260     
          26          27  0.95857249256315580     
          17          28   1.3543843071540316     
          18          28   1.3603320114586699     
          28          29  0.96001858769874016     
           8          30   1.0287504894121782     
          30          31  0.98044389748404059     
          30          32  0.97336572553481371     
          30          33  0.97340972225499167     
           7          34   1.0293718926184647     
          34          35  0.97279232314740860     
          34          36  0.97316050680511335     
          34          37  0.98049024164189835     
          11          38   1.0322772695167406     
          38          39  0.97669824268931360     
          38          40  0.96824277836367867     
          38          41  0.97733200198670445     
          12          42   1.1047744701114701     
          42          43  0.95835226666731221     
          42          44   1.8865691678637999     
          44          45  0.97579463750315565     
          44          46  0.97933119518173650     
          15          47   1.0332874840646000     
          47          48  0.97595880606280694     
          47          49  0.96774990926619797     
          47          50  0.97748548717305916     
          16          51   1.1037083417595781     
          51          52  0.95824631630892609     
          51          53   1.8877977740814911     
          53          54  0.97578191622003785     
          53          55  0.97929354123387202     
          19          56   1.0298943324368310     
          56          57  0.97248182478179934     
          56          58  0.97296238330920903     
          56          59  0.98042138353532338     
          20          60   1.0295484523198148     
          60          61  0.98042456032488356     
          60          62  0.97316875835131933     
          60          63  0.97284020604104382     
           1          64  0.26217013714950027     
          64          65  0.88382671192644879     
          64          66  0.88413331468358736     
          67          68  0.97095429436382519     
          67          69  0.97095942316404815     
          67          70  0.98183937030860879     
          71          72  0.94121281537991486     
          67          73   1.0317167590640455     
          71          73   1.1887630141293046     
          71          74   1.2621299496934528     
          73          74  0.11199456512699180     
          74          75  0.95478779725871055     
           1          76  0.50925377888806633     
          74          76   1.4799122684451333     
          73          77   1.5603097107466783     
          76          77   1.2458057036355987     
          77          78  0.95767042312904815     
