           1           2  0.58508743989622669     
           1           3  0.58202925309745202     
           1           4  0.59851163462671753     
           1           5  0.59702216145633791     
           2           6   1.2471518005778088     
           6           7   1.1373526173503474     
           7           8   1.5979699882478009     
           2           9   1.2364930375553698     
           8           9   1.1363022892568377     
           3          10   1.2370219520851582     
          10          11   1.1630103712152013     
          11          12   1.5301124593127227     
           3          13   1.2489804101037376     
          12          13   1.1237237212485247     
           4          14   1.2380935851663772     
          14          15   1.1499753466881248     
          15          16   1.5368363986296518     
           4          17   1.2621680081600610     
          16          17   1.1128189034781555     
           5          18   1.2505742857350084     
          18          19   1.1261849690078749     
          19          20   1.6099540143761311     
           5          21   1.2500342281509931     
          20          21   1.1262611515318479     
           6          22   1.3537447638542897     
          21          22   1.3619269561320551     
          22          23  0.96205454393305079     
           9          24   1.3664297548264968     
          10          24   1.3396859770290006     
          24          25  0.96231898552541362     
          13          26   1.3589403711128569     
          14          26   1.3530471251887919     
          26          27  0.95680783434388583     
          17          28   1.3540423855168602     
          18          28   1.3604898972994672     
          28          29  0.96013723194135159     
           8          30   1.0287063692998875     
          30          31  0.98047587337638287     
          30          32  0.97299220045528367     
          30          33  0.97386347477244084     
           7          34   1.0293389479566781     
          34          35  0.97293212315728095     
          34          36  0.97304633551264486     
          34          37  0.98052308895722085     
          11          38   1.0303907860594577     
          38          39  0.97376993076900886     
          38          40  0.97103489875256810     
          38          41  0.98225439789588131     
          12          42   1.0961672799589648     
          42          43  0.95787649672036079     
          42          44   1.8959037898676685     
          44          45  0.97503195200534143     
          44          46  0.97906822716989106     
          15          47   1.0334411082547910     
          47          48  0.97633200071295545     
          47          49  0.96742546235237570     
          47          50  0.97714884543528069     
          16          51   1.1046357420244313     
          51          52  0.95849208432396971     
          51          53   1.8868904144215892     
          53          54  0.97575779894434300     
          53          55  0.97932436179106142     
          19          56   1.0298586861518415     
          56          57  0.97217911771651833     
          56          58  0.97333500217088276     
          56          59  0.98043886076454467     
          20          60   1.0295253566725804     
          60          61  0.98043641981621987     
          60          62  0.97352958958242652     
          60          63  0.97253551987081976     
           1          64  0.26153317626075162     
          64          65  0.88352885751139454     
          64          66  0.88433659227564165     
          67          68  0.97107720093684291     
          67          69  0.97087111327530240     
          67          70  0.98184682640231646     
          71          72  0.94125169488426486     
          67          73   1.0316952696781940     
          71          73   1.1887720688778409     
          71          74   1.2617420686184921     
          73          74  0.11204747507254563     
          74          75  0.95515242616630491     
           1          76  0.51005866293004742     
          74          76   1.4795411621070820     
          73          77   1.5602613881535583     
          76          77   1.2456204431398457     
          77          78  0.95777909986999687     
