    0.44141978
   -0.23442528
   -0.23262175
   -0.20471829
   -0.20600698
    0.04906665
   -0.03112109
   -0.03419761
    0.04467022
    0.04523814
   -0.02887769
   -0.03317561
    0.05430736
    0.05336175
   -0.01967601
   -0.03091615
    0.05897545
    0.05569601
   -0.02822554
   -0.02871905
    0.05333556
   -0.07023199
    0.03634748
   -0.08002843
    0.03170136
   -0.06949964
    0.04153393
   -0.06579053
    0.03753023
   -0.09796366
    0.03349520
    0.03334038
    0.03447994
   -0.09892176
    0.03622458
    0.03547023
    0.03341267
   -0.09851459
    0.03526274
    0.03397899
    0.03641226
   -0.02686901
    0.02501111
   -0.09623583
    0.03363413
    0.02425948
   -0.10090278
    0.03645126
    0.03753639
    0.04360911
   -0.02688144
    0.02666773
   -0.09743450
    0.03421901
    0.02300055
   -0.09927946
    0.03864520
    0.03575012
    0.03447725
   -0.09895480
    0.03465301
    0.03513438
    0.03698900
   -0.48114282
    0.32139253
    0.32119365
   -0.11800541
    0.05676507
    0.05654269
    0.06399036
   -0.08442386
    0.17420687
    0.03873565
    0.07314694
    0.06919239
   -0.13136227
   -0.00327061
    0.06792966
