    0.44082458
   -0.23239826
   -0.20323451
   -0.20657552
   -0.23503439
    0.04497575
   -0.03372871
   -0.03097423
    0.04975479
    0.05419951
   -0.01976347
   -0.03077503
    0.05896494
    0.05600374
   -0.01995870
   -0.03126601
    0.05591766
    0.04839717
   -0.03118441
   -0.03400465
    0.04518966
   -0.08004186
    0.03200357
   -0.06883883
    0.03667856
   -0.06525091
    0.03742508
   -0.07038170
    0.03576152
   -0.09894670
    0.03358157
    0.03621207
    0.03575005
   -0.09798783
    0.03310785
    0.03487358
    0.03358114
   -0.10076782
    0.03586687
    0.04354315
    0.03692315
   -0.02687454
    0.02702768
   -0.09735778
    0.03395882
    0.02321047
   -0.10094903
    0.03501218
    0.03996924
    0.04258585
   -0.02675373
    0.02397690
   -0.09684484
    0.03583016
    0.02293042
   -0.09879055
    0.03559982
    0.03660276
    0.03347902
   -0.09795452
    0.03359414
    0.03467952
    0.03309888
   -0.48053951
    0.32146551
    0.32124674
   -0.11804341
    0.05688746
    0.05650194
    0.06412539
   -0.08441915
    0.17415077
    0.03873646
    0.07281906
    0.06965052
   -0.13152165
   -0.00318665
    0.06767327
