           1           2  0.58578969815923732     
           1           3  0.59847075095784685     
           1           4  0.59412409446403724     
           1           5  0.58444424219861102     
           2           6   1.2449642247149442     
           6           7   1.1367992856632176     
           7           8   1.5983111210218035     
           2           9   1.2403251895193284     
           8           9   1.1363541055427331     
           3          10   1.2440554964877233     
          10          11   1.1495003687238290     
          11          12   1.5386126054909475     
           3          13   1.2569151499815356     
          12          13   1.1113414824923793     
           4          14   1.2417484464196455     
          14          15   1.1513367517954105     
          15          16   1.5361982609146969     
           4          17   1.2596522973580138     
          16          17   1.1131981005494247     
           5          18   1.2432718860425596     
          18          19   1.1378306622165490     
          19          20   1.5964260658131144     
           5          21   1.2415516035598704     
          20          21   1.1381108374719573     
           6          22   1.3537873090387409     
          21          22   1.3565187942861403     
          22          23  0.96234128083213299     
           9          24   1.3649398104614829     
          10          24   1.3474436345761320     
          24          25  0.96072110479579309     
          13          26   1.3636708512031575     
          14          26   1.3474041044243454     
          26          27  0.95861491855179548     
          17          28   1.3579299202960096     
          18          28   1.3576701738402019     
          28          29  0.96000256349213386     
           8          30   1.0294161216582316     
          30          31  0.98047496301224368     
          30          32  0.97255824825185666     
          30          33  0.97336777658016671     
           7          34   1.0287189112862580     
          34          35  0.97346367229409392     
          34          36  0.97336889905580526     
          34          37  0.98047432044183758     
          11          38   1.0331439010721548     
          38          39  0.97615050414516136     
          38          40  0.97742994234964808     
          38          41  0.96785605718530077     
          12          42   1.1039065346699490     
          42          43  0.95825829687810571     
          42          44   1.8875273178147451     
          44          45  0.97580216643917672     
          44          46  0.97929929068260124     
          15          47   1.0334574688913309     
          47          48  0.97617023941209169     
          47          49  0.96723326427421330     
          47          50  0.97745796073415714     
          16          51   1.1041309508298209     
          51          52  0.95840962468718183     
          51          53   1.8874141831523668     
          53          54  0.97568453006427680     
          53          55  0.97931093109127998     
          19          56   1.0295027901782063     
          56          57  0.97277391861441143     
          56          58  0.97296549984700165     
          56          59  0.98047406869351195     
          20          60   1.0286897720397197     
          60          61  0.98047313531106084     
          60          62  0.97365531146395778     
          60          63  0.97321903036047042     
           1          64  0.26255476891733232     
          64          65  0.88379741674027834     
          64          66  0.88426772612400617     
          67          68  0.97074923986421824     
          67          69  0.97114893111106371     
          67          70  0.98181500686309708     
          71          72  0.94126527699339935     
          67          73   1.0317357103269016     
          71          73   1.1887083925966215     
          71          74   1.2618603546603691     
          73          74  0.11201248141361490     
          74          75  0.95479165714771652     
           1          76  0.50962572215506752     
          74          76   1.4797849466588389     
          73          77   1.5603012263709448     
          76          77   1.2457486884302360     
          77          78  0.95769383118665252     
