           1           2  0.58625940923205577     
           1           3  0.58697395167818311     
           1           4  0.58726210502990561     
           1           5  0.58640795886711983     
           2           6   1.2449852409853237     
           6           7   1.1319636691669226     
           7           8   1.6028521587105742     
           2           9   1.2529921707543121     
           8           9   1.1326705517484936     
           3          10   1.2501213945302991     
          10          11   1.1316256923625330     
          11          12   1.6037700008663476     
           3          13   1.2505127731422458     
          12          13   1.1310717490351396     
           4          14   1.2623964318887808     
          14          15   1.1150172976394839     
          15          16   1.5302667858611176     
           4          17   1.2411320547230535     
          16          17   1.1550510710704962     
           5          18   1.2573166860093117     
          18          19   1.1157890332474307     
          19          20   1.5288145497217467     
           5          21   1.2431435244795481     
          20          21   1.1575344669098271     
           6          22   1.3636519796825395     
          21          22   1.3398920282230473     
          22          23  0.96094104194498264     
           9          24   1.3514338503037109     
          10          24   1.3557771807393220     
          24          25  0.96262953960025521     
          13          26   1.3559565055657641     
          14          26   1.3522631743749256     
          26          27  0.96034700716509080     
          17          28   1.3449097923428879     
          18          28   1.3593046116253786     
          28          29  0.95894002504200149     
           7          30   1.0283968154069063     
          30          31  0.97356123143123019     
          30          32  0.97378186087163254     
          30          33  0.98062813208234689     
           8          34   1.0283958236792166     
          34          35  0.97348584408544014     
          34          36  0.97385760560114598     
          34          37  0.98065029499476541     
          20          38   1.0320734794157513     
          38          39  0.97670571210886725     
          38          40  0.97766838601720762     
          38          41  0.96836167196670142     
          19          42   1.1068729321066684     
          42          43  0.95859692150638653     
          42          44   1.8833931657918250     
          44          45  0.97588231554623839     
          44          46  0.97947326098960830     
          16          47   1.0324972905031125     
          47          48  0.96812750084703414     
          47          49  0.97666396768764052     
          47          50  0.97752740033593732     
          15          51   1.1068902797163067     
          51          52  0.95857369635281664     
          51          53   1.8836026009778588     
          53          54  0.97588865427982430     
          53          55  0.97948323151320438     
          12          56   1.0288418737267200     
          56          57  0.97374855636580204     
          56          58  0.97302818482011300     
          56          59  0.98062719623044592     
          11          60   1.0283662169280281     
          60          61  0.98065727358572585     
          60          62  0.97373792292160155     
          60          63  0.97369235412070843     
          64          65  0.97127338837232557     
          64          66  0.97172590914835288     
          64          67  0.98212393060436121     
          68          69  0.94209731001161878     
          64          70   1.0312998739404917     
          68          70   1.1870299162354336     
          68          71   1.2608606766685515     
          70          71  0.11288799202839354     
          71          72  0.95542645906645240     
           1          73  0.49367707061522209     
          71          73   1.4857916609095445     
          70          74   1.5615564127727461     
          73          74   1.2503740110460226     
          74          75  0.96044324867390629     
          76          77  0.97148597529383074     
          76          78  0.97155005718963605     
          76          79  0.98218315781739507     
          80          81  0.94207045380566723     
          76          82   1.0312593529085636     
          80          82   1.1870648500891665     
          80          83   1.2608499024028639     
          82          83  0.11284119589612703     
          83          84  0.95544121409572214     
           1          85  0.49351525882288272     
          83          85   1.4858625422828513     
          82          86   1.5614969146265285     
          85          86   1.2503263033423608     
          86          87  0.96054308201726468     
