    0.39544786
   -0.21571392
   -0.21061299
   -0.20380082
   -0.20928464
    0.04863872
   -0.03339085
   -0.03307882
    0.04863098
    0.04924836
   -0.03284307
   -0.03179107
    0.05142225
    0.05541980
   -0.03363628
   -0.02258662
    0.05271089
    0.05468010
   -0.03436538
   -0.02405874
    0.04974706
   -0.07369565
    0.03120070
   -0.07419519
    0.03131231
   -0.07020411
    0.03203008
   -0.06978375
    0.03190161
   -0.09681514
    0.03197743
    0.03428667
    0.03194433
   -0.09688513
    0.03241608
    0.03406112
    0.03186769
   -0.09864645
    0.03131486
    0.04046051
    0.03561396
   -0.02678538
    0.02242238
   -0.09845363
    0.03263360
    0.02040812
   -0.09881424
    0.03563207
    0.03335656
    0.04091133
   -0.02655747
    0.02235434
   -0.09839388
    0.03280160
    0.02021877
   -0.09712056
    0.03454037
    0.03410844
    0.03192828
   -0.09686249
    0.03224151
    0.03428471
    0.03177839
   -0.11614257
    0.05465168
    0.05413643
    0.06231520
   -0.08658612
    0.17144710
    0.03700810
    0.07466349
    0.06692735
   -0.12555483
   -0.00128252
    0.06477452
   -0.11606547
    0.05455813
    0.05416536
    0.06198746
   -0.08657676
    0.17153260
    0.03689581
    0.07476114
    0.06691886
   -0.12540997
   -0.00138534
    0.06468281
