    0.46545733
   -0.21702935
   -0.24544620
   -0.24449715
   -0.22028525
    0.05720867
   -0.02683125
   -0.02850805
    0.05509606
    0.05101031
   -0.02318398
   -0.03382277
    0.04933499
    0.04840855
   -0.02238946
   -0.03097107
    0.05372416
    0.05462697
   -0.02621475
   -0.02550599
    0.05894195
   -0.06418411
    0.04133206
   -0.07111816
    0.03642326
   -0.07775518
    0.03390936
   -0.07088546
    0.03889911
   -0.09981185
    0.03614451
    0.03869208
    0.03608086
   -0.10033813
    0.03732074
    0.03995971
    0.03603648
   -0.10102923
    0.03710712
    0.03643325
    0.04313567
   -0.02822232
    0.02437893
   -0.09535331
    0.03566703
    0.02510571
   -0.10080308
    0.03494278
    0.04332048
    0.03906446
   -0.02758479
    0.02582468
   -0.09446477
    0.03701400
    0.02596891
   -0.10016769
    0.03997921
    0.03740711
    0.03670893
   -0.10048902
    0.03886876
    0.03672047
    0.03927741
   -0.47900445
    0.32502344
    0.32523757
   -0.07600036
    0.07099950
    0.07428503
    0.07611193
   -0.11161299
    0.16632063
