           1           2  0.58298270794757168     
           1           3  0.56879613603016632     
           1           4  0.56669022358331600     
           1           5  0.58124390888143629     
           2           6   1.2565862685773093     
           6           7   1.1257804885101819     
           7           8   1.6109634633505763     
           2           9   1.2449076017651590     
           8           9   1.1252500694964933     
           3          10   1.2355767386490901     
          10          11   1.1616620809532952     
          11          12   1.5272218001985149     
           3          13   1.2479724563881569     
          12          13   1.1230449886454785     
           4          14   1.2321234601911171     
          14          15   1.1593363251516988     
          15          16   1.5291521300283180     
           4          17   1.2535019793743489     
          16          17   1.1234808474484688     
           5          18   1.2492708298812985     
          18          19   1.1246463730406993     
          19          20   1.6116272128453240     
           5          21   1.2511660925441610     
          20          21   1.1250028948950024     
           6          22   1.3568106334961034     
          21          22   1.3633713460404184     
          22          23  0.96151374600967698     
           9          24   1.3701834383832066     
          10          24   1.3422387608405331     
          24          25  0.96037686073416884     
          13          26   1.3616552842931851     
          14          26   1.3500182786306341     
          26          27  0.95846930262866370     
          17          28   1.3541484612497756     
          18          28   1.3645095436170418     
          28          29  0.95974033300149553     
           8          30   1.0301409896975893     
          30          31  0.98023766760981601     
          30          32  0.97249365767348417     
          30          33  0.97263163750255854     
           7          34   1.0305508790262281     
          34          35  0.97284992670442860     
          34          36  0.97171192582583910     
          34          37  0.98026751057850403     
          11          38   1.0333908965913470     
          38          39  0.96737457516606673     
          38          40  0.97599166654901959     
          38          41  0.97723742025199156     
          12          42   1.1023084548684323     
          42          43  0.95826994021600709     
          42          44   1.8896580725961243     
          44          45  0.97568680634754723     
          44          46  0.97919670275423165     
          15          47   1.0335335150445584     
          47          48  0.97595990294626078     
          47          49  0.97729495448555292     
          47          50  0.96718421654207587     
          16          51   1.1012546614086129     
          51          52  0.95843035107133800     
          51          53   1.8911389746854088     
          53          54  0.97554676852081168     
          53          55  0.97910322443382602     
          19          56   1.0306110647132685     
          56          57  0.97189941885521636     
          56          58  0.97260950776358979     
          56          59  0.98019989224026616     
          20          60   1.0306811140797600     
          60          61  0.97251849450926509     
          60          62  0.98024407811821035     
          60          63  0.97197849628809174     
           1          64  0.27458658944239706     
          64          65  0.88044697860452992     
          64          66  0.88071146232308117     
          67          68  0.98099946572435881     
          67          69  0.97865663641513123     
          67          70  0.97444063187410523     
           1          71  0.43972783960099610     
          67          71  0.99313174650621905     
          71          72  0.94191518059592594     
