           1           2  0.57190107833356263     
           1           3  0.56631169438829532     
           1           4  0.57735450406263022     
           1           5  0.58528562960493724     
           2           6   1.2492399764350797     
           6           7   1.1361027636468803     
           7           8   1.5995345307661870     
           2           9   1.2378280693759742     
           8           9   1.1351337408826003     
           3          10   1.2323420002094763     
          10          11   1.1631141277131893     
          11          12   1.5258981389491943     
           3          13   1.2478982348700001     
          12          13   1.1252604942062174     
           4          14   1.2374559599935788     
          14          15   1.1501810516239614     
          15          16   1.5386840780432594     
           4          17   1.2612371274540926     
          16          17   1.1154343667019520     
           5          18   1.2533472630615679     
          18          19   1.1213727747438875     
          19          20   1.6153757079575131     
           5          21   1.2513994740320937     
          20          21   1.1216431125694586     
           6          22   1.3540305949892315     
          21          22   1.3656262182727208     
          22          23  0.96162115443999729     
           9          24   1.3662034232715143     
          10          24   1.3432343147250236     
          24          25  0.96062996449823146     
          13          26   1.3601090214122404     
          14          26   1.3528530880971403     
          26          27  0.95849814277663326     
          17          28   1.3555552680559164     
          18          28   1.3648561348671842     
          28          29  0.95960317833064601     
           8          30   1.0295751271832176     
          30          31  0.98027348399287684     
          30          32  0.97317845224740629     
          30          33  0.97249350001621870     
           7          34   1.0302006759018294     
          34          35  0.97270925364602601     
          34          36  0.97210412027948889     
          34          37  0.98032949100914046     
          11          38   1.0329983602633204     
          38          39  0.96754404806944738     
          38          40  0.97629141963476296     
          38          41  0.97733219504278501     
          12          42   1.1017354528399950     
          42          43  0.95812435828924003     
          42          44   1.8904198273105126     
          44          45  0.97567981285607119     
          44          46  0.97917419640568426     
          15          47   1.0337294971473259     
          47          48  0.96730021151013124     
          47          49  0.97577950990137396     
          47          50  0.97727728438357508     
          16          51   1.1010536883593867     
          51          52  0.95814331877363124     
          51          53   1.8916048283380433     
          53          54  0.97555943354544006     
          53          55  0.97907353573667977     
          19          56   1.0310873654472028     
          56          57  0.97191940069160965     
          56          58  0.97197898121653026     
          56          59  0.98020410040583972     
          20          60   1.0305352921771822     
          60          61  0.97259073862613221     
          60          62  0.98020890254543303     
          60          63  0.97218868864368058     
           1          64  0.27479218339128603     
          64          65  0.88074443611839504     
          64          66  0.87987329431153993     
          67          68  0.98090657166811568     
          67          69  0.97903859107761038     
          67          70  0.97496188699198205     
           1          71  0.43667348616308471     
          67          71  0.99328484257926353     
          71          72  0.94239744874664566     
