    0.46571189
   -0.24035369
   -0.25134025
   -0.22310290
   -0.21246120
    0.05243216
   -0.02950368
   -0.03229279
    0.04744562
    0.04741993
   -0.02490012
   -0.03347534
    0.05007111
    0.05136503
   -0.02023916
   -0.02780573
    0.06163465
    0.06004386
   -0.02401832
   -0.02577154
    0.05810935
   -0.06745101
    0.03970977
   -0.07869134
    0.03295556
   -0.07528548
    0.03537355
   -0.06178634
    0.04248641
   -0.09912578
    0.03523755
    0.03542544
    0.03612714
   -0.09999355
    0.03754706
    0.03791913
    0.03514419
   -0.10036367
    0.03677984
    0.03439629
    0.04261917
   -0.02842354
    0.02509451
   -0.09512227
    0.03553527
    0.02526347
   -0.10111896
    0.03914478
    0.03612045
    0.04462874
   -0.02667736
    0.02862067
   -0.09479180
    0.03672612
    0.02640358
   -0.10086598
    0.04026421
    0.04005658
    0.03703398
   -0.10019607
    0.03853413
    0.03703815
    0.03865428
   -0.47898124
    0.32496419
    0.32479940
   -0.07551966
    0.07054110
    0.07446382
    0.07617745
   -0.11227363
    0.16591283
