           1           2  0.59771139158114928     
           1           3  0.59725785042657653     
           1           4  0.58372535149992699     
           1           5  0.58444378097329841     
           2           6   1.2511186338817335     
           6           7   1.1278759444447748     
           7           8   1.6086559411162313     
           2           9   1.2464236916983031     
           8           9   1.1271368040557919     
           3          10   1.2460186903925279     
          10          11   1.1504479618274648     
          11          12   1.5374998587305246     
           3          13   1.2544682991946376     
          12          13   1.1112307598984650     
           4          14   1.2348710167637829     
          14          15   1.1607423478257093     
          15          16   1.5266935771932431     
           4          17   1.2541367750108769     
          16          17   1.1214755204258537     
           5          18   1.2426187493621221     
          18          19   1.1371505308598464     
          19          20   1.5967739260583420     
           5          21   1.2427468990329213     
          20          21   1.1382184463737814     
           6          22   1.3567925518958976     
          21          22   1.3554503790272390     
          22          23  0.96221628201086962     
           9          24   1.3681080180338450     
          10          24   1.3453205064972049     
          24          25  0.96042890416185933     
          13          26   1.3656492393142861     
          14          26   1.3442732334029672     
          26          27  0.95849538109207844     
          17          28   1.3553322007448076     
          18          28   1.3589122933047579     
          28          29  0.96004842777522792     
           8          30   1.0298480750188188     
          30          31  0.98042759363665688     
          30          32  0.97244172145675645     
          30          33  0.97308028927840451     
           7          34   1.0291473872067511     
          34          35  0.97333763041190613     
          34          36  0.97312468353737613     
          34          37  0.98042118639277975     
          11          38   1.0334855513143664     
          38          39  0.97626074099393789     
          38          40  0.96723873621158740     
          38          41  0.97742706110572797     
          12          42   1.1046232264257787     
          42          43  0.95830134374515563     
          42          44   1.8868047742367162     
          44          45  0.97571490268969452     
          44          46  0.97932041174777684     
          15          47   1.0328873956762084     
          47          48  0.97625581195470312     
          47          49  0.96770739782062543     
          47          50  0.97755178604086379     
          16          51   1.1037713577038375     
          51          52  0.95840944547959195     
          51          53   1.8875299300677231     
          53          54  0.97575871374886614     
          53          55  0.97932557604567771     
          19          56   1.0293378329837830     
          56          57  0.97301024970349115     
          56          58  0.97298910812351447     
          56          59  0.98045928632122226     
          20          60   1.0288771463943034     
          60          61  0.97343322899723517     
          60          62  0.98049153703407244     
          60          63  0.97317183325327850     
           1          64  0.26289782975798071     
          64          65  0.88418779537815784     
          64          66  0.88385486940626978     
          67          68  0.97096166005847773     
          67          69  0.97095689788576567     
          67          70  0.98186206303520673     
          71          72  0.94125130790401312     
          67          73   1.0317507417848617     
          71          73   1.1886489603951134     
          71          74   1.2620583117942412     
          73          74  0.11216057754029009     
          74          75  0.95378218754985056     
           1          76  0.50991930522230278     
          74          76   1.4790736659000534     
          73          77   1.5599900832025160     
          76          77   1.2461710497480842     
          77          78  0.95875856850306285     
