           1           2  0.57723066937621992     
           1           3  0.57969863491866047     
           1           4  0.57477391672884137     
           1           5  0.57890466026994014     
           2           6   1.2546074395348350     
           6           7   1.1315527811829773     
           7           8   1.6011998736657882     
           2           9   1.2423510833669678     
           8           9   1.1295407445714643     
           3          10   1.2448013224292538     
          10          11   1.1495032571270771     
          11          12   1.5347937541834622     
           3          13   1.2593386494545307     
          12          13   1.1154904426183283     
           4          14   1.2450655735000224     
          14          15   1.1471215038518878     
          15          16   1.5385330249104354     
           4          17   1.2619829546087251     
          16          17   1.1123611717393163     
           5          18   1.2456429020338091     
          18          19   1.1314142122458397     
          19          20   1.5984537611119711     
           5          21   1.2507980138694241     
          20          21   1.1333507586689422     
           6          22   1.3556972645993244     
          21          22   1.3577214378596336     
          22          23  0.96100036357483942     
           9          24   1.3648190914486500     
          10          24   1.3437099881074905     
          24          25  0.95982248531013981     
          13          26   1.3608720141222765     
          14          26   1.3526717673394757     
          26          27  0.95746968017080814     
          17          28   1.3541180083903177     
          18          28   1.3575035049258766     
          28          29  0.95951337223008060     
           8          30   1.0318837688468401     
          30          31  0.97988979436719714     
          30          32  0.97074202662824260     
          30          33  0.97211284264667031     
           7          34   1.0309949558217946     
          34          35  0.97269252788508831     
          34          36  0.97138877168787530     
          34          37  0.97989486700640782     
          11          38   1.0356740783144009     
          38          39  0.97589454577144741     
          38          40  0.96499515023756399     
          38          41  0.97660841158497425     
          12          42   1.1016873304622683     
          42          43  0.95801904299757201     
          42          44   1.8915607577037419     
          44          45  0.97515675672689761     
          44          46  0.97887449981138686     
          15          47   1.0353958469486395     
          47          48  0.96668195933536660     
          47          49  0.97431843174171484     
          47          50  0.97660218109285690     
          16          51   1.1009924070792780     
          51          52  0.95761938824380044     
          51          53   1.8927337095041041     
          53          54  0.97542723865877212     
          53          55  0.97890123540667962     
          19          56   1.0319837014067608     
          56          57  0.97247115247022475     
          56          58  0.97020145551638648     
          56          59  0.97987221426320159     
          20          60   1.0309250865478423     
          60          61  0.97292090938887288     
          60          62  0.97989614011068626     
          60          63  0.97123981857204567     
          64          65  0.97023020730344278     
          64          66  0.97059879732433652     
          64          67  0.98166546425929579     
          68          69  0.94032289276550729     
          64          70   1.0325841556185129     
          68          70   1.1872471121830106     
          68          71   1.2756598154113403     
          70          71  0.11148527146894416     
          71          72  0.95913023086901250     
           1          73  0.32259733947612496     
          71          73   1.5232148138480834     
          70          74   1.5616875509223602     
          73          74   1.2719958453370408     
          74          75  0.96543538838493681     
           1          76   1.1711170006825862     
           1          77  0.67793434155455290     
          76          77   1.1828928902737381     
