    0.44065389
   -0.23352884
   -0.23293272
   -0.20508476
   -0.20573770
    0.04915970
   -0.03099516
   -0.03400775
    0.04505644
    0.04555367
   -0.02559535
   -0.03359599
    0.05241518
    0.05375853
   -0.01996966
   -0.03082894
    0.05896649
    0.05586518
   -0.02811468
   -0.02862947
    0.05344576
   -0.07012563
    0.03658201
   -0.07953313
    0.03182358
   -0.06916307
    0.03595498
   -0.06573665
    0.03760493
   -0.09795662
    0.03447873
    0.03361575
    0.03344779
   -0.09896353
    0.03627053
    0.03559759
    0.03351732
   -0.09964174
    0.03366315
    0.03464688
    0.04202011
   -0.02745203
    0.02479392
   -0.09699488
    0.03343832
    0.02301473
   -0.10050193
    0.03562646
    0.03740449
    0.04349654
   -0.02680210
    0.02677041
   -0.09734020
    0.03411633
    0.02316258
   -0.09930545
    0.03872774
    0.03580049
    0.03458968
   -0.09902069
    0.03476262
    0.03533185
    0.03697989
   -0.48076707
    0.32133736
    0.32124316
   -0.11803807
    0.05689392
    0.05655643
    0.06403181
   -0.08433326
    0.17430388
    0.03873494
    0.07305125
    0.06958072
   -0.13167771
   -0.00324288
    0.06776997
