    0.44067104
   -0.20970270
   -0.23193480
   -0.22817456
   -0.20684281
    0.05527843
   -0.02777750
   -0.03062960
    0.05093467
    0.04736906
   -0.02459048
   -0.03462412
    0.05099419
    0.04928584
   -0.02315292
   -0.03416292
    0.05214597
    0.05277158
   -0.02948927
   -0.02758394
    0.05574265
   -0.06487334
    0.03905648
   -0.07425058
    0.03462633
   -0.07350455
    0.03357165
   -0.07239094
    0.03472639
   -0.09853021
    0.03283000
    0.03459136
    0.03768957
   -0.09948053
    0.03548641
    0.03894187
    0.03441834
   -0.10007496
    0.03270801
    0.03740917
    0.04159974
   -0.02762315
    0.02358894
   -0.09713725
    0.03442763
    0.02285836
   -0.09994636
    0.03432498
    0.03668970
    0.04201642
   -0.02756300
    0.02403616
   -0.09693850
    0.03434849
    0.02293444
   -0.09871647
    0.03485151
    0.03745019
    0.03453112
   -0.09947540
    0.03571157
    0.03469186
    0.03833333
   -0.48037456
    0.32146012
    0.32127624
   -0.11783981
    0.05644752
    0.05675436
    0.06374695
   -0.08415580
    0.17427219
    0.03847414
    0.07277495
    0.06976300
   -0.13146203
   -0.00310257
    0.06749272
