           1           2  0.58553337863187971     
           1           3  0.58385230815115841     
           1           4  0.59633486621279908     
           1           5  0.59769138314570258     
           2           6   1.2471574430172472     
           6           7   1.1372311013943426     
           7           8   1.5981031737835762     
           2           9   1.2373383499115640     
           8           9   1.1362007650441872     
           3          10   1.2351242249788448     
          10          11   1.1626047080827198     
          11          12   1.5246264341275066     
           3          13   1.2503551154063546     
          12          13   1.1227183987325329     
           4          14   1.2398103556790256     
          14          15   1.1499496302532983     
          15          16   1.5373428156272146     
           4          17   1.2618350383612125     
          16          17   1.1129053395678472     
           5          18   1.2507495812833638     
          18          19   1.1260528603361835     
          19          20   1.6100161056840185     
           5          21   1.2498054704703569     
          20          21   1.1262462171946490     
           6          22   1.3537161309322585     
          21          22   1.3621926158809923     
          22          23  0.96201717021739985     
           9          24   1.3653193608541625     
          10          24   1.3413819733712808     
          24          25  0.96080553179730988     
          13          26   1.3604458933595973     
          14          26   1.3517745954449865     
          26          27  0.95859225933428283     
          17          28   1.3543998037146727     
          18          28   1.3603153787378459     
          28          29  0.96003330836533229     
           8          30   1.0287491777769022     
          30          31  0.98044723947990842     
          30          32  0.97331909851242515     
          30          33  0.97345445849046519     
           7          34   1.0293711236184762     
          34          35  0.97282264874658775     
          34          36  0.97313102197628532     
          34          37  0.98049472279849081     
          11          38   1.0322633389387110     
          38          39  0.97668328094001844     
          38          40  0.96826031578477423     
          38          41  0.97736741363751023     
          12          42   1.1046512850825998     
          42          43  0.95835397960066249     
          42          44   1.8866939338320508     
          44          45  0.97579935827646969     
          44          46  0.97932829978689084     
          15          47   1.0332796798019019     
          47          48  0.97594153961683761     
          47          49  0.96776357807161717     
          47          50  0.97750760527688663     
          16          51   1.1035977622123234     
          51          52  0.95825146938262984     
          51          53   1.8879094365735836     
          53          54  0.97578509053944285     
          53          55  0.97929107359060075     
          19          56   1.0298919186976061     
          56          57  0.97249106804846541     
          56          58  0.97295653306789098     
          56          59  0.98041931159625373     
          20          60   1.0295470755196077     
          60          61  0.98042128626540404     
          60          62  0.97318484238571445     
          60          63  0.97282991278324515     
           1          64  0.26204410099954806     
          64          65  0.88389303190105495     
          64          66  0.88413259222769236     
          67          68  0.97101234957588589     
          67          69  0.97090228040256377     
          67          70  0.98183729311755541     
          71          72  0.94121434516521729     
          67          73   1.0317169037203384     
          71          73   1.1887769893576676     
          71          74   1.2620945135456914     
          73          74  0.11198812504585903     
          74          75  0.95480090775678061     
           1          76  0.50935173823274249     
          74          76   1.4799025336835971     
          73          77   1.5603107785845012     
          76          77   1.2457684748711095     
          77          78  0.95767291445557079     
