           1           2  0.57375962835013683     
           1           3  0.57592156085171475     
           1           4  0.57554490149291815     
           1           5  0.57776913098181881     
           2           6   1.2528163986649763     
           6           7   1.1318468147357965     
           7           8   1.6042084102599188     
           2           9   1.2430041668489753     
           8           9   1.1307340017577343     
           3          10   1.2420933445707798     
          10          11   1.1578414745481183     
          11          12   1.5298832883795483     
           3          13   1.2543682218050276     
          12          13   1.1160878363573234     
           4          14   1.2373312570924460     
          14          15   1.1556266635431254     
          15          16   1.5314333457875242     
           4          17   1.2609843479528058     
          16          17   1.1183182661022033     
           5          18   1.2491523749259501     
          18          19   1.1282561035869763     
          19          20   1.6073820510181327     
           5          21   1.2500746603592228     
          20          21   1.1289175537915033     
           6          22   1.3523801171218621     
          21          22   1.3584767568775935     
          22          23  0.96224400301465851     
           9          24   1.3659025658409853     
          10          24   1.3414958358399143     
          24          25  0.96092000894405394     
          13          26   1.3614408860021465     
          14          26   1.3439907851449870     
          26          27  0.95883937575637546     
          17          28   1.3477108745694617     
          18          28   1.3610407482574756     
          28          29  0.96052343456465683     
           8          30   1.0291460513788144     
          30          31  0.98051840294146642     
          30          32  0.97373254516433050     
          30          33  0.97270514498977079     
           7          34   1.0292423398766930     
          34          35  0.97323165009416546     
          34          36  0.97302809875053531     
          34          37  0.98055195158937425     
          11          38   1.0326934336151430     
          38          39  0.96786678617692590     
          38          40  0.97650840275075035     
          38          41  0.97754250814394394     
          12          42   1.1053305071741582     
          42          43  0.95824541158409349     
          42          44   1.8856302198169768     
          44          45  0.97589256432460014     
          44          46  0.97939726829009865     
          15          47   1.0325983898364135     
          47          48  0.96814938951220519     
          47          49  0.97606317066662451     
          47          50  0.97783400680931865     
          16          51   1.1029444244724509     
          51          52  0.95870530760449835     
          51          53   1.8882688346919927     
          53          54  0.97580419132468266     
          53          55  0.97931303895781696     
          19          56   1.0296362738085683     
          56          57  0.97247957714871758     
          56          58  0.97332351841016562     
          56          59  0.98050358929685300     
          20          60   1.0293189271859764     
          60          61  0.98050723656557470     
          60          62  0.97294773037043325     
          60          63  0.97329088175204559     
          64          65  0.97110545023777561     
          64          66  0.97098838704478030     
          64          67  0.98192636876455874     
          68          69  0.94130169207740921     
          64          70   1.0317147947640186     
          68          70   1.1883539139819779     
          68          71   1.2630915537109737     
          70          71  0.11250611215275612     
          71          72  0.95471782690977691     
           1          73  0.49511669604926900     
          71          73   1.4803973308788099     
          70          74   1.5594020105201212     
          73          74   1.2480309508451195     
          74          75  0.95983892434626672     
          76          77  0.98017450233849523     
          76          78  0.97709482610720710     
          76          79  0.98636435952343859     
          76          80   1.0260801261470354     
          80          81  0.96970010077297497     
          80          82  0.97327580855806672     
           1          83  0.40141497231202766     
          80          83  0.96120976207837738     
          83          84  0.99512797867068770     
          84          85  0.97888237677606016     
          84          86  0.98123364872957775     
          84          87  0.97415213058011463     
