           1           2  0.59839374982113591     
           1           3  0.59707823470335986     
           1           4  0.58363694082186468     
           1           5  0.58476544879151826     
           2           6   1.2530852673904769     
           6           7   1.1258690205754909     
           7           8   1.6108457164508536     
           2           9   1.2463829485296052     
           8           9   1.1255348575367516     
           3          10   1.2457523860589115     
          10          11   1.1503998802550466     
          11          12   1.5375691521054218     
           3          13   1.2548190517990674     
          12          13   1.1114369808842215     
           4          14   1.2341804885139749     
          14          15   1.1633612245540050     
          15          16   1.5228831909898279     
           4          17   1.2518097185189814     
          16          17   1.1233067877894651     
           5          18   1.2413672340462236     
          18          19   1.1371854246142763     
          19          20   1.5969649392144558     
           5          21   1.2438497955805925     
          20          21   1.1378012653441179     
           6          22   1.3588754391160589     
          21          22   1.3569776117480186     
          22          23  0.96201239516674197     
           9          24   1.3678100073378328     
          10          24   1.3435725576614559     
          24          25  0.96052627967046278     
          13          26   1.3674884266250467     
          14          26   1.3446724304384770     
          26          27  0.95854897438559505     
          17          28   1.3527949798516019     
          18          28   1.3577064145227562     
          28          29  0.96031595336831455     
           8          30   1.0296847594465590     
          30          31  0.98041907136052253     
          30          32  0.97275990620801500     
          30          33  0.97298320400652893     
           7          34   1.0295887871192768     
          34          35  0.97304982856552769     
          34          36  0.97288212121848860     
          34          37  0.98042258972066909     
          11          38   1.0332835429701874     
          38          39  0.96782091208682863     
          38          40  0.97591019797125922     
          38          41  0.97738827990827937     
          12          42   1.1043610282781142     
          42          43  0.95829282925190307     
          42          44   1.8870238995177770     
          44          45  0.97581708869260819     
          44          46  0.97932362542886331     
          15          47   1.0330829174981142     
          47          48  0.96766045743875173     
          47          49  0.97607907710275710     
          47          50  0.97748447396679317     
          16          51   1.1048121169345169     
          51          52  0.95867095025126736     
          51          53   1.8859939636570990     
          53          54  0.97580773453304115     
          53          55  0.97935937151498131     
          19          56   1.0289490316985752     
          56          57  0.97322631482319599     
          56          58  0.97327473489177085     
          56          59  0.98044714870418126     
          20          60   1.0293356985488260     
          60          61  0.97316658499168829     
          60          62  0.98049372297023529     
          60          63  0.97285531710465023     
           1          64  0.26219024906642469     
          64          65  0.88397603813916314     
          64          66  0.88377904890091341     
          67          68  0.97079341888087123     
          67          69  0.97115550276075524     
          67          70  0.98192484579285755     
          71          72  0.94114277419752135     
          67          73   1.0316687826322091     
          71          73   1.1888158614779281     
          71          74   1.2625772450266557     
          73          74  0.11177425181403711     
          74          75  0.95465084211335371     
           1          76  0.50948283599187694     
          74          76   1.4798905445018151     
          73          77   1.5602241007502466     
          76          77   1.2456161773038397     
          77          78  0.95776637856881330     
