           1           2  0.58210582854077464     
           1           3  0.56905868066797749     
           1           4  0.56566697875549987     
           1           5  0.58194059147044386     
           2           6   1.2570437330121469     
           6           7   1.1256247946749314     
           7           8   1.6110405444622091     
           2           9   1.2445507874300299     
           8           9   1.1253379115131981     
           3          10   1.2368259981943162     
          10          11   1.1623848678477031     
          11          12   1.5331176444459698     
           3          13   1.2467316100685759     
          12          13   1.1240616291191503     
           4          14   1.2306799446268040     
          14          15   1.1590073851964295     
          15          16   1.5291314269405212     
           4          17   1.2545697282641448     
          16          17   1.1232746928317696     
           5          18   1.2488832366378886     
          18          19   1.1245704140663781     
          19          20   1.6117672926728288     
           5          21   1.2513191704294173     
          20          21   1.1248802454075888     
           6          22   1.3567242002486166     
          21          22   1.3633831894391022     
          22          23  0.96150610423967364     
           9          24   1.3709220744734283     
          10          24   1.3408054001253038     
          24          25  0.96188970461900447     
          13          26   1.3595834908945932     
          14          26   1.3518276682413990     
          26          27  0.95661515417511334     
          17          28   1.3535544793248477     
          18          28   1.3649742444776467     
          28          29  0.95973082908153662     
           8          30   1.0300900565484725     
          30          31  0.98027308998198559     
          30          32  0.97229437555530385     
          30          33  0.97291641094023351     
           7          34   1.0305468760267593     
          34          35  0.97292274536115286     
          34          36  0.97164123265118252     
          34          37  0.98027778228623830     
          11          38   1.0314728111465987     
          38          39  0.97023138191273961     
          38          40  0.98239897991052716     
          38          41  0.97285772544663740     
          12          42   1.0928332192239396     
          42          43  0.95756167205273290     
          42          44   1.8997560565557687     
          44          45  0.97494236322957928     
          44          46  0.97889214879026620     
          15          47   1.0336290275550113     
          47          48  0.97632267025629060     
          47          49  0.96706912900000086     
          47          50  0.97702769368003595     
          16          51   1.1017170739428508     
          51          52  0.95826190249996568     
          51          53   1.8908128307782264     
          53          54  0.97560996781139209     
          53          55  0.97914997831865191     
          19          56   1.0305620698596762     
          56          57  0.97156025657179113     
          56          58  0.97303812588023197     
          56          59  0.98018360131614091     
          20          60   1.0306780852632569     
          60          61  0.97220166697583044     
          60          62  0.98025409930288432     
          60          63  0.97228702401524458     
           1          64  0.27473336118114544     
          64          65  0.88060926802507666     
          64          66  0.88014889098111393     
          67          68  0.98104140925623073     
          67          69  0.97874375923967483     
          67          70  0.97449874058721708     
           1          71  0.43837607100065462     
          67          71  0.99304826884019892     
          71          72  0.94217605312399000     
