    0.44068997
   -0.23346683
   -0.23304215
   -0.20521226
   -0.20562561
    0.04923327
   -0.03096805
   -0.03400756
    0.04502849
    0.04555912
   -0.02560364
   -0.03361661
    0.05234686
    0.05368845
   -0.02000754
   -0.03082948
    0.05896269
    0.05587958
   -0.02810427
   -0.02860237
    0.05350999
   -0.07002766
    0.03661471
   -0.07955305
    0.03182109
   -0.06925635
    0.03591861
   -0.06572986
    0.03761424
   -0.09795779
    0.03362225
    0.03344590
    0.03447749
   -0.09897029
    0.03630356
    0.03560210
    0.03351938
   -0.09964405
    0.03366810
    0.03463493
    0.04201734
   -0.02745644
    0.02477747
   -0.09698929
    0.03343035
    0.02300990
   -0.10050128
    0.03560830
    0.03739520
    0.04347396
   -0.02679535
    0.02677903
   -0.09732408
    0.03411369
    0.02317084
   -0.09930905
    0.03874471
    0.03580290
    0.03459188
   -0.09902776
    0.03477181
    0.03533120
    0.03700876
   -0.48079261
    0.32135430
    0.32124797
   -0.11804331
    0.05696505
    0.05649168
    0.06402872
   -0.08432511
    0.17430774
    0.03873588
    0.07303329
    0.06960751
   -0.13166466
   -0.00323996
    0.06775410
