           1           2  0.58548354717658246     
           1           3  0.58379557854504338     
           1           4  0.59613606032458444     
           1           5  0.59785853864816574     
           2           6   1.2472326624600802     
           6           7   1.1372759066189582     
           7           8   1.5980381946650761     
           2           9   1.2372979809238902     
           8           9   1.1362392896547941     
           3          10   1.2350544950408662     
          10          11   1.1627060333566950     
          11          12   1.5244250972724920     
           3          13   1.2503139224414097     
          12          13   1.1227336124012148     
           4          14   1.2397922658109228     
          14          15   1.1500585705758470     
          15          16   1.5371914614145143     
           4          17   1.2617624621125116     
          16          17   1.1130144138277511     
           5          18   1.2508294397337156     
          18          19   1.1259248773601214     
          19          20   1.6101641896590910     
           5          21   1.2497924930223840     
          20          21   1.1261222855169932     
           6          22   1.3536222110408485     
          21          22   1.3623356682738810     
          22          23  0.96200807825712942     
           9          24   1.3652789658646753     
          10          24   1.3413960420073443     
          24          25  0.96077276305418413     
          13          26   1.3604940169975785     
          14          26   1.3516789936737479     
          26          27  0.95856715508161527     
          17          28   1.3543681244976282     
          18          28   1.3603638627089516     
          28          29  0.96003257266639452     
           8          30   1.0287508850287415     
          30          31  0.98044215937734513     
          30          32  0.97332326025088822     
          30          33  0.97345322638356979     
           7          34   1.0293809994637257     
          34          35  0.97281986690909195     
          34          36  0.97312049395767897     
          34          37  0.98049046844077392     
          11          38   1.0322799399931351     
          38          39  0.97669669366857026     
          38          40  0.96823855506974221     
          38          41  0.97732721085076824     
          12          42   1.1048670905969860     
          42          43  0.95834658784853788     
          42          44   1.8864695887683003     
          44          45  0.97579559157418672     
          44          46  0.97933419811838407     
          15          47   1.0332717972270051     
          47          48  0.97598522217020478     
          47          49  0.96775279192293961     
          47          50  0.97748861144662869     
          16          51   1.1036413203634272     
          51          52  0.95826194242108476     
          51          53   1.8878683744650822     
          53          54  0.97578493015994849     
          53          55  0.97929184987505558     
          19          56   1.0298962117950341     
          56          57  0.97243313423446487     
          56          58  0.97300935130527288     
          56          59  0.98042042906845972     
          20          60   1.0295583883730592     
          60          61  0.98042366567824701     
          60          62  0.97320736425746535     
          60          63  0.97279157628348178     
           1          64  0.26212176460345277     
          64          65  0.88376261252089405     
          64          66  0.88416904395268969     
          67          68  0.97085202912424251     
          67          69  0.97105789991142299     
          67          70  0.98183946242491782     
          71          72  0.94121136999372712     
          67          73   1.0317183874960298     
          71          73   1.1887725497820461     
          71          74   1.2621266950772700     
          73          74  0.11199454805512336     
          74          75  0.95479602287843557     
           1          76  0.50933762986152054     
          74          76   1.4798694667845060     
          73          77   1.5602972776357866     
          76          77   1.2457929866496507     
          77          78  0.95767892538999311     
