    0.42771138
   -0.21801921
   -0.22445755
   -0.22324385
   -0.21702131
    0.05490060
   -0.02840887
   -0.03000969
    0.05271015
    0.04974408
   -0.03308170
   -0.03080798
    0.05313154
    0.05540532
   -0.03391082
   -0.02411553
    0.05195533
    0.05694862
   -0.03472609
   -0.02471374
    0.05346543
   -0.06769665
    0.03622089
   -0.07424656
    0.03355260
   -0.07179229
    0.03178104
   -0.07283111
    0.03683444
   -0.09864560
    0.03474197
    0.03811015
    0.03402113
   -0.09812877
    0.03771815
    0.03288822
    0.03405423
   -0.09904786
    0.03751923
    0.03592915
    0.03646871
   -0.02634787
    0.02467615
   -0.09649102
    0.03183461
    0.02362455
   -0.09928136
    0.03583938
    0.03412112
    0.04131599
   -0.02730428
    0.02327204
   -0.09704970
    0.03373689
    0.02192254
   -0.09764158
    0.03304309
    0.03587979
    0.03453285
   -0.09785507
    0.03590356
    0.03344062
    0.03279265
   -0.11711000
    0.05578661
    0.05607095
    0.06327849
   -0.08489110
    0.17361343
    0.03776882
    0.07411746
    0.06953547
   -0.13026292
   -0.00204740
    0.06610081
   -0.10807272
    0.04533685
    0.05764706
    0.04835400
   -0.02069243
    0.05785397
    0.05064127
   -0.06098336
   -0.07203441
    0.06405688
    0.05905182
    0.07200835
