           1           2  0.56432277838658729     
           1           3  0.55070035694623387     
           1           4  0.58186016389954942     
           1           5  0.58204190464475392     
           2           6   1.2479190497716717     
           6           7   1.1360768813180233     
           7           8   1.5995733205513112     
           2           9   1.2389304119039861     
           8           9   1.1353631272637161     
           3          10   1.2344695671309460     
          10          11   1.1585798986439315     
          11          12   1.5311809693810357     
           3          13   1.2532796475810759     
          12          13   1.1205690395426089     
           4          14   1.2413288517210828     
          14          15   1.1471671298216721     
          15          16   1.5412946625406698     
           4          17   1.2600632315934626     
          16          17   1.1116747065015744     
           5          18   1.2503821218792697     
          18          19   1.1283824377786484     
          19          20   1.6070835035398157     
           5          21   1.2465341520343989     
          20          21   1.1289785894133058     
           6          22   1.3533818940506843     
          21          22   1.3600339266413641     
          22          23  0.96205446163466668     
           9          24   1.3651235474236598     
          10          24   1.3459661836224757     
          24          25  0.96027244799270761     
          13          26   1.3605890972036416     
          14          26   1.3542594904867882     
          26          27  0.95846787486425145     
          17          28   1.3579302630209105     
          18          28   1.3586565185870922     
          28          29  0.95965454932565541     
           8          30   1.0294756754090959     
          30          31  0.98038440892088263     
          30          32  0.97244520549422730     
          30          33  0.97344713672245931     
           7          34   1.0297238658530878     
          34          35  0.97213528019669260     
          34          36  0.97343415581811632     
          34          37  0.98046683143772950     
          11          38   1.0332003991138914     
          38          39  0.96728974003050250     
          38          40  0.97626147006818487     
          38          41  0.97746857072857840     
          12          42   1.1019871952238072     
          42          43  0.95850563380170539     
          42          44   1.8903040759963674     
          44          45  0.97551824721033820     
          44          46  0.97913604222545203     
          15          47   1.0342235422883752     
          47          48  0.96651818664955746     
          47          49  0.97597418118915902     
          47          50  0.97733541653409994     
          16          51   1.1023431022743120     
          51          52  0.95815563029358630     
          51          53   1.8901293608063618     
          53          54  0.97553400378794464     
          53          55  0.97915493199696524     
          19          56   1.0304227540166069     
          56          57  0.97269133810161101     
          56          58  0.97199373185000182     
          56          59  0.98038149858277013     
          20          60   1.0297133526970819     
          60          61  0.98040851373976834     
          60          62  0.97336370236942071     
          60          63  0.97235422697291574     
          64          65  0.97045596998891581     
          64          66  0.97086303348324643     
          64          67  0.98172181199629605     
          68          69  0.94073018180998325     
          64          70   1.0320006942677731     
          68          70   1.1898881202387450     
          68          71   1.2627733069717364     
          70          71  0.11184710598880254     
          71          72  0.95516744038707857     
           1          73  0.51925883040266729     
          71          73   1.4724666459289395     
          70          74   1.5587670733896093     
          73          74   1.2419112396053908     
          74          75  0.95809502345841446     
          76          77  0.97562399988906678     
          76          78  0.98577244593785029     
          76          79  0.98220352619751716     
           1          80  0.25749873570068449     
          76          80   1.0084620756956255     
           1          81  0.10087793685097085     
          80          81  0.81506352659839332     
