    0.44065697
   -0.23347116
   -0.23300420
   -0.20512996
   -0.20569721
    0.04920594
   -0.03097963
   -0.03399762
    0.04505831
    0.04553492
   -0.02561659
   -0.03360693
    0.05236313
    0.05372232
   -0.01998737
   -0.03082011
    0.05897585
    0.05586847
   -0.02811465
   -0.02861885
    0.05347699
   -0.07007639
    0.03659310
   -0.07954826
    0.03182878
   -0.06921168
    0.03593791
   -0.06573332
    0.03760676
   -0.09795764
    0.03361851
    0.03344626
    0.03448131
   -0.09896456
    0.03628511
    0.03560052
    0.03351655
   -0.09965236
    0.03366623
    0.03463839
    0.04201443
   -0.02744670
    0.02479305
   -0.09697461
    0.03343411
    0.02302006
   -0.10050220
    0.03562131
    0.03739781
    0.04347997
   -0.02679137
    0.02675922
   -0.09732966
    0.03412003
    0.02316601
   -0.09930469
    0.03873994
    0.03579344
    0.03459050
   -0.09902379
    0.03476827
    0.03533778
    0.03698020
   -0.48077192
    0.32133127
    0.32126135
   -0.11803905
    0.05695333
    0.05649590
    0.06402670
   -0.08432981
    0.17430568
    0.03873332
    0.07304124
    0.06960243
   -0.13166567
   -0.00324053
    0.06775879
