           1           2  0.58868521910408678     
           1           3  0.58418143375931175     
           1           4  0.58478133427021040     
           1           5  0.59039416524274779     
           2           6   1.2537044090303111     
           6           7   1.1303773973014968     
           7           8   1.6056677317452104     
           2           9   1.2456746946439303     
           8           9   1.1296901319386916     
           3          10   1.2425951313909462     
          10          11   1.1601447080565594     
          11          12   1.5248897596057225     
           3          13   1.2558645450242829     
          12          13   1.1173130944275256     
           4          14   1.2410981907795158     
          14          15   1.1579066154779458     
          15          16   1.5335381187945771     
           4          17   1.2604912042663154     
          16          17   1.1183419063485591     
           5          18   1.2489780162068704     
          18          19   1.1288011325542717     
          19          20   1.6065050209549769     
           5          21   1.2526071375081618     
          20          21   1.1295446044070456     
           6          22   1.3528235774983854     
          21          22   1.3549642582301327     
          22          23  0.96257679125533457     
           9          24   1.3651770151009439     
          10          24   1.3380407024256376     
          24          25  0.96108480916890793     
          13          26   1.3598552744209975     
          14          26   1.3426775757664542     
          26          27  0.96040784784466404     
          17          28   1.3481164249646236     
          18          28   1.3596964728767649     
          28          29  0.95873792326821716     
           8          30   1.0284244404840068     
          30          31  0.98062018337521306     
          30          32  0.97401763410942688     
          30          33  0.97332240111158630     
           7          34   1.0286601305727450     
          34          35  0.97294773622692521     
          34          36  0.97410333353881584     
          34          37  0.98063436305243235     
          11          38   1.0319481925589387     
          38          39  0.97705905642476665     
          38          40  0.96848080929566149     
          38          41  0.97737270216789929     
          12          42   1.1088764634288166     
          42          43  0.95884529168352972     
          42          44   1.8810995044531007     
          44          45  0.97588651690602068     
          44          46  0.97952868046329566     
          15          47   1.0302160507063409     
          47          48  0.97343200284267661     
          47          49  0.97146613106301949     
          47          50  0.98269327910768789     
          16          51   1.0970887393137223     
          51          52  0.95814300535351526     
          51          53   1.8941428373350231     
          53          54  0.97520619568252764     
          53          55  0.97919816089423739     
          19          56   1.0289935497752654     
          56          57  0.97402610776913923     
          56          58  0.97257021295577339     
          56          59  0.98064340643903103     
          20          60   1.0285670451300810     
          60          61  0.97368674348859807     
          60          62  0.98070951878598989     
          60          63  0.97351565647397065     
          64          65  0.97152873834793119     
          64          66  0.97153459278979593     
          64          67  0.98217703530639144     
          68          69  0.94208527999641634     
          64          70   1.0312611220242354     
          68          70   1.1869223368035979     
          68          71   1.2610671845884531     
          70          71  0.11285251398202964     
          71          72  0.95526158259051430     
           1          73  0.49303376705578633     
          71          73   1.4861392174196415     
          70          74   1.5616268146171490     
          73          74   1.2503192439450197     
          74          75  0.96038627080230732     
          76          77  0.97158691689357335     
          76          78  0.97153739051743737     
          76          79  0.98226745248802727     
          80          81  0.94202467745578122     
          76          82   1.0311813096992448     
          80          82   1.1870731727183579     
          80          83   1.2611134437765947     
          82          83  0.11274861751033166     
          83          84  0.95517274231613980     
           1          85  0.49280680627168516     
          83          85   1.4859866714978902     
          82          86   1.5615471465225050     
          85          86   1.2503567448599306     
          86          87  0.96046368705673657     
