    0.46514962
   -0.21907244
   -0.22859097
   -0.24433114
   -0.23623796
    0.05502373
   -0.02782563
   -0.02817309
    0.05607514
    0.05513920
   -0.02076135
   -0.03141657
    0.05408896
    0.04853527
   -0.02194129
   -0.03154647
    0.05424142
    0.05179541
   -0.02824153
   -0.02772537
    0.05433729
   -0.06812167
    0.03946715
   -0.06796623
    0.03809137
   -0.07429542
    0.03566296
   -0.07225276
    0.03751293
   -0.10008015
    0.03605519
    0.03939887
    0.03628180
   -0.09997921
    0.03717634
    0.03871957
    0.03593050
   -0.10136889
    0.03707196
    0.03796323
    0.04414216
   -0.02766915
    0.02637833
   -0.09559338
    0.03543818
    0.02532220
   -0.10097665
    0.03605157
    0.03856068
    0.04395815
   -0.02775078
    0.02732328
   -0.09542448
    0.03586875
    0.02565908
   -0.09986361
    0.03955955
    0.03658372
    0.03606269
   -0.10012931
    0.03911057
    0.03615923
    0.03730652
   -0.47989545
    0.32527519
    0.32461328
   -0.07612812
    0.07110217
    0.07457818
    0.07584591
   -0.11064124
    0.16538307
