           1           2  0.59834350750824306     
           1           3  0.59484240410898348     
           1           4  0.58408788783332855     
           1           5  0.58696794777037475     
           2           6   1.2530027482530142     
           6           7   1.1272438032671948     
           7           8   1.6090838242950127     
           2           9   1.2451358174005067     
           8           9   1.1269964896433380     
           3          10   1.2436632707222528     
          10          11   1.1535224321409936     
          11          12   1.5347595677585908     
           3          13   1.2543981411372407     
          12          13   1.1137429289208034     
           4          14   1.2349184828062421     
          14          15   1.1607720443150797     
          15          16   1.5262090032783269     
           4          17   1.2535648418659231     
          16          17   1.1213970457829241     
           5          18   1.2428839644353795     
          18          19   1.1348533367537939     
          19          20   1.5996326291144927     
           5          21   1.2448374146648018     
          20          21   1.1356426225040319     
           6          22   1.3574680312351719     
          21          22   1.3583957658044090     
          22          23  0.96201470981462023     
           9          24   1.3677487308219616     
          10          24   1.3427551042672188     
          24          25  0.96050161698720915     
          13          26   1.3652772902847652     
          14          26   1.3466949624723736     
          26          27  0.95852783517265505     
          17          28   1.3535273985451834     
          18          28   1.3580576963873314     
          28          29  0.96009106602083505     
           8          30   1.0294210926656904     
          30          31  0.98042021616409192     
          30          32  0.97281040316272072     
          30          33  0.97326281406379622     
           7          34   1.0295919687192379     
          34          35  0.97328785841183552     
          34          36  0.97261222099571443     
          34          37  0.98043479482633045     
          11          38   1.0330335547249507     
          38          39  0.97650049938485561     
          38          40  0.96741445955273397     
          38          41  0.97749455344501768     
          12          42   1.1044276826383510     
          42          43  0.95833288093880642     
          42          44   1.8870039847769358     
          44          45  0.97568514129639450     
          44          46  0.97930628326494606     
          15          47   1.0330315258311833     
          47          48  0.97624605653671626     
          47          49  0.96762888527071966     
          47          50  0.97751377919619464     
          16          51   1.1041643644206367     
          51          52  0.95840281296305485     
          51          53   1.8870601399357743     
          53          54  0.97577882913199387     
          53          55  0.97934007823477609     
          19          56   1.0291637865836776     
          56          57  0.97280704957093667     
          56          58  0.97343576159581513     
          56          59  0.98044114005958727     
          20          60   1.0293834007080047     
          60          61  0.98049548376433149     
          60          62  0.97285344225433623     
          60          63  0.97314961089511132     
           1          64  0.26278463599858454     
          64          65  0.88452170618652770     
          64          66  0.88380350738799129     
          67          68  0.97083784010553575     
          67          69  0.97111575671791006     
          67          70  0.98189118863723701     
          71          72  0.94116807311580175     
          67          73   1.0317566278242483     
          71          73   1.1886725762985153     
          71          74   1.2625252155219855     
          73          74  0.11242973539939070     
          74          75  0.95292291867532608     
           1          76  0.50916140553955258     
          74          76   1.4786914654934604     
          73          77   1.5595994004699505     
          76          77   1.2469057633537488     
          77          78  0.95970488316465274     
