    0.44065612
   -0.23334945
   -0.23310485
   -0.20542168
   -0.20544244
    0.04934343
   -0.03093356
   -0.03401500
    0.04499577
    0.04559649
   -0.02559184
   -0.03364287
    0.05224602
    0.05359382
   -0.02004950
   -0.03084966
    0.05893945
    0.05590375
   -0.02808951
   -0.02856068
    0.05360733
   -0.06989712
    0.03665640
   -0.07955368
    0.03182036
   -0.06938583
    0.03587438
   -0.06573761
    0.03760627
   -0.09795429
    0.03362902
    0.03343430
    0.03447767
   -0.09897656
    0.03634804
    0.03559675
    0.03352406
   -0.09964840
    0.03367138
    0.03464322
    0.04200394
   -0.02745972
    0.02474372
   -0.09697280
    0.03344022
    0.02301216
   -0.10049189
    0.03556063
    0.03739735
    0.04346032
   -0.02680019
    0.02676176
   -0.09732039
    0.03411232
    0.02316571
   -0.09930670
    0.03874631
    0.03580147
    0.03460194
   -0.09903736
    0.03478141
    0.03533646
    0.03704537
   -0.48079729
    0.32143145
    0.32119075
   -0.11803781
    0.05687657
    0.05656815
    0.06402847
   -0.08432723
    0.17430516
    0.03872811
    0.07302694
    0.06961149
   -0.13165694
   -0.00323878
    0.06774942
