           1           2  0.58543446119806908     
           1           3  0.58387148089531238     
           1           4  0.59599227511211439     
           1           5  0.59795879310310562     
           2           6   1.2473074844455538     
           6           7   1.1372477651121582     
           7           8   1.5980552082001844     
           2           9   1.2373240606927405     
           8           9   1.1362264647881903     
           3          10   1.2350442577796530     
          10          11   1.1626892397574851     
          11          12   1.5244850290867891     
           3          13   1.2502727502155790     
          12          13   1.1227209826879969     
           4          14   1.2397252799730747     
          14          15   1.1501753292034291     
          15          16   1.5370785320323179     
           4          17   1.2617347205567939     
          16          17   1.1131208267021588     
           5          18   1.2508656015213067     
          18          19   1.1258302571323262     
          19          20   1.6102769247257009     
           5          21   1.2498533674794581     
          20          21   1.1260278807635875     
           6          22   1.3535972062651684     
          21          22   1.3623852897975144     
          22          23  0.96200666779049504     
           9          24   1.3652324117332355     
          10          24   1.3414454220147121     
          24          25  0.96078015113308080     
          13          26   1.3605155475640116     
          14          26   1.3516282261477308     
          26          27  0.95857475044627238     
          17          28   1.3543024834131334     
          18          28   1.3604182338849891     
          28          29  0.96002770668606718     
           8          30   1.0287481860991479     
          30          31  0.98043698071501595     
          30          32  0.97333796757369118     
          30          33  0.97344434028318461     
           7          34   1.0293896235448252     
          34          35  0.97280902978753780     
          34          36  0.97312461191903465     
          34          37  0.98048500851041687     
          11          38   1.0322778499250935     
          38          39  0.97669822787745653     
          38          40  0.96823667361668164     
          38          41  0.97733820451472286     
          12          42   1.1048119596609363     
          42          43  0.95835374208620672     
          42          44   1.8865205626486645     
          44          45  0.97580023747164812     
          44          46  0.97933270108923642     
          15          47   1.0332682007383724     
          47          48  0.97598005640999830     
          47          49  0.96775730439629148     
          47          50  0.97749418106926944     
          16          51   1.1036197579808962     
          51          52  0.95825119190272245     
          51          53   1.8878888968290095     
          53          54  0.97578790412831773     
          53          55  0.97929148653681652     
          19          56   1.0298956154307639     
          56          57  0.97248248216273037     
          56          58  0.97296208572713316     
          56          59  0.98041931593781850     
          20          60   1.0295653454239477     
          60          61  0.98042264583292738     
          60          62  0.97317810465068932     
          60          63  0.97281364849139307     
           1          64  0.26213177103161950     
          64          65  0.88365555014298747     
          64          66  0.88428431649006245     
          67          68  0.97100968754798134     
          67          69  0.97090405036439587     
          67          70  0.98183925389237603     
          71          72  0.94121135440866777     
          67          73   1.0317166589988762     
          71          73   1.1887701741191476     
          71          74   1.2621277959331447     
          73          74  0.11199650430818953     
          74          75  0.95478615621624630     
           1          76  0.50934542692605778     
          74          76   1.4798622087733202     
          73          77   1.5602966208587175     
          76          77   1.2457970862332410     
          77          78  0.95767987990452430     
