           1           2  0.58221209316601386     
           1           3  0.57683286309484860     
           1           4  0.56664464330545539     
           1           5  0.57340891407765970     
           2           6   1.2543608333876406     
           6           7   1.1267782297036828     
           7           8   1.6097410342152254     
           2           9   1.2460406958342758     
           8           9   1.1264082154750343     
           3          10   1.2412407967875461     
          10          11   1.1534797931913841     
          11          12   1.5357602830213621     
           3          13   1.2531063729022944     
          12          13   1.1162760268698078     
           4          14   1.2325169518404544     
          14          15   1.1596312808367293     
          15          16   1.5290329879639526     
           4          17   1.2524171826999426     
          16          17   1.1230720932132456     
           5          18   1.2446338864925086     
          18          19   1.1313129261455348     
          19          20   1.6039953260967628     
           5          21   1.2455013192680240     
          20          21   1.1319101633063908     
           6          22   1.3575490881088965     
          21          22   1.3618357330779269     
          22          23  0.96164195201251212     
           9          24   1.3685718342851727     
          10          24   1.3449320419264736     
          24          25  0.96046992133988396     
          13          26   1.3639950501899281     
          14          26   1.3490199665092502     
          26          27  0.95859453917714654     
          17          28   1.3557068340640259     
          18          28   1.3623085734559068     
          28          29  0.95966497016840313     
           8          30   1.0302654768082462     
          30          31  0.98026442539510383     
          30          32  0.97218068177944839     
          30          33  0.97274393575301055     
           7          34   1.0303308284248938     
          34          35  0.97296029269721596     
          34          36  0.97190603782660090     
          34          37  0.98026600043507217     
          11          38   1.0336490814616945     
          38          39  0.97572404702690196     
          38          40  0.97728588550743756     
          38          41  0.96744125066164144     
          12          42   1.1018357965929706     
          42          43  0.95812567129982706     
          42          44   1.8903084155296284     
          44          45  0.97571508424313858     
          44          46  0.97917458445264205     
          15          47   1.0335909512888675     
          47          48  0.97613101443590566     
          47          49  0.96717077415320574     
          47          50  0.97721494250157259     
          16          51   1.1012898738177141     
          51          52  0.95804316655674293     
          51          53   1.8911859672489220     
          53          54  0.97564997619577198     
          53          55  0.97914290666826520     
          19          56   1.0303518151368609     
          56          57  0.97157590400024973     
          56          58  0.97314793682333822     
          56          59  0.98022045774761757     
          20          60   1.0303571424760507     
          60          61  0.98028614649988999     
          60          62  0.97246671150212460     
          60          63  0.97230853200489675     
           1          64  0.27396380132749809     
          64          65  0.87964512188067667     
          64          66  0.87963154043487068     
          67          68  0.98107024947305532     
          67          69  0.97861916606151600     
          67          70  0.97431188604020447     
           1          71  0.44064773273210067     
          67          71  0.99299964119023465     
          71          72  0.94234661080457183     
