    0.46567092
   -0.21932277
   -0.22925799
   -0.24306478
   -0.23647522
    0.05495690
   -0.02786736
   -0.02796240
    0.05622510
    0.05467557
   -0.02392315
   -0.03146619
    0.05495873
    0.04829419
   -0.02194351
   -0.03186043
    0.05361635
    0.05197546
   -0.02798297
   -0.02761929
    0.05454424
   -0.06855429
    0.03908033
   -0.06821349
    0.03802298
   -0.07413232
    0.04135887
   -0.07224605
    0.03762802
   -0.10008106
    0.03615820
    0.03596928
    0.03953343
   -0.09991611
    0.03702411
    0.03862404
    0.03584446
   -0.10033767
    0.03652773
    0.03984853
    0.03842102
   -0.02657505
    0.02780604
   -0.09515820
    0.02638600
    0.03259203
   -0.10158612
    0.03663351
    0.04353568
    0.03943186
   -0.02771357
    0.02521636
   -0.09477673
    0.03707799
    0.02563494
   -0.09989379
    0.04011425
    0.03615412
    0.03603755
   -0.10003899
    0.03609282
    0.03734421
    0.03889236
   -0.48008361
    0.32470322
    0.32489057
   -0.07607931
    0.07105360
    0.07445187
    0.07587947
   -0.11025761
    0.16550313
