           1           2  0.58432962688242907     
           1           3  0.59674900997786184     
           1           4  0.59633461994191928     
           1           5  0.58599414480634682     
           2           6   1.2463929628137127     
           6           7   1.1367628400289809     
           7           8   1.5980615082980469     
           2           9   1.2387096976305190     
           8           9   1.1368848615632916     
           3          10   1.2429934025938065     
          10          11   1.1521717482323057     
          11          12   1.5430121554451679     
           3          13   1.2558196957122953     
          12          13   1.1140223530792404     
           4          14   1.2405745604454821     
          14          15   1.1510591460664346     
          15          16   1.5354462734898764     
           4          17   1.2606933539843481     
          16          17   1.1131342839816771     
           5          18   1.2431711191257464     
          18          19   1.1356900675668415     
          19          20   1.5992218479337592     
           5          21   1.2437444545115617     
          20          21   1.1356388263783290     
           6          22   1.3550278514094465     
          21          22   1.3589684682959855     
          22          23  0.96214932970771339     
           9          24   1.3640623410451329     
          10          24   1.3440663630686320     
          24          25  0.96220551191018544     
          13          26   1.3621380068716060     
          14          26   1.3506917893939963     
          26          27  0.95659620047761029     
          17          28   1.3546899484013888     
          18          28   1.3578644636056392     
          28          29  0.96015024168822949     
           8          30   1.0288976487443284     
          30          31  0.98050351512593392     
          30          32  0.97349483215833277     
          30          33  0.97308717030331593     
           7          34   1.0291267361095409     
          34          35  0.97308690567963885     
          34          36  0.97322020011961563     
          34          37  0.98049170043213096     
          11          38   1.0307591785472987     
          38          39  0.97076368036609462     
          38          40  0.97356606236592724     
          38          41  0.98250027531080608     
          12          42   1.0937598548838412     
          42          43  0.95772378733921015     
          42          44   1.8988025799913320     
          44          45  0.97494239898762403     
          44          46  0.97897413072490080     
          15          47   1.0337915728395588     
          47          48  0.97542382521086235     
          47          49  0.96744256965631548     
          47          50  0.97737215572207425     
          16          51   1.1046694999026747     
          51          52  0.95838981310732163     
          51          53   1.8864981789986075     
          53          54  0.97581357415438874     
          53          55  0.97933902001435946     
          19          56   1.0293699129607661     
          56          57  0.97319077610262406     
          56          58  0.97274083730630856     
          56          59  0.98046745850834038     
          20          60   1.0291061326591493     
          60          61  0.98047119949176287     
          60          62  0.97289180817829712     
          60          63  0.97348873695334648     
           1          64  0.26219187467192689     
          64          65  0.88394971346210272     
          64          66  0.88382763944292664     
          67          68  0.97109627318698888     
          67          69  0.97090496316245301     
          67          70  0.98185743851962537     
          71          72  0.94127486556212925     
          67          73   1.0317161062657774     
          71          73   1.1885956057024549     
          71          74   1.2619224207916684     
          73          74  0.11229693943177138     
          74          75  0.95354433221731782     
           1          76  0.50931560034720269     
          74          76   1.4790695984283955     
          73          77   1.5600998056624631     
          76          77   1.2463042304179885     
          77          78  0.95850380647700861     
