    0.63775054
   -0.21347269
   -0.20752343
   -0.20146074
   -0.20775558
    0.05954994
   -0.02234045
   -0.02262225
    0.06359603
    0.06485204
   -0.01418505
   -0.02343441
    0.06526047
    0.06432481
   -0.01148081
   -0.02254928
    0.07727347
    0.07390350
   -0.02010817
   -0.02078357
    0.06147671
   -0.06713359
    0.04608110
   -0.06427530
    0.04903397
   -0.06236361
    0.04653246
   -0.05526335
    0.05029516
   -0.10205225
    0.04017757
    0.04553298
    0.03874325
   -0.10161052
    0.03747173
    0.04583674
    0.04021291
   -0.10369394
    0.03851677
    0.04683893
    0.04736429
   -0.02566523
    0.02812862
   -0.09258584
    0.04188841
    0.03030633
   -0.10326596
    0.03779268
    0.04891946
    0.04761640
   -0.02537351
    0.02842263
   -0.09261022
    0.04216943
    0.02976622
   -0.10231302
    0.03883230
    0.04896282
    0.04012212
   -0.10151425
    0.03706165
    0.04053844
    0.04648787
   -0.11738738
    0.05795724
    0.05761753
    0.06411469
   -0.08472575
    0.17560348
    0.03905531
    0.08474868
    0.06144777
   -0.18151879
    0.00424662
    0.05731431
   -0.16486104
   -0.29381641
