           1           2  0.61650112147865277     
           1           3  0.61669375711850294     
           1           4  0.61683681005065871     
           1           5  0.62541102913984126     
           2           6   1.2371935641225646     
           6           7   1.1352532263639645     
           7           8   1.5694685454654722     
           2           9   1.2144204158124337     
           8           9   1.1381290282133922     
           3          10   1.2229584807134470     
          10          11   1.1656044397613841     
          11          12   1.4977086707569971     
           3          13   1.2338294535566885     
          12          13   1.1237758179048623     
           4          14   1.2166443530603639     
          14          15   1.1651098562155018     
          15          16   1.4919317666159917     
           4          17   1.2402820170879607     
          16          17   1.1268854766554304     
           5          18   1.2259069873226294     
          18          19   1.1382546056341130     
          19          20   1.5664441905155118     
           5          21   1.2211847760935974     
          20          21   1.1413935087227356     
           6          22   1.3539856576855436     
          21          22   1.3656155191545081     
          22          23  0.95701379301700551     
           9          24   1.3777870459644002     
          10          24   1.3390537737287691     
          24          25  0.95565983513822728     
          13          26   1.3673954139875111     
          14          26   1.3491171273663662     
          26          27  0.95361462348220560     
          17          28   1.3562529585897027     
          18          28   1.3625251381070749     
          28          29  0.95538855867632377     
           8          30   1.0388918310368733     
          30          31  0.97701793697508654     
          30          32  0.96442402277611428     
          30          33  0.96668384022538367     
           7          34   1.0389053271977300     
          34          35  0.96652786733084928     
          34          36  0.96444692959419043     
          34          37  0.97695641352099327     
          11          38   1.0430056937924899     
          38          39  0.97247861922309697     
          38          40  0.95717461940968962     
          38          41  0.97247571904318719     
          12          42   1.1065714809973521     
          42          43  0.95529888836696331     
          42          44   1.8810035778240228     
          44          45  0.97310333224855849     
          44          46  0.97648143956929134     
          15          47   1.0442372964206081     
          47          48  0.97089100140275963     
          47          49  0.95576207174420469     
          47          50  0.97309446538714917     
          16          51   1.1062978910757932     
          51          52  0.95482735587089340     
          51          53   1.8807923095204937     
          53          54  0.97303208139128272     
          53          55  0.97645510117417866     
          19          56   1.0392274446757357     
          56          57  0.96739798145772504     
          56          58  0.96324441849118936     
          56          59  0.97686895240391158     
          20          60   1.0381489477317494     
          60          61  0.96775447320338592     
          60          62  0.97694680722480487     
          60          63  0.96439862663846931     
          64          65  0.96478211205483388     
          64          66  0.96490767273770639     
          64          67  0.97925476494810071     
          68          69  0.93297454570580829     
          64          70   1.0375199102162964     
          68          70   1.1941151377753321     
          68          71   1.3015796713542136     
          70          71  0.10354167522507129     
          71          72  0.95603753580779383     
           1          73  0.43599194051143392     
          71          73   1.4870281529356353     
          70          74   1.5562538257138241     
          73          74   1.2569754146733476     
          74          75  0.96132345174819633     
           1          76   1.1727244328948121     
           1          77  0.69193893165732467     
          76          77   1.2190425710827744     
