    0.78601846
   -0.22609074
   -0.21314754
   -0.21380869
   -0.22354061
    0.06715473
   -0.00810823
   -0.00719162
    0.06893067
    0.07101848
    0.00068417
   -0.00764625
    0.07692801
    0.07638241
    0.00228135
   -0.00628501
    0.07334704
    0.06868139
   -0.00661996
   -0.00875761
    0.06625581
   -0.06640217
    0.07230402
   -0.06063871
    0.07304693
   -0.05544686
    0.07231702
   -0.06005949
    0.07174102
   -0.11240820
    0.05937693
    0.06206669
    0.05546618
   -0.11214208
    0.05433158
    0.06203050
    0.05952224
   -0.11370815
    0.05327440
    0.06620319
    0.06538557
   -0.02680700
    0.04402366
   -0.07945400
    0.05976872
    0.05666913
   -0.11391973
    0.05344711
    0.06916605
    0.06532776
   -0.02683832
    0.04504092
   -0.07928318
    0.06053093
    0.05678050
   -0.11228577
    0.05561071
    0.06274525
    0.05939170
   -0.11215744
    0.05363386
    0.05944851
    0.06184854
   -0.12648630
    0.07507159
    0.07494057
    0.07588637
   -0.06612539
    0.19661663
    0.05189365
    0.08409789
    0.07157224
   -0.18099759
    0.00106283
    0.06634888
   -0.11633255
   -0.20298364
