    0.63770810
   -0.21354457
   -0.20758267
   -0.20141827
   -0.20767471
    0.05954987
   -0.02234850
   -0.02264585
    0.06356825
    0.06482820
   -0.01420980
   -0.02345565
    0.06524265
    0.06433542
   -0.01146845
   -0.02253443
    0.07729589
    0.07390603
   -0.02009195
   -0.02077809
    0.06146267
   -0.06713917
    0.04607832
   -0.06431590
    0.04900295
   -0.06236574
    0.04652304
   -0.05523517
    0.05031412
   -0.10204274
    0.04017712
    0.04551094
    0.03872038
   -0.10161053
    0.03748041
    0.04583411
    0.04020564
   -0.10369469
    0.03849436
    0.04683181
    0.04735801
   -0.02566677
    0.02812150
   -0.09257889
    0.04188161
    0.03030401
   -0.10326891
    0.03779718
    0.04891510
    0.04762569
   -0.02536752
    0.02844043
   -0.09260487
    0.04217397
    0.02977455
   -0.10231697
    0.03887196
    0.04894041
    0.04012481
   -0.10151042
    0.03707581
    0.04057742
    0.04641851
   -0.11739269
    0.05798776
    0.05760415
    0.06412558
   -0.08469552
    0.17560753
    0.03907198
    0.08472012
    0.06146316
   -0.18146835
    0.00423758
    0.05734338
   -0.16482380
   -0.29378090
