           1           2  0.57850711984890424     
           1           3  0.57774811913074586     
           1           4  0.57836505555740125     
           1           5  0.57753940124201819     
           2           6   1.2482540582801609     
           6           7   1.1317741185606667     
           7           8   1.5995570448207466     
           2           9   1.2485025110611061     
           8           9   1.1317142323218647     
           3          10   1.2477920117586401     
          10          11   1.1517707462400761     
          11          12   1.5347047463298038     
           3          13   1.2524605077561695     
          12          13   1.1163384666424649     
           4          14   1.2406123024005569     
          14          15   1.1479796871026109     
          15          16   1.5361028436851272     
           4          17   1.2642529572834904     
          16          17   1.1152840421444905     
           5          18   1.2526435767404793     
          18          19   1.1282697077455652     
          19          20   1.6032318583498251     
           5          21   1.2494654812533310     
          20          21   1.1271959068056354     
           6          22   1.3524544043240561     
          21          22   1.3571891957721887     
          22          23  0.96139632165605771     
           9          24   1.3655315366198058     
          10          24   1.3468839144110765     
          24          25  0.95941359869467402     
          13          26   1.3587348151490537     
          14          26   1.3481486824054842     
          26          27  0.95805500136415467     
          17          28   1.3556736671197094     
          18          28   1.3619898002829227     
          28          29  0.95859225443779383     
           8          30   1.0313757977626021     
          30          31  0.97987369088348708     
          30          32  0.97109429557440696     
          30          33  0.97244855905384497     
           7          34   1.0314047206160213     
          34          35  0.97270005687429617     
          34          36  0.97081145662402135     
          34          37  0.97990343862798701     
          11          38   1.0349799706639617     
          38          39  0.97562805880504544     
          38          40  0.96580252454491300     
          38          41  0.97696817005588121     
          12          42   1.1009048272822008     
          42          43  0.95806847252748673     
          42          44   1.8925650931292461     
          44          45  0.97518149397266529     
          44          46  0.97882939201135011     
          15          47   1.0358510940786063     
          47          48  0.97571034901972653     
          47          49  0.96478855639246608     
          47          50  0.97667185896164388     
          16          51   1.1011549406531276     
          51          52  0.95799167261778018     
          51          53   1.8921416355300449     
          53          54  0.97512588885409213     
          53          55  0.97886260768504818     
          19          56   1.0320662749610057     
          56          57  0.97229338610497684     
          56          58  0.97016216822371293     
          56          59  0.97991238758965427     
          20          60   1.0316150604535570     
          60          61  0.97283804775426808     
          60          62  0.97991825470099525     
          60          63  0.97042054149251189     
          64          65  0.97029034000856895     
          64          66  0.97062038275550488     
          64          67  0.98171326794223868     
          68          69  0.94043071827446578     
          64          70   1.0324948691699838     
          68          70   1.1883491449183874     
          68          71   1.2726991261672416     
          70          71  0.11173725069006706     
          71          72  0.95812257099602327     
           1          73  0.32972454263986350     
          71          73   1.5201362428261298     
          70          74   1.5608952389552575     
          73          74   1.2704746863905956     
          74          75  0.96431698807361221     
           1          76   1.1681371777996807     
           1          77  0.67645558599837829     
          76          77   1.1846973874931122     
