           1           2  0.57859129923540509     
           1           3  0.57786263450363551     
           1           4  0.57839968185145285     
           1           5  0.57741657282275183     
           2           6   1.2482371920287616     
           6           7   1.1317718862549524     
           7           8   1.5995500087581580     
           2           9   1.2485095252316800     
           8           9   1.1317175898554004     
           3          10   1.2477496892222024     
          10          11   1.1517632085044534     
          11          12   1.5346889019661882     
           3          13   1.2524895829494278     
          12          13   1.1163034752623271     
           4          14   1.2405748816381332     
          14          15   1.1480253393059279     
          15          16   1.5360425281050214     
           4          17   1.2642230575354600     
          16          17   1.1152966049221484     
           5          18   1.2526672607717140     
          18          19   1.1283025443699564     
          19          20   1.6031805391624656     
           5          21   1.2494622306381220     
          20          21   1.1272248146797594     
           6          22   1.3524588900902894     
          21          22   1.3571827232298816     
          22          23  0.96138465965531372     
           9          24   1.3655109968194301     
          10          24   1.3469223917562447     
          24          25  0.95939861283986194     
          13          26   1.3587624062907335     
          14          26   1.3481305966502519     
          26          27  0.95804505184192135     
          17          28   1.3556993379902742     
          18          28   1.3619457085323734     
          28          29  0.95859155373719906     
           8          30   1.0313833167426236     
          30          31  0.97987103189841085     
          30          32  0.97104960447637811     
          30          33  0.97248321632530166     
           7          34   1.0314056959302305     
          34          35  0.97270815185655213     
          34          36  0.97080399712316867     
          34          37  0.97990101676113950     
          11          38   1.0349852791259382     
          38          39  0.97563899085201777     
          38          40  0.96578911683354340     
          38          41  0.97694833278139692     
          12          42   1.1009661905923369     
          42          43  0.95807762577180755     
          42          44   1.8925036010145504     
          44          45  0.97517464751021365     
          44          46  0.97883150565569943     
          15          47   1.0358513967668252     
          47          48  0.97571640420042294     
          47          49  0.96478374819859147     
          47          50  0.97666298577256205     
          16          51   1.1011961381636168     
          51          52  0.95799522751263089     
          51          53   1.8921013101627333     
          53          54  0.97512253373194580     
          53          55  0.97886492986453000     
          19          56   1.0320658214713276     
          56          57  0.97231983467370930     
          56          58  0.97013825738192860     
          56          59  0.97991516345281071     
          20          60   1.0316236784675434     
          60          61  0.97297038474694708     
          60          62  0.97991168812471041     
          60          63  0.97027693497884826     
          64          65  0.97034950166991496     
          64          66  0.97056449944276135     
          64          67  0.98171765134524047     
          68          69  0.94043122368524035     
          64          70   1.0324896726983943     
          68          70   1.1883280996553178     
          68          71   1.2726965451834509     
          70          71  0.11172668746588503     
          71          72  0.95812271502792212     
           1          73  0.32949130521006909     
          71          73   1.5201867957201414     
          70          74   1.5609302669836338     
          73          74   1.2704656838049575     
          74          75  0.96433542708151609     
           1          76   1.1682540427594288     
           1          77  0.67654030786722041     
          76          77   1.1845732277570218     
