    0.42847001
   -0.21811600
   -0.22388913
   -0.22356897
   -0.21735413
    0.05502883
   -0.02819299
   -0.02991396
    0.05264230
    0.04966599
   -0.03305414
   -0.03076483
    0.05328758
    0.05545718
   -0.03384463
   -0.02453246
    0.05198872
    0.05530885
   -0.03484166
   -0.02164184
    0.05358491
   -0.06745125
    0.03639321
   -0.07413425
    0.03369569
   -0.07138265
    0.03194045
   -0.07252933
    0.03105382
   -0.09869160
    0.03470444
    0.03839218
    0.03418186
   -0.09819182
    0.03776120
    0.03298715
    0.03418940
   -0.10000213
    0.03756108
    0.03451758
    0.04184388
   -0.02722049
    0.02277322
   -0.09718163
    0.03420991
    0.02250998
   -0.09886633
    0.03561952
    0.03324830
    0.04128087
   -0.02728797
    0.02351110
   -0.09689844
    0.03360944
    0.02212017
   -0.09768980
    0.03601088
    0.03464276
    0.03309166
   -0.09789303
    0.03351724
    0.03274203
    0.03603723
   -0.11707048
    0.05595002
    0.05597069
    0.06325293
   -0.08479810
    0.17361577
    0.03781411
    0.07409049
    0.06962997
   -0.13044463
   -0.00200085
    0.06626572
   -0.10803782
    0.04540472
    0.05764330
    0.04850487
   -0.02077441
    0.05747789
    0.05077018
   -0.06028577
   -0.07233097
    0.06407638
    0.05926921
    0.07156163
