           1           2  0.58056714223017425     
           1           3  0.57674092799923971     
           1           4  0.57410135857344402     
           1           5  0.57621344266023822     
           2           6   1.2468117335594187     
           6           7   1.1263731660163006     
           7           8   1.6098141287691441     
           2           9   1.2523084170079368     
           8           9   1.1273814543440244     
           3          10   1.2471503129125983     
          10          11   1.1327516890335152     
          11          12   1.6011790149703229     
           3          13   1.2478658158860001     
          12          13   1.1328557713940532     
           4          14   1.2588139236902232     
          14          15   1.1181202085506385     
          15          16   1.5307691747762968     
           4          17   1.2372555658334261     
          16          17   1.1570089266297148     
           5          18   1.2530741902032099     
          18          19   1.1157716913557629     
          19          20   1.5316986830644062     
           5          21   1.2456641883099413     
          20          21   1.1557434714513124     
           6          22   1.3693035094655353     
          21          22   1.3413239201506304     
          22          23  0.96071135340329827     
           9          24   1.3568561119396274     
          10          24   1.3525558283091006     
          24          25  0.96228284465930503     
          13          26   1.3567818690619691     
          14          26   1.3525715798619917     
          26          27  0.96012486983198464     
          17          28   1.3435404966938864     
          18          28   1.3613545303519268     
          28          29  0.95881793124106851     
           7          30   1.0297255160647887     
          30          31  0.97291835594071308     
          30          32  0.97280084076939644     
          30          33  0.98045404688398885     
           8          34   1.0292399912685064     
          34          35  0.97311792128205177     
          34          36  0.97322207239668890     
          34          37  0.98046702999388124     
          20          38   1.0329813173952542     
          38          39  0.96764464170260489     
          38          40  0.97640455474385845     
          38          41  0.97757900287589372     
          19          42   1.1046346284802464     
          42          43  0.95860434613596235     
          42          44   1.8863707329718282     
          44          45  0.97582220706113165     
          44          46  0.97935161594424391     
          16          47   1.0326381704555740     
          47          48  0.96812118402705849     
          47          49  0.97584131789308437     
          47          50  0.97775890158414547     
          15          51   1.1036013165803411     
          51          52  0.95815502066730251     
          51          53   1.8875271648731731     
          53          54  0.97584424688017191     
          53          55  0.97934749992745895     
          12          56   1.0294312341146594     
          56          57  0.97266489573079484     
          56          58  0.97333561392805468     
          56          59  0.98049576946512040     
          11          60   1.0289045576679663     
          60          61  0.98050273329252602     
          60          62  0.97376707104097748     
          60          63  0.97282641328409725     
          64          65  0.97106797412457924     
          64          66  0.97110759076448216     
          64          67  0.98195060303749071     
          68          69  0.94136595069296969     
          64          70   1.0316767690652970     
          68          70   1.1880893474068883     
          68          71   1.2632518757539526     
          70          71  0.11254462466184370     
          71          72  0.95360463903727322     
           1          73  0.49395895200367601     
          71          73   1.4810838977715386     
          70          74   1.5597126893282705     
          73          74   1.2480754923404309     
          74          75  0.95899287983695869     
          76          77  0.98023922312123668     
          76          78  0.97905618338520528     
          76          79  0.98642308676521750     
          76          80   1.0263175384277663     
          80          81  0.96824704507414394     
          80          82  0.97313121373975608     
           1          83  0.39577191572076437     
          80          83  0.96215465212434115     
          83          84  0.99613420751064796     
          84          85  0.97714388740023994     
          84          86  0.98075646547398487     
          84          87  0.97531523778127172     
