    0.46569040
   -0.21736832
   -0.24611637
   -0.24449020
   -0.21944339
    0.05717981
   -0.02685647
   -0.02863518
    0.05491789
    0.05075267
   -0.02328227
   -0.03389303
    0.04922846
    0.04840530
   -0.02220015
   -0.03102550
    0.05407206
    0.05485175
   -0.02616437
   -0.02541324
    0.05906809
   -0.06405692
    0.04140908
   -0.07139360
    0.03631116
   -0.07776124
    0.03391487
   -0.07078679
    0.03881469
   -0.09979207
    0.03612701
    0.03864633
    0.03602350
   -0.10034657
    0.03732228
    0.03997755
    0.03602697
   -0.10102599
    0.03712504
    0.03637364
    0.04308496
   -0.02846298
    0.02499009
   -0.09531423
    0.03564694
    0.02509291
   -0.10071256
    0.03579632
    0.03792028
    0.04388597
   -0.02774288
    0.02770834
   -0.09528421
    0.03579380
    0.02581392
   -0.10014451
    0.03940174
    0.03795055
    0.03673558
   -0.10051573
    0.03891077
    0.03675665
    0.03932507
   -0.47912379
    0.32530922
    0.32493554
   -0.07592756
    0.07606320
    0.07096796
    0.07426883
   -0.11173064
    0.16641359
