           1           2  0.58272547369989003     
           1           3  0.56880197958566225     
           1           4  0.56596510010777401     
           1           5  0.58199999083854803     
           2           6   1.2565146183672398     
           6           7   1.1259269601799611     
           7           8   1.6107212438574310     
           2           9   1.2448596517011177     
           8           9   1.1254612441532126     
           3          10   1.2353061878207088     
          10          11   1.1617947274914158     
          11          12   1.5273150540515139     
           3          13   1.2476575727566817     
          12          13   1.1233888666405609     
           4          14   1.2322357139830791     
          14          15   1.1590586463591177     
          15          16   1.5293868649630733     
           4          17   1.2535752415571852     
          16          17   1.1231940215949117     
           5          18   1.2495703785028374     
          18          19   1.1243900548949808     
          19          20   1.6118790207624769     
           5          21   1.2513012781474049     
          20          21   1.1247474794964187     
           6          22   1.3567179660574706     
          21          22   1.3634558783198114     
          22          23  0.96151494393041959     
           9          24   1.3699084773682499     
          10          24   1.3424334695954334     
          24          25  0.96045568442800500     
          13          26   1.3614670789639205     
          14          26   1.3502590526085751     
          26          27  0.95856943800876104     
          17          28   1.3544917423887810     
          18          28   1.3643127531700616     
          28          29  0.95965904944789548     
           8          30   1.0301232080288849     
          30          31  0.98023976276461944     
          30          32  0.97238711585606619     
          30          33  0.97275907916740834     
           7          34   1.0305570602288117     
          34          35  0.97296372257422026     
          34          36  0.97159630106166184     
          34          37  0.98026147142511466     
          11          38   1.0333467682266508     
          38          39  0.96739636370941717     
          38          40  0.97605106291950183     
          38          41  0.97727381110163680     
          12          42   1.1019502609484793     
          42          43  0.95827424874423772     
          42          44   1.8900248836705802     
          44          45  0.97569471396206564     
          44          46  0.97918711537625303     
          15          47   1.0334871679001532     
          47          48  0.97606430839905067     
          47          49  0.96734403637096955     
          47          50  0.97721156823475130     
          16          51   1.1012865451787917     
          51          52  0.95810893748260673     
          51          53   1.8912326812747771     
          53          54  0.97562805738702452     
          53          55  0.97913256654365288     
          19          56   1.0305969406876831     
          56          57  0.97167118822776144     
          56          58  0.97287489452317299     
          56          59  0.98018769975542630     
          20          60   1.0306943954635173     
          60          61  0.97241644018540663     
          60          62  0.98024980374102544     
          60          63  0.97206280675392698     
           1          64  0.27477717288632025     
          64          65  0.88059185627399328     
          64          66  0.88032843150760320     
          67          68  0.97453632915438870     
          67          69  0.98101293670522460     
          67          70  0.97869704999199691     
           1          71  0.43869185861784882     
          67          71  0.99321567246428388     
          71          72  0.94203253938111375     
