    0.44084965
   -0.21059809
   -0.20460326
   -0.22763983
   -0.23411374
    0.05046660
   -0.03057299
   -0.02802116
    0.05514655
    0.05621298
   -0.01895829
   -0.03184646
    0.05632622
    0.04962353
   -0.02341973
   -0.03394572
    0.05197229
    0.04786982
   -0.03192018
   -0.03310008
    0.04639732
   -0.07544766
    0.03444735
   -0.06430316
    0.03902053
   -0.07102313
    0.03494138
   -0.07389039
    0.03369082
   -0.09945238
    0.03445480
    0.03916407
    0.03516567
   -0.09853196
    0.03317135
    0.03723741
    0.03447928
   -0.10112889
    0.03491341
    0.03989530
    0.04274513
   -0.02676012
    0.02324915
   -0.09683572
    0.03572761
    0.02305858
   -0.10018362
    0.03418186
    0.03744789
    0.04199330
   -0.02744638
    0.02395098
   -0.09714763
    0.03445204
    0.02267373
   -0.09839656
    0.03518996
    0.03580740
    0.03344002
   -0.09839440
    0.03333325
    0.03368886
    0.03592189
   -0.48038937
    0.32123125
    0.32148205
   -0.11785900
    0.05671804
    0.05650855
    0.06385897
   -0.08420025
    0.17414754
    0.03850766
    0.07260658
    0.06993190
   -0.13146611
   -0.00301186
    0.06730760
