           1           2  0.58572499788212251     
           1           3  0.59717556025338303     
           1           4  0.59590266739890607     
           1           5  0.58402592965242117     
           2           6   1.2445568508369209     
           6           7   1.1369902852873937     
           7           8   1.5980902568010276     
           2           9   1.2399789264109442     
           8           9   1.1365589708239716     
           3          10   1.2438293122958590     
          10          11   1.1499479613929526     
          11          12   1.5380605377994845     
           3          13   1.2571817821708622     
          12          13   1.1117131117362133     
           4          14   1.2416893179487030     
          14          15   1.1506449412333859     
          15          16   1.5364255176307309     
           4          17   1.2597525665777061     
          16          17   1.1128034931885951     
           5          18   1.2435137209750029     
          18          19   1.1378982092367926     
          19          20   1.5963580703132840     
           5          21   1.2416607120258552     
          20          21   1.1380971801315418     
           6          22   1.3540783280140565     
          21          22   1.3562745026401866     
          22          23  0.96233419542509679     
           9          24   1.3649865677964930     
          10          24   1.3473382403247429     
          24          25  0.96064700670398695     
          13          26   1.3630490144625564     
          14          26   1.3480745718105931     
          26          27  0.95867997795594428     
          17          28   1.3581716389187606     
          18          28   1.3574795244649698     
          28          29  0.96005684080171427     
           8          30   1.0293896147391464     
          30          31  0.97318407970295240     
          30          32  0.98047524623253379     
          30          33  0.97274995922303997     
           7          34   1.0287312418161574     
          34          35  0.97325095449952292     
          34          36  0.97355710248613181     
          34          37  0.98046669330580383     
          11          38   1.0331523842981793     
          38          39  0.96786712491058324     
          38          40  0.97605852551744932     
          38          41  0.97746217312840744     
          12          42   1.1039350608094116     
          42          43  0.95821732621193811     
          42          44   1.8875171872280752     
          44          45  0.97581341509841901     
          44          46  0.97929993783257074     
          15          47   1.0334420651288987     
          47          48  0.96766964593119242     
          47          49  0.97585720433496104     
          47          50  0.97737606020284185     
          16          51   1.1043256220784161     
          51          52  0.95837890547850757     
          51          53   1.8870974473259012     
          53          54  0.97577647590566663     
          53          55  0.97932462151300204     
          19          56   1.0295285718769582     
          56          57  0.97313876215995776     
          56          58  0.97258169274776951     
          56          59  0.98047886479557722     
          20          60   1.0286832814641753     
          60          61  0.97333835709443894     
          60          62  0.98048079813296907     
          60          63  0.97354406598914889     
           1          64  0.26225719242819417     
          64          65  0.88375774638965832     
          64          66  0.88386819018475205     
          67          68  0.97080125364764858     
          67          69  0.97108879911668555     
          67          70  0.98181206072692884     
          71          72  0.94125606912717830     
          67          73   1.0317411475462852     
          71          73   1.1887153008458422     
          71          74   1.2619429942090008     
          73          74  0.11201516703670888     
          74          75  0.95487627581294154     
           1          76  0.50969195941953371     
          74          76   1.4797520715906438     
          73          77   1.5603207534168988     
          76          77   1.2457278254511228     
          77          78  0.95757507189665991     
