    0.44086027
   -0.23332219
   -0.20407606
   -0.20543569
   -0.23465770
    0.04500935
   -0.03374593
   -0.03116707
    0.04928214
    0.05389690
   -0.01992465
   -0.03083518
    0.05889693
    0.05618314
   -0.01974616
   -0.03097301
    0.05632209
    0.04889290
   -0.03101006
   -0.03402874
    0.04512538
   -0.08000278
    0.03203126
   -0.06935727
    0.03651791
   -0.06526134
    0.03745039
   -0.06976916
    0.03597486
   -0.09892438
    0.03577644
    0.03358884
    0.03602655
   -0.09800990
    0.03321438
    0.03483191
    0.03357258
   -0.10072489
    0.03692856
    0.03571571
    0.04349171
   -0.02668157
    0.02642758
   -0.09732253
    0.03399740
    0.02326620
   -0.10092302
    0.03722915
    0.03729790
    0.04349208
   -0.02654517
    0.02511403
   -0.09725395
    0.03443047
    0.02291632
   -0.09882606
    0.03613887
    0.03626221
    0.03350257
   -0.09794986
    0.03300563
    0.03363828
    0.03476708
   -0.48087079
    0.32133173
    0.32140064
   -0.11804896
    0.05691481
    0.05655198
    0.06415762
   -0.08440834
    0.17418228
    0.03878708
    0.07288841
    0.06951413
   -0.13162936
   -0.00320880
    0.06783591
