    0.44104285
   -0.21098327
   -0.20426367
   -0.22748366
   -0.23436841
    0.05027748
   -0.03059731
   -0.02800521
    0.05516692
    0.05615455
   -0.01897588
   -0.03182070
    0.05646051
    0.04971898
   -0.02332047
   -0.03392864
    0.05171852
    0.04805971
   -0.03187219
   -0.03317462
    0.04618420
   -0.07577006
    0.03431368
   -0.06433400
    0.03901068
   -0.07063227
    0.03491430
   -0.07370869
    0.03378980
   -0.09946323
    0.03445747
    0.03915857
    0.03518509
   -0.09852143
    0.03323017
    0.03712208
    0.03448295
   -0.10112313
    0.03491921
    0.03986108
    0.04275926
   -0.02695982
    0.02382304
   -0.09686094
    0.03568614
    0.02302842
   -0.10042805
    0.03673298
    0.03552465
    0.04205726
   -0.02753442
    0.02347799
   -0.09701634
    0.03448686
    0.02248816
   -0.09837850
    0.03569408
    0.03531118
    0.03338610
   -0.09835524
    0.03321226
    0.03366684
    0.03587665
   -0.48050784
    0.32111370
    0.32159506
   -0.11785659
    0.05677715
    0.05652357
    0.06386350
   -0.08417874
    0.17417597
    0.03856040
    0.07269454
    0.06982293
   -0.13159389
   -0.00299276
    0.06744245
