           1           2  0.59827921590690070     
           1           3  0.59690818672083956     
           1           4  0.58494396719234909     
           1           5  0.58397636860354563     
           2           6   1.2508214039573602     
           6           7   1.1277899951343000     
           7           8   1.6087734224244408     
           2           9   1.2462675404470416     
           8           9   1.1270829987322635     
           3          10   1.2461423946691847     
          10          11   1.1504616784598867     
          11          12   1.5374339441566289     
           3          13   1.2546164633296135     
          12          13   1.1112655087414842     
           4          14   1.2345311990676475     
          14          15   1.1609675678792872     
          15          16   1.5255579460401811     
           4          17   1.2538413612194550     
          16          17   1.1214866518782953     
           5          18   1.2426492835599925     
          18          19   1.1373535940806601     
          19          20   1.5965551597121035     
           5          21   1.2428209167584789     
          20          21   1.1383939734529473     
           6          22   1.3571275158517770     
          21          22   1.3551245868311723     
          22          23  0.96221963009633782     
           9          24   1.3683364459476908     
          10          24   1.3451093860328651     
          24          25  0.96048986585085172     
          13          26   1.3654946719224290     
          14          26   1.3443535730580032     
          26          27  0.95847228040936061     
          17          28   1.3553578089895655     
          18          28   1.3588233207309239     
          28          29  0.96010945095267219     
           8          30   1.0298543544712606     
          30          31  0.98042873206233760     
          30          32  0.97253874762750547     
          30          33  0.97297220269650775     
           7          34   1.0291533669726893     
          34          35  0.97320199393097240     
          34          36  0.97325352246715857     
          34          37  0.98041923045571600     
          11          38   1.0334536155984049     
          38          39  0.97639902228536823     
          38          40  0.96723115604910070     
          38          41  0.97738134467549387     
          12          42   1.1047428666405104     
          42          43  0.95834856504733490     
          42          44   1.8866697003301798     
          44          45  0.97570627945285326     
          44          46  0.97932273427568450     
          15          47   1.0329695575538980     
          47          48  0.96764816809695797     
          47          49  0.97637764342641808     
          47          50  0.97724088027918887     
          16          51   1.1050770701689927     
          51          52  0.95865337084782953     
          51          53   1.8861090762037536     
          53          54  0.97574018912129956     
          53          55  0.97936043010945517     
          19          56   1.0293319212661363     
          56          57  0.97334377957978091     
          56          58  0.97267848515151911     
          56          59  0.98046355916610684     
          20          60   1.0288578429768414     
          60          61  0.97352890082151533     
          60          62  0.98050751535166292     
          60          63  0.97310649117515402     
           1          64  0.26267122821011957     
          64          65  0.88425187802234273     
          64          66  0.88378132912333807     
          67          68  0.97092979149826408     
          67          69  0.97098615483891160     
          67          70  0.98186450000815950     
          71          72  0.94124096318645867     
          67          73   1.0317513678327224     
          71          73   1.1886621541912128     
          71          74   1.2621759059509294     
          73          74  0.11217372065430042     
          74          75  0.95386695292263601     
           1          76  0.50971224777502588     
          74          76   1.4790760259673852     
          73          77   1.5599800813067120     
          76          77   1.2462317918851331     
          77          78  0.95871807688035227     
