    0.44077129
   -0.23297019
   -0.20379898
   -0.20609781
   -0.23461622
    0.04492523
   -0.03380488
   -0.03112037
    0.04943913
    0.05409876
   -0.01997270
   -0.03073720
    0.05893138
    0.05607086
   -0.01993722
   -0.03118077
    0.05607719
    0.04865401
   -0.03108150
   -0.03397616
    0.04527919
   -0.08002443
    0.03198036
   -0.06908960
    0.03655316
   -0.06512067
    0.03777469
   -0.07011800
    0.03582687
   -0.09892998
    0.03518461
    0.03357229
    0.03666031
   -0.09798651
    0.03315595
    0.03480797
    0.03355165
   -0.10077393
    0.03445367
    0.03887653
    0.04270495
   -0.02640302
    0.02392390
   -0.09640554
    0.02343427
    0.03567030
   -0.10083969
    0.03435413
    0.04040680
    0.04259182
   -0.02672084
    0.02402423
   -0.09680172
    0.03588327
    0.02296680
   -0.09879344
    0.03556839
    0.03670693
    0.03347434
   -0.09793719
    0.03359082
    0.03471850
    0.03304240
   -0.11797438
    0.05676122
    0.05662539
    0.06395410
   -0.08443920
    0.17412282
    0.03870647
    0.07282126
    0.06968674
   -0.13140100
   -0.00317666
    0.06757966
   -0.48043127
    0.32139323
    0.32130320
