           1           2  0.58248888897688833     
           1           3  0.56757849788439485     
           1           4  0.56647679760323388     
           1           5  0.58222863989849005     
           2           6   1.2565726818855216     
           6           7   1.1261428992889539     
           7           8   1.6105499804417724     
           2           9   1.2444746855777264     
           8           9   1.1256096544789918     
           3          10   1.2346019178101613     
          10          11   1.1626134636043663     
          11          12   1.5264409769849006     
           3          13   1.2472546587973810     
          12          13   1.1239464357197626     
           4          14   1.2319291261062131     
          14          15   1.1593054128040134     
          15          16   1.5291029316973317     
           4          17   1.2534859017657272     
          16          17   1.1235155026475883     
           5          18   1.2500806205962278     
          18          19   1.1235400152649502     
          19          20   1.6128990639054266     
           5          21   1.2518834803212322     
          20          21   1.1238738980464555     
           6          22   1.3565588318259432     
          21          22   1.3637223708846049     
          22          23  0.96149764798092119     
           9          24   1.3700703238777063     
          10          24   1.3420469673910709     
          24          25  0.96041924351877284     
          13          26   1.3615324831317333     
          14          26   1.3501379000442206     
          26          27  0.95847365525062345     
          17          28   1.3540734077700727     
          18          28   1.3649814983598620     
          28          29  0.95969274792184134     
           8          30   1.0300989520584685     
          30          31  0.98022637268198665     
          30          32  0.97252223920143999     
          30          33  0.97266075643431404     
           7          34   1.0305704889925080     
          34          35  0.97280309716460112     
          34          36  0.97172049392051185     
          34          37  0.98026064028012161     
          11          38   1.0333076554200231     
          38          39  0.96741280420398201     
          38          40  0.97601571339597570     
          38          41  0.97729796805160962     
          12          42   1.1020768184546579     
          42          43  0.95825426457369622     
          42          44   1.8899007812641939     
          44          45  0.97569542441943846     
          44          46  0.97919118253289006     
          15          47   1.0335251435363078     
          47          48  0.96717966556426715     
          47          49  0.97600082626501683     
          47          50  0.97727224970938664     
          16          51   1.1013750711303614     
          51          52  0.95841464157124934     
          51          53   1.8910452876498725     
          53          54  0.97553147187602129     
          53          55  0.97910207201718902     
          19          56   1.0306907428232244     
          56          57  0.97195240412876760     
          56          58  0.97247214397595960     
          56          59  0.98018226863063784     
          20          60   1.0307131028876113     
          60          61  0.97248802154942515     
          60          62  0.98022448036546139     
          60          63  0.97198798259053121     
           1          64  0.27447517842965480     
          64          65  0.87998690365967003     
          64          66  0.88018483248366630     
          67          68  0.98098278099535452     
          67          69  0.97869360775626768     
          67          70  0.97451837313592682     
           1          71  0.43979883813364984     
          67          71  0.99307231128968987     
          71          72  0.94187565607816115     
