           1           2  0.58206655109607819     
           1           3  0.58248684824155494     
           1           4  0.56623530243106734     
           1           5  0.56817902001285336     
           2           6   1.2529512948666588     
           6           7   1.1263182212397354     
           7           8   1.6103083963049478     
           2           9   1.2479151701384232     
           8           9   1.1258240955302126     
           3          10   1.2480132635147363     
          10          11   1.1472858638948666     
          11          12   1.5478194183309031     
           3          13   1.2541844429955762     
          12          13   1.1104323187278355     
           4          14   1.2332605804925916     
          14          15   1.1606044229891517     
          15          16   1.5272851400076792     
           4          17   1.2511000336904312     
          16          17   1.1230836529609545     
           5          18   1.2409718075448155     
          18          19   1.1386853607883096     
          19          20   1.5959442692232115     
           5          21   1.2399823971351362     
          20          21   1.1391108369761380     
           6          22   1.3581061392284823     
          21          22   1.3569799630878709     
          22          23  0.96196230647616776     
           9          24   1.3689480474271800     
          10          24   1.3472106555787817     
          24          25  0.96151959798826336     
          13          26   1.3666263930894837     
          14          26   1.3485620207542151     
          26          27  0.95631078827965110     
          17          28   1.3563053129030753     
          18          28   1.3584790096379606     
          28          29  0.95986178680538081     
           8          30   1.0305322362552320     
          30          31  0.98029652435482528     
          30          32  0.97148973764804369     
          30          33  0.97311637504462389     
           7          34   1.0300530469525795     
          34          35  0.97258186534291857     
          34          36  0.97266076237768473     
          34          37  0.98029682122324513     
          11          38   1.0326392743186390     
          38          39  0.97275323011358483     
          38          40  0.96933218462544291     
          38          41  0.98202480595332742     
          12          42   1.0945612986763420     
          42          43  0.95734968875333259     
          42          44   1.8983622812450469     
          44          45  0.97519276287558077     
          44          46  0.97891744452099494     
          15          47   1.0343284426337156     
          47          48  0.96632902570244728     
          47          49  0.97578165265233674     
          47          50  0.97717264868252274     
          16          51   1.1025374880561047     
          51          52  0.95827551071906281     
          51          53   1.8896336529481013     
          53          54  0.97559159448021471     
          53          55  0.97917960391637437     
          19          56   1.0298146592039721     
          56          57  0.97282395769629970     
          56          58  0.97243782747133345     
          56          59  0.98031911109983105     
          20          60   1.0297374386067772     
          60          61  0.97239686332230824     
          60          62  0.98034967465731992     
          60          63  0.97298327768706216     
           1          64  0.27445304522381614     
          64          65  0.88006386046907958     
          64          66  0.87953954056394679     
          67          68  0.97874022281216722     
          67          69  0.98105765259442135     
          67          70  0.97459323405861276     
           1          71  0.43798172890853110     
          67          71  0.99326722819625080     
          71          72  0.94195816149118738     
