    0.46673298
   -0.21827221
   -0.21546723
   -0.24491783
   -0.24979806
    0.05467994
   -0.02862033
   -0.02709406
    0.05679517
    0.05924581
   -0.01971324
   -0.02797700
    0.06007634
    0.05116461
   -0.02000892
   -0.03300467
    0.05109688
    0.04623113
   -0.03161200
   -0.03176021
    0.04927490
   -0.07274858
    0.03617041
   -0.06360721
    0.04130292
   -0.06930352
    0.04475311
   -0.07828751
    0.03388079
   -0.10034133
    0.03599853
    0.04002134
    0.03716186
   -0.09975440
    0.03574952
    0.03870663
    0.03598701
   -0.10121346
    0.03954354
    0.04099159
    0.03964650
   -0.02530249
    0.02921998
   -0.09489942
    0.03278508
    0.02696463
   -0.10204549
    0.04125306
    0.03680635
    0.04369128
   -0.02816690
    0.02466679
   -0.09542977
    0.03708773
    0.02520007
   -0.09891362
    0.03640925
    0.03605517
    0.03479840
   -0.09933071
    0.03550484
    0.03494079
    0.03724559
   -0.47997362
    0.32538875
    0.32500701
   -0.07588498
    0.07421665
    0.07072317
    0.07611255
   -0.11215153
    0.16631170
