    0.39585679
   -0.20986064
   -0.21497716
   -0.20990438
   -0.20491421
    0.05134196
   -0.03178924
   -0.03273986
    0.04939726
    0.04913971
   -0.02462089
   -0.03554309
    0.05195407
    0.04995523
   -0.02396185
   -0.03432611
    0.05467514
    0.05208150
   -0.03119089
   -0.03150951
    0.05206844
   -0.07091254
    0.03229559
   -0.07364092
    0.03123548
   -0.07308526
    0.03096652
   -0.07032524
    0.03196560
   -0.09691842
    0.03224052
    0.03220849
    0.03413454
   -0.09724841
    0.03395569
    0.03404899
    0.03196677
   -0.09858829
    0.03372565
    0.03324299
    0.04057253
   -0.02704149
    0.02169837
   -0.09870573
    0.03198112
    0.02022238
   -0.09849452
    0.03386605
    0.03364378
    0.04098816
   -0.02667363
    0.02275223
   -0.09860727
    0.03195978
    0.02026215
   -0.09716158
    0.03376022
    0.03478274
    0.03222103
   -0.09724681
    0.03421728
    0.03233318
    0.03342782
   -0.11602981
    0.05463509
    0.05422255
    0.06155133
   -0.08633079
    0.17189789
    0.03679551
    0.07510455
    0.06727032
   -0.12558554
   -0.00152662
    0.06439989
   -0.11608191
    0.05421923
    0.05462335
    0.06199053
   -0.08647558
    0.17161604
    0.03692760
    0.07482902
    0.06705792
   -0.12551601
   -0.00132672
    0.06457434
