           1           2  0.58541523870138634     
           1           3  0.58375115916212961     
           1           4  0.59632223772203852     
           1           5  0.59763750963080453     
           2           6   1.2472172639633741     
           6           7   1.1373083656480134     
           7           8   1.5979900009627770     
           2           9   1.2372403791867626     
           8           9   1.1362899641566580     
           3          10   1.2351125667772624     
          10          11   1.1626345897237691     
          11          12   1.5245781091581603     
           3          13   1.2503497102916321     
          12          13   1.1227294492135431     
           4          14   1.2398097463438689     
          14          15   1.1499524534589927     
          15          16   1.5373333938816633     
           4          17   1.2617452710842876     
          16          17   1.1129505371968222     
           5          18   1.2508558936092034     
          18          19   1.1259878775526355     
          19          20   1.6100929910401407     
           5          21   1.2497598059470119     
          20          21   1.1261848663928853     
           6          22   1.3536067175389872     
          21          22   1.3623147792179613     
          22          23  0.96201203008595504     
           9          24   1.3652770156895262     
          10          24   1.3414095989437682     
          24          25  0.96078370801739754     
          13          26   1.3604545719883188     
          14          26   1.3517493782425281     
          26          27  0.95858386074162172     
          17          28   1.3544243230611490     
          18          28   1.3603072130144742     
          28          29  0.96005011183322952     
           8          30   1.0287483862707627     
          30          31  0.97350246294466070     
          30          32  0.98044322694124164     
          30          33  0.97327588856083203     
           7          34   1.0293764262531633     
          34          35  0.97283913540618860     
          34          36  0.97310763829115121     
          34          37  0.98049128998396007     
          11          38   1.0322724494130455     
          38          39  0.97667531229329607     
          38          40  0.96825329668367699     
          38          41  0.97736329288358925     
          12          42   1.1046954073762358     
          42          43  0.95833644304368326     
          42          44   1.8866557861827082     
          44          45  0.97580377978225274     
          44          46  0.97933028226876340     
          15          47   1.0332743553258070     
          47          48  0.97599981334870967     
          47          49  0.96774987179026817     
          47          50  0.97748769276396619     
          16          51   1.1035770663366398     
          51          52  0.95827089137764676     
          51          53   1.8879337398412606     
          53          54  0.97579227349551456     
          53          55  0.97929114565895237     
          19          56   1.0298936925465507     
          56          57  0.97248519256786436     
          56          58  0.97296097843986362     
          56          59  0.98042506681079422     
          20          60   1.0295487726701356     
          60          61  0.98042723371635221     
          60          62  0.97320583736230315     
          60          63  0.97280383196859699     
           1          64  0.26210308339511657     
          64          65  0.88380862796083537     
          64          66  0.88411146303300148     
          67          68  0.97103206040242529     
          67          69  0.97088057909731695     
          67          70  0.98183805993134432     
          71          72  0.94121251651646531     
          67          73   1.0317183774374252     
          71          73   1.1887700355590960     
          71          74   1.2621012937989196     
          73          74  0.11199582786876362     
          74          75  0.95479585145008739     
           1          76  0.50958006934653644     
          74          76   1.4797768382223058     
          73          77   1.5602975420077840     
          76          77   1.2457444328245675     
          77          78  0.95767922236408909     
