    0.44086610
   -0.23386551
   -0.22714722
   -0.20459413
   -0.21115784
    0.04625107
   -0.03292094
   -0.03238811
    0.04747656
    0.04901511
   -0.02322432
   -0.03400244
    0.05263659
    0.05358000
   -0.02077446
   -0.02981725
    0.05926588
    0.05516378
   -0.02781330
   -0.03094660
    0.05039850
   -0.07539542
    0.03444782
   -0.07413070
    0.03390452
   -0.07121335
    0.03482986
   -0.06399729
    0.03855511
   -0.09844989
    0.03483328
    0.03350345
    0.03524630
   -0.09846866
    0.03359034
    0.03595055
    0.03357612
   -0.10009910
    0.03425365
    0.03615467
    0.04201305
   -0.02762549
    0.02432773
   -0.09692780
    0.03420265
    0.02300175
   -0.10049383
    0.03659540
    0.03633024
    0.04341871
   -0.02650128
    0.02671529
   -0.09712536
    0.03423449
    0.02315372
   -0.09936827
    0.03606440
    0.03900969
    0.03433612
   -0.09846401
    0.03291512
    0.03455556
    0.03718204
   -0.48045323
    0.32127536
    0.32132700
   -0.11786282
    0.05690268
    0.05639541
    0.06388371
   -0.08419589
    0.17416784
    0.03855752
    0.07265922
    0.06980569
   -0.13154261
   -0.00299555
    0.06743305
