    0.63707074
   -0.21372935
   -0.20083889
   -0.20154275
   -0.21444173
    0.06168135
   -0.02402144
   -0.02091053
    0.06161734
    0.06437532
   -0.01124608
   -0.02304204
    0.07674829
    0.07435721
   -0.01244117
   -0.02147484
    0.06718846
    0.06180726
   -0.02068687
   -0.02419064
    0.06164242
   -0.06943518
    0.04712979
   -0.06211246
    0.04782144
   -0.05526923
    0.04947529
   -0.06191513
    0.04738142
   -0.10205721
    0.03920238
    0.04021105
    0.04617360
   -0.10158221
    0.03699670
    0.04514661
    0.04016860
   -0.10356943
    0.03819275
    0.04816725
    0.04760382
   -0.02532050
    0.02771837
   -0.09261447
    0.04194433
    0.02979280
   -0.10365906
    0.03799503
    0.05017771
    0.04700870
   -0.02557839
    0.02827588
   -0.09217539
    0.04324208
    0.03008426
   -0.10195710
    0.03946826
    0.04659613
    0.04016969
   -0.10154915
    0.03692183
    0.04025858
    0.04513082
   -0.11742869
    0.05793603
    0.05772316
    0.06434389
   -0.08413386
    0.17574322
    0.03902843
    0.08546759
    0.06181293
   -0.18164603
    0.00455724
    0.05758893
   -0.16502080
   -0.29355434
