    0.44053639
   -0.23430114
   -0.22661028
   -0.20375615
   -0.21213874
    0.04586169
   -0.03301525
   -0.03223853
    0.04785272
    0.04877692
   -0.02329620
   -0.03384354
    0.05300943
    0.05413854
   -0.02061761
   -0.02978473
    0.05926708
    0.05518495
   -0.02778913
   -0.03108758
    0.04992673
   -0.07618168
    0.03418401
   -0.07405245
    0.03398009
   -0.07039825
    0.03510585
   -0.06401028
    0.03858613
   -0.09843035
    0.03344741
    0.03475445
    0.03535985
   -0.09839491
    0.03348984
    0.03576800
    0.03354353
   -0.10017376
    0.03676615
    0.03365110
    0.04203019
   -0.02765348
    0.02452681
   -0.09701306
    0.03414488
    0.02290572
   -0.10044749
    0.03700357
    0.03591434
    0.04346637
   -0.02644757
    0.02670347
   -0.09714797
    0.03424312
    0.02318880
   -0.09938493
    0.03611384
    0.03899220
    0.03433519
   -0.09842514
    0.03298367
    0.03455532
    0.03692663
   -0.48046139
    0.32141652
    0.32117458
   -0.11793296
    0.05686992
    0.05638810
    0.06406510
   -0.08420965
    0.17417443
    0.03857603
    0.07266517
    0.06973906
   -0.13159529
   -0.00302946
    0.06757504
