           1           2  0.59801006254022437     
           1           3  0.59704407772104695     
           1           4  0.58371287509134984     
           1           5  0.58431552650376950     
           2           6   1.2511600914934231     
           6           7   1.1277350945772293     
           7           8   1.6088295664632153     
           2           9   1.2464165852941376     
           8           9   1.1269920010869703     
           3          10   1.2459754471519118     
          10          11   1.1505924771433484     
          11          12   1.5372707421143024     
           3          13   1.2545007512527464     
          12          13   1.1113421003038446     
           4          14   1.2347927301458248     
          14          15   1.1606666829133552     
          15          16   1.5269486488544866     
           4          17   1.2540737579279018     
          16          17   1.1215175029835145     
           5          18   1.2426529012234293     
          18          19   1.1371447870765983     
          19          20   1.5967703697874551     
           5          21   1.2428176927075074     
          20          21   1.1382223517264300     
           6          22   1.3569041480424451     
          21          22   1.3553908874127263     
          22          23  0.96220826022115447     
           9          24   1.3682289863435828     
          10          24   1.3452248715807678     
          24          25  0.96043343149437521     
          13          26   1.3655102661446148     
          14          26   1.3443780128641523     
          26          27  0.95854838915196561     
          17          28   1.3553384154527861     
          18          28   1.3588819013819877     
          28          29  0.96006194104062681     
           8          30   1.0298554482573898     
          30          31  0.98042586930252573     
          30          32  0.97243186540568904     
          30          33  0.97308265737144528     
           7          34   1.0291598445301458     
          34          35  0.97335144270417173     
          34          36  0.97309251218904114     
          34          37  0.98042105327829909     
          11          38   1.0334871678222821     
          38          39  0.97631657657954152     
          38          40  0.96722169799413782     
          38          41  0.97738716981569707     
          12          42   1.1047366914393624     
          42          43  0.95833022566070858     
          42          44   1.8866802748065632     
          44          45  0.97571330732240313     
          44          46  0.97932371931827156     
          15          47   1.0328608396033205     
          47          48  0.97615811591660995     
          47          49  0.96776875870580148     
          47          50  0.97765272826751004     
          16          51   1.1034004892639104     
          51          52  0.95837507891861262     
          51          53   1.8879179354130446     
          53          54  0.97576809826032429     
          53          55  0.97931652623248555     
          19          56   1.0293341682716495     
          56          57  0.97303725668627017     
          56          58  0.97297021809553097     
          56          59  0.98046119254026598     
          20          60   1.0288815795798087     
          60          61  0.97345560818088250     
          60          62  0.98049391506018191     
          60          63  0.97314520906610613     
           1          64  0.26288315820753122     
          64          65  0.88423419094288647     
          64          66  0.88380577020377404     
          67          68  0.97086620993620865     
          67          69  0.97105432414920023     
          67          70  0.98186028663678038     
          71          72  0.94125344246798903     
          67          73   1.0317539140957348     
          71          73   1.1886360169730643     
          71          74   1.2620505263648836     
          73          74  0.11216122141839752     
          74          75  0.95377782361537733     
           1          76  0.50998414446720652     
          74          76   1.4790452160033629     
          73          77   1.5600010986551278     
          76          77   1.2461571585088842     
          77          78  0.95875903767039383     
