           1           2  0.57647236368922261     
           1           3  0.57587049349831565     
           1           4  0.57554861637057808     
           1           5  0.58457757230563789     
           2           6   1.2496145621198229     
           6           7   1.1311674320083449     
           7           8   1.6000711636096938     
           2           9   1.2465390269951624     
           8           9   1.1318503618032727     
           3          10   1.2466926511974910     
          10          11   1.1559254518717643     
          11          12   1.5364293771624322     
           3          13   1.2516958976593004     
          12          13   1.1192724624154755     
           4          14   1.2418742169825363     
          14          15   1.1459486390738223     
          15          16   1.5443857598057233     
           4          17   1.2634811318724986     
          16          17   1.1151400817239683     
           5          18   1.2499771467151362     
          18          19   1.1277623914027717     
          19          20   1.6039746234422372     
           5          21   1.2510564269785294     
          20          21   1.1262841655650462     
           6          22   1.3535900531532556     
          21          22   1.3575619627706450     
          22          23  0.96130651927052069     
           9          24   1.3665738251470003     
          10          24   1.3429793670748249     
          24          25  0.96104942631898016     
          13          26   1.3565250044737158     
          14          26   1.3509539754460436     
          26          27  0.95743476144752226     
          17          28   1.3534416419193551     
          18          28   1.3632402798595227     
          28          29  0.95674738938902837     
           8          30   1.0310137282629093     
          30          31  0.97993419646068003     
          30          32  0.97165483873843139     
          30          33  0.97243390963496679     
           7          34   1.0316931463727879     
          34          35  0.97230692570314958     
          34          36  0.97081154047927720     
          34          37  0.97995859895039072     
          11          38   1.0326561916901691     
          38          39  0.97035640116630795     
          38          40  0.97159890329316723     
          38          41  0.98187453806497516     
          12          42   1.0935989056409607     
          42          43  0.95690266950202729     
          42          44   1.9006032001198832     
          44          45  0.97499124996964703     
          44          46  0.97868027167703819     
          15          47   1.0341599390833558     
          47          48  0.97218924597530121     
          47          49  0.96765991266769003     
          47          50  0.98186985856233311     
          16          51   1.0913756840328168     
          51          52  0.95731510606324322     
          51          53   1.9030272432264330     
          53          54  0.97400869505692811     
          53          55  0.97856365501690312     
          19          56   1.0319235743439779     
          56          57  0.97286262910369514     
          56          58  0.96981110098948320     
          56          59  0.97992568175246908     
          20          60   1.0318432715627759     
          60          61  0.97994880294930486     
          60          62  0.97021071178268259     
          60          63  0.97279759574877445     
           1          64   1.1702933106406403     
           1          65  0.67530473277285896     
          64          65   1.1824295401162441     
          66          67  0.97042947096513221     
          66          68  0.97047229054604722     
          66          69  0.98168482904690335     
          70          71  0.94031841600314847     
          66          72   1.0325341016385143     
          70          72   1.1872197605318588     
          70          73   1.2755557861574907     
          72          73  0.11151296354137846     
          73          74  0.95937045178162550     
           1          75  0.32212945521092634     
          73          75   1.5234109335456814     
          72          76   1.5617204140376915     
          75          76   1.2721064913327447     
          76          77  0.96558310127518510     
