    0.63839060
   -0.21495765
   -0.21260289
   -0.20166420
   -0.20185077
    0.06165510
   -0.02117298
   -0.02387748
    0.06154379
    0.06125396
   -0.01915670
   -0.02376848
    0.06569936
    0.06415826
   -0.01359903
   -0.02212753
    0.08126031
    0.07309698
   -0.02092537
   -0.01955610
    0.06323845
   -0.06348428
    0.04736035
   -0.06872318
    0.04699093
   -0.06194727
    0.05252431
   -0.05656693
    0.05371169
   -0.10158699
    0.04009903
    0.04511990
    0.03713425
   -0.10193069
    0.03901848
    0.04584548
    0.03996981
   -0.10217624
    0.03810327
    0.04551336
    0.04288817
   -0.02491375
    0.03433001
   -0.09417562
    0.03435644
    0.03084450
   -0.10269377
    0.04042642
    0.04820756
    0.04359114
   -0.02597276
    0.02968562
   -0.09240748
    0.04664827
    0.03076208
   -0.10246521
    0.03910533
    0.04801711
    0.04016975
   -0.10192346
    0.04052834
    0.04587950
    0.03885309
   -0.16593958
   -0.29497748
   -0.11743667
    0.05772165
    0.05785519
    0.06427563
   -0.08414672
    0.17582433
    0.03898858
    0.08584921
    0.06158057
   -0.18153151
    0.00446864
    0.05771397
