           1           2  0.58562852224641249     
           1           3  0.58155278722157011     
           1           4  0.59893273024230831     
           1           5  0.59718308255073571     
           2           6   1.2466433550076892     
           6           7   1.1373836526030947     
           7           8   1.5980509742658824     
           2           9   1.2362849250463417     
           8           9   1.1361706496976098     
           3          10   1.2374390592235849     
          10          11   1.1631293996451608     
          11          12   1.5295341064488874     
           3          13   1.2484441558759978     
          12          13   1.1237788212416520     
           4          14   1.2391596271764600     
          14          15   1.1507966553042872     
          15          16   1.5421623577460570     
           4          17   1.2602936890159877     
          16          17   1.1133291510024628     
           5          18   1.2494028637754795     
          18          19   1.1262720173475163     
          19          20   1.6098071436377452     
           5          21   1.2507622921356476     
          20          21   1.1265023944702897     
           6          22   1.3543004717312124     
          21          22   1.3609470068413767     
          22          23  0.96211336861673569     
           9          24   1.3665326187314588     
          10          24   1.3392545297571024     
          24          25  0.96234998137516259     
          13          26   1.3598074557486326     
          14          26   1.3516581809363233     
          26          27  0.95832456309657621     
          17          28   1.3533391209038417     
          18          28   1.3611902425074824     
          28          29  0.95822816043923476     
           8          30   1.0286891663122719     
          30          31  0.98047147124449552     
          30          32  0.97279958011845391     
          30          33  0.97410111338509608     
           7          34   1.0293224286557097     
          34          35  0.97313663833418529     
          34          36  0.97286624320649384     
          34          37  0.98053912440423441     
          11          38   1.0304103710514025     
          38          39  0.97381561885218548     
          38          40  0.97099644416080122     
          38          41  0.98221291628153040     
          12          42   1.0968416905105058     
          42          43  0.95792816640430645     
          42          44   1.8951545024587719     
          44          45  0.97517487939228609     
          44          46  0.97910796841062719     
          15          47   1.0316108743567225     
          47          48  0.97053741258046411     
          47          49  0.97262395933815660     
          47          50  0.98239925734652800     
          16          51   1.0965087127716027     
          51          52  0.95799203084937812     
          51          53   1.8958218586030571     
          53          54  0.97486419801135427     
          53          55  0.97906986135862695     
          19          56   1.0299470734852323     
          56          57  0.97191665817328321     
          56          58  0.97345868731204499     
          56          59  0.98048767310074703     
          20          60   1.0294514643259025     
          60          61  0.98048968919535373     
          60          62  0.97370808359868422     
          60          63  0.97247752653506914     
           1          64  0.26103803448037910     
          64          65  0.88341812667919806     
          64          66  0.88449867534737281     
          67          68  0.97094301151657625     
          67          69  0.97104231820302367     
          67          70  0.98188080682627443     
          71          72  0.94126371973083323     
          67          73   1.0316617396984604     
          71          73   1.1887791697065158     
          71          74   1.2615699984698043     
          73          74  0.11202605757059857     
          74          75  0.95536177185980187     
           1          76  0.50976354417826841     
          74          76   1.4795388265620948     
          73          77   1.5602530259954173     
          76          77   1.2455313725508419     
          77          78  0.95791107067728198     
