    0.43983768
   -0.23405592
   -0.23282067
   -0.20450817
   -0.20527044
    0.04905320
   -0.03111578
   -0.03416657
    0.04496630
    0.04530836
   -0.02896105
   -0.03333808
    0.05400894
    0.05314883
   -0.02330910
   -0.03056353
    0.06086512
    0.05547902
   -0.02814828
   -0.02885483
    0.05335344
   -0.07035391
    0.03626121
   -0.08015400
    0.03154009
   -0.06961328
    0.04145547
   -0.06624608
    0.04303385
   -0.09788112
    0.03340003
    0.03288332
    0.03473047
   -0.09887167
    0.03618122
    0.03540451
    0.03332029
   -0.09855822
    0.03563496
    0.03355464
    0.03628713
   -0.02673268
    0.02450645
   -0.09598134
    0.02438536
    0.03396065
   -0.09970046
    0.03872835
    0.03648532
    0.03756402
   -0.02613301
    0.02491205
   -0.09606551
    0.03619805
    0.02416886
   -0.09953335
    0.03914342
    0.03570583
    0.03455564
   -0.09894747
    0.03462197
    0.03506201
    0.03689090
   -0.48080867
    0.32123495
    0.32121135
   -0.11794232
    0.05664514
    0.05648211
    0.06382021
   -0.08464958
    0.17402520
    0.03853663
    0.07278777
    0.06949728
   -0.13164964
   -0.00332520
    0.06742236
