    0.51900840
   -0.22340819
   -0.21942853
   -0.23735567
   -0.21249053
    0.06034638
   -0.02197308
   -0.02447334
    0.05890900
    0.04860182
   -0.03482341
   -0.03188429
    0.04971397
    0.05841420
   -0.02900186
   -0.02038178
    0.05792963
    0.05593901
   -0.03403033
   -0.02490934
    0.05422816
   -0.07174896
    0.03913785
   -0.08170861
    0.03531510
   -0.07674070
    0.03422302
   -0.08068353
    0.03318604
   -0.10039829
    0.03842198
    0.04254421
    0.03706168
   -0.09954634
    0.04109551
    0.03640065
    0.03681098
   -0.09924391
    0.03779386
    0.03382788
    0.04357097
   -0.02798234
    0.02115276
   -0.09972307
    0.03434127
    0.02110232
   -0.09978605
    0.03913087
    0.03605845
    0.04360254
   -0.02734187
    0.02585926
   -0.09607003
    0.03591646
    0.02457131
   -0.09741934
    0.03460436
    0.03551163
    0.03431775
   -0.09767486
    0.03614388
    0.03452288
    0.03208789
   -0.11595310
    0.05504919
    0.05533728
    0.06242449
   -0.08696789
    0.17264869
    0.03723142
    0.08514371
    0.06071996
   -0.18242431
    0.00472772
    0.05719255
   -0.10518181
    0.04531259
    0.05688465
    0.04890024
   -0.00890354
    0.05158285
    0.04596680
   -0.13247834
   -0.06008766
    0.06065591
    0.05493484
    0.06610809
