           1           2  0.67275355791032676     
           1           3  0.62871235943151349     
           1           4  0.69421797124888751     
           1           5  0.61922643065215277     
           2           6   1.1867919223131482     
           6           7   1.2016087778423250     
           7           8   1.4328562474871060     
           2           9   1.2653281387186976     
           8           9   1.2241175422937749     
           3          10   1.1578320582863446     
          10          11   1.1179616686754965     
          11          12   1.5805162635231151     
           3          13   1.2740228690286737     
          12          13   1.1204997662951142     
           4          14   1.2128169553053572     
          14          15   1.1893166109699240     
          15          16   1.3095270462327571     
           4          17   1.2200632456839158     
          16          17   1.2995408451842247     
           5          18   1.1845398403626086     
          18          19   1.0953072101234875     
          19          20   1.5027051705770240     
           5          21   1.2488329093192729     
          20          21   1.1549872710184308     
           6          22   1.3345330535658266     
          21          22   1.3283572416970679     
          22          23  0.95690219908121010     
           9          24   1.2029825372982512     
          10          24   1.4714121814718668     
          24          25  0.95855047510698865     
          13          26   1.3321695984731949     
          14          26   1.3180549892801030     
          26          27  0.95631084300978586     
          17          28   1.1828759564374716     
          18          28   1.4707469697193767     
          28          29  0.95510000234995274     
           7          30   1.0422168973616146     
          30          31  0.96345406236818198     
          30          32  0.96356667979933330     
          30          33  0.97737269520608072     
           8          34   1.0384114487975602     
          34          35  0.96473823444573803     
          34          36  0.96761028285669937     
          34          37  0.97759091249184549     
          20          38   1.0427116663904625     
          38          39  0.95794912637592489     
          38          40  0.97183398167978985     
          38          41  0.97293072793832680     
          19          42   1.1197001877587451     
          42          43  0.95541695815111305     
          42          44   1.8634550523875881     
          44          45  0.97341884227307451     
          44          46  0.97711379822395061     
          16          47   1.0414379360259265     
          47          48  0.95874722779127675     
          47          49  0.97387522565434215     
          47          50  0.97173277867453256     
          15          51   1.1575881314773333     
          51          52  0.95488261074544289     
          51          53   1.8095411132489265     
          53          54  0.97304952757714103     
          53          55  0.97799067949982654     
          12          56   1.0387811813215115     
          56          57  0.97780256592918124     
          56          58  0.96648373153464606     
          56          59  0.96509765086939181     
          11          60   1.0395150814630740     
          60          61  0.97775642860032552     
          60          62  0.96658302977550259     
          60          63  0.96390330986224759     
          64          65  0.96740969184641168     
          64          66  0.96732957480617021     
          64          67  0.98065984755375557     
          68          69  0.93697272147213695     
          64          70   1.0355112918228477     
          68          70   1.1944179828530577     
          68          71   1.2843771772401080     
          70          71  0.10692082396525927     
          71          72  0.95872642415270604     
           1          73  0.34947547374791182     
          68          73  0.10052752633451562     
          71          73   1.5123914978187218     
          70          74   1.5574713430565481     
          73          74   1.2677355154805525     
          74          75  0.96344860127345544     
          76          77  0.97782177232525935     
          76          78  0.97956481621904334     
          76          79  0.98478333751821834     
          76          80   1.0272513450995249     
          80          81  0.96766079281301032     
          80          82  0.97149940056619588     
           1          83  0.21756140926612202     
          80          83  0.97507998772603777     
          83          84   1.0092690259098369     
          84          85  0.97555365457749899     
          84          86  0.97849935276692346     
          84          87  0.97782789949245474     
