    0.55690291
   -0.20234883
   -0.22132997
   -0.21151463
   -0.21798046
    0.05858224
   -0.01031429
   -0.01610071
    0.06205170
    0.06221562
   -0.00976999
   -0.01180473
    0.07336435
    0.05940733
   -0.01705253
   -0.01553167
    0.05965322
    0.06693846
   -0.01218337
   -0.00288245
    0.07299834
   -0.05670622
    0.06524700
   -0.06050593
    0.06408889
   -0.06563701
    0.05902601
   -0.06386157
    0.05789792
   -0.10965834
    0.05435546
    0.05783558
    0.05587748
   -0.10846931
    0.05506438
    0.05019562
    0.05448320
   -0.11142034
    0.06035588
    0.05222476
    0.06159701
   -0.02699883
    0.04259795
   -0.08162604
    0.05581704
    0.05291627
   -0.10784297
    0.05439308
    0.04630944
    0.05993381
   -0.02529903
    0.04070659
   -0.08251789
    0.05576033
    0.05081056
   -0.10904441
    0.05449906
    0.05404884
    0.05484600
   -0.11042738
    0.05565724
    0.05412213
    0.05716868
   -0.12187350
    0.06672849
    0.06693616
    0.06870418
   -0.07799853
    0.18572692
    0.04529327
    0.08405509
    0.05877260
   -0.19438843
    0.00162859
    0.05444424
   -0.11027007
    0.05750632
    0.05039680
    0.06090622
   -0.01604015
    0.05095272
    0.06371435
   -0.07462140
   -0.07049866
    0.06290007
    0.07428629
    0.07161696
