    0.42851653
   -0.21813377
   -0.22388613
   -0.22368140
   -0.21743628
    0.05498648
   -0.02823418
   -0.02986642
    0.05269167
    0.04968049
   -0.03307978
   -0.03078932
    0.05329596
    0.05544934
   -0.03383373
   -0.02450438
    0.05199668
    0.05533805
   -0.03484374
   -0.02172340
    0.05348275
   -0.06754713
    0.03631216
   -0.07399740
    0.03378316
   -0.07133307
    0.03199135
   -0.07256275
    0.03099067
   -0.09867356
    0.03468975
    0.03835403
    0.03417578
   -0.09820740
    0.03781403
    0.03300195
    0.03419000
   -0.09997290
    0.03748579
    0.03450214
    0.04184212
   -0.02722656
    0.02276472
   -0.09719661
    0.03417628
    0.02249606
   -0.09884754
    0.03561305
    0.03323776
    0.04127186
   -0.02729350
    0.02350757
   -0.09688856
    0.03363437
    0.02211392
   -0.09770626
    0.03310437
    0.03605607
    0.03463042
   -0.09789505
    0.03352611
    0.03275330
    0.03605876
   -0.11707284
    0.05592352
    0.05600905
    0.06325805
   -0.08477780
    0.17362833
    0.03782032
    0.07409477
    0.06964745
   -0.13039395
   -0.00196735
    0.06622920
   -0.10799137
    0.04538661
    0.05760309
    0.04848166
   -0.02085654
    0.05764623
    0.05077844
   -0.06019698
   -0.07235245
    0.06416445
    0.05929692
    0.07148648
