           1           2  0.64359938696515728     
           1           3  0.68272380731791038     
           1           4  0.60985746478841163     
           1           5  0.66489440610676864     
           2           6   1.2052137003844656     
           6           7   1.1252464938656332     
           7           8   1.5956120435927077     
           2           9   1.2293090065662824     
           8           9   1.1263873755144851     
           3          10   1.2181535190626316     
          10          11   1.2126208318773022     
          11          12   1.4752057507263570     
           3          13   1.2164429018002736     
          12          13   1.2091692950432429     
           4          14   1.2258244099775619     
          14          15   1.1243940578760550     
          15          16   1.5003870392740619     
           4          17   1.2146699685546325     
          16          17   1.1645876208838677     
           5          18   1.2382883114179697     
          18          19   1.1841272717309563     
          19          20   1.3681184095914016     
           5          21   1.2084301527974646     
          20          21   1.2618713686573819     
           6          22   1.4153236921794101     
          21          22   1.2547195547374486     
          22          23  0.95895923952135531     
           9          24   1.3831610307422868     
          10          24   1.2837689429616834     
          24          25  0.96221864312655425     
          13          26   1.2908766837390073     
          14          26   1.3810310102475769     
          26          27  0.95956938235421740     
          17          28   1.3620558527343101     
          18          28   1.2927464018217139     
          28          29  0.95789134644903462     
           7          30   1.0313831504129765     
          30          31  0.97137407306064227     
          30          32  0.97180353708718514     
          30          33  0.98008270435731526     
           8          34   1.0307397416960919     
          34          35  0.97115180124325107     
          34          36  0.97303193366591811     
          34          37  0.98014580656711159     
          20          38   1.0339749758347623     
          38          39  0.96638816152589313     
          38          40  0.97648313292009659     
          38          41  0.97584422024392314     
          19          42   1.1365268932619166     
          42          43  0.95815470071024400     
          42          44   1.8416691796785463     
          44          45  0.97549107366420773     
          44          46  0.97994988551629536     
          16          47   1.0341773578378113     
          47          48  0.96631066182522918     
          47          49  0.97627302982549302     
          47          50  0.97672633279198895     
          15          51   1.1113652816594475     
          51          52  0.95804309224729955     
          51          53   1.8770542782528408     
          53          54  0.97551872806239026     
          53          55  0.97933502976924358     
          12          56   1.0300433104192293     
          56          57  0.98012188798417843     
          56          58  0.97311101977669501     
          56          59  0.97207513827079550     
          11          60   1.0292524611919822     
          60          61  0.97193744957705475     
          60          62  0.98018282799449508     
          60          63  0.97433650555687001     
          64          65  0.97115832677264935     
          64          66  0.97090519777561857     
          64          67  0.98200219121276033     
          68          69  0.94137724826886782     
          64          70   1.0320392835457395     
          68          70   1.1875101246226898     
          68          71   1.2713056490654746     
          70          71  0.11230455154768794     
          71          72  0.95816639313214824     
           1          73  0.31932158570401814     
          71          73   1.5284380508657878     
          70          74   1.5620326931576960     
          73          74   1.2739758119137932     
          74          75  0.96425700048553742     
          76          77  0.98021323604831667     
          76          78  0.97844456105759048     
          76          79  0.98641044220657370     
          76          80   1.0270851478207235     
          80          81  0.96804840540186510     
          80          82  0.97616195277220175     
           1          83  0.18131692161539356     
          80          83  0.97754326163361249     
          83          84   1.0089247762752707     
          84          85  0.97569211322618332     
          84          86  0.98352346564050708     
          84          87  0.97897699573160635     
