    0.42838371
   -0.21811382
   -0.22381141
   -0.22368808
   -0.21745967
    0.05498064
   -0.02825191
   -0.02985107
    0.05271318
    0.04970692
   -0.03309046
   -0.03081049
    0.05328081
    0.05544279
   -0.03383486
   -0.02449598
    0.05199172
    0.05534384
   -0.03484844
   -0.02175352
    0.05345694
   -0.06758250
    0.03628654
   -0.07390861
    0.03382052
   -0.07131728
    0.03202682
   -0.07258859
    0.03095106
   -0.09866364
    0.03467729
    0.03834925
    0.03416775
   -0.09821157
    0.03782674
    0.03299930
    0.03418866
   -0.09996418
    0.03746483
    0.03450186
    0.04183830
   -0.02723745
    0.02275346
   -0.09721349
    0.03418070
    0.02249053
   -0.09883777
    0.03561412
    0.03322438
    0.04127814
   -0.02730883
    0.02349600
   -0.09690888
    0.03365039
    0.02210443
   -0.09771991
    0.03311114
    0.03607538
    0.03463445
   -0.09791992
    0.03353703
    0.03278190
    0.03608229
   -0.11707256
    0.05593414
    0.05600527
    0.06326090
   -0.08477690
    0.17363221
    0.03781911
    0.07413478
    0.06962032
   -0.13041872
   -0.00194778
    0.06623056
   -0.10798386
    0.04540005
    0.05756235
    0.04852839
   -0.02084516
    0.05767526
    0.05078757
   -0.06021691
   -0.07232045
    0.06421615
    0.05929026
    0.07146354
