    0.45188994
   -0.22665472
   -0.20680837
   -0.24017687
   -0.22912230
    0.04653363
   -0.03162872
   -0.02870517
    0.05218643
    0.05556977
   -0.01816859
   -0.03005109
    0.05967581
    0.05257171
   -0.02199128
   -0.03293589
    0.04952019
    0.05376765
   -0.02796066
   -0.03068187
    0.04870468
   -0.07784155
    0.03539513
   -0.06637964
    0.03983925
   -0.06764820
    0.03787158
   -0.07220002
    0.03746416
   -0.09994127
    0.03517338
    0.03907374
    0.03601549
   -0.09903269
    0.03426890
    0.03709919
    0.03511300
   -0.10167686
    0.03533968
    0.04088358
    0.04372357
   -0.02654563
    0.02441822
   -0.09573703
    0.03694068
    0.02472023
   -0.10125506
    0.03490874
    0.04073387
    0.04289614
   -0.02757696
    0.02495972
   -0.09571959
    0.03706538
    0.02463662
   -0.09971535
    0.03549774
    0.03988787
    0.03473918
   -0.09893238
    0.03359316
    0.03504108
    0.03736586
   -0.11817775
    0.05735640
    0.05689251
    0.06418688
   -0.08381422
    0.17472005
    0.03880288
    0.07263133
    0.06944431
   -0.13456475
   -0.00314224
    0.06673487
    0.34649557
   -0.24771825
   -0.31881653
    0.34897179
