           1           2  0.58880641264519329     
           1           3  0.59457633014226763     
           1           4  0.55957141810298316     
           1           5  0.58597750382462443     
           2           6   1.2473466905509039     
           6           7   1.1338114016829683     
           7           8   1.6011306095628561     
           2           9   1.2426987661615421     
           8           9   1.1332617816666464     
           3          10   1.2451917259968730     
          10          11   1.1475155752896968     
          11          12   1.5418798224293730     
           3          13   1.2546236571805607     
          12          13   1.1091390650341086     
           4          14   1.2292344588292239     
          14          15   1.1649082245746660     
          15          16   1.5229301681717242     
           4          17   1.2405411418012744     
          16          17   1.1276617140086518     
           5          18   1.2447277892870539     
          18          19   1.1314070324425720     
          19          20   1.6040986396909018     
           5          21   1.2445336650422996     
          20          21   1.1322030677017958     
           6          22   1.3526564981251317     
          21          22   1.3599692941625712     
          22          23  0.96209469378812640     
           9          24   1.3644715229544495     
          10          24   1.3491803169663916     
          24          25  0.96032950455106336     
          13          26   1.3677870969655950     
          14          26   1.3441410736718939     
          26          27  0.95814125271387252     
          17          28   1.3531402430868049     
          18          28   1.3626712330463107     
          28          29  0.95988013440106923     
           8          30   1.0300117039362053     
          30          31  0.98038181291900839     
          30          32  0.97217332832750647     
          30          33  0.97310957068200299     
           7          34   1.0293267877815420     
          34          35  0.97320582137242739     
          34          36  0.97298015213958555     
          34          37  0.98037613254786493     
          11          38   1.0337981666800307     
          38          39  0.97610966749213879     
          38          40  0.96700047756531871     
          38          41  0.97728309853457807     
          12          42   1.1035167227859219     
          42          43  0.95797668382028345     
          42          44   1.8884949554780137     
          44          45  0.97563106605290084     
          44          46  0.97922333359476144     
          15          47   1.0335363006836278     
          47          48  0.97610698794736073     
          47          49  0.96701287346606857     
          47          50  0.97753473079964337     
          16          51   1.1018863736745059     
          51          52  0.95857449386595994     
          51          53   1.8900650392295080     
          53          54  0.97554886868679780     
          53          55  0.97919859308570911     
          19          56   1.0301585423854775     
          56          57  0.97277632720934393     
          56          58  0.97214561321462867     
          56          59  0.98033658058240525     
          20          60   1.0293277521581612     
          60          61  0.97312455088529459     
          60          62  0.98036227182096558     
          60          63  0.97297950215858875     
          64          65  0.97058054931713877     
          64          66  0.97101327125742753     
          64          67  0.98179081724206674     
          68          69  0.94107226849174319     
          64          70   1.0319490156867048     
          68          70   1.1893223721055310     
          68          71   1.2631599897358499     
          70          71  0.11203229732200706     
          71          72  0.95482304006495999     
           1          73  0.50433267039596386     
          71          73   1.4796440887347035     
          70          74   1.5594562167248176     
          73          74   1.2468553679639818     
          74          75  0.95902423500110345     
           1          77  0.25548498413877141     
          76          77  0.86707692825543836     
          77          78  0.98493220761174649     
          78          79  0.83310134763565591     
