    0.42854868
   -0.21813148
   -0.22378767
   -0.22382105
   -0.21749597
    0.05494433
   -0.02827314
   -0.02981309
    0.05273250
    0.04971989
   -0.03311813
   -0.03086530
    0.05327227
    0.05540951
   -0.03384080
   -0.02453320
    0.05195115
    0.05539337
   -0.03480389
   -0.02180860
    0.05335410
   -0.06766583
    0.03623409
   -0.07377395
    0.03393605
   -0.07122047
    0.03203059
   -0.07265416
    0.03092329
   -0.09865761
    0.03468562
    0.03829586
    0.03418111
   -0.09822727
    0.03786025
    0.03302373
    0.03419231
   -0.09996062
    0.03738430
    0.03450116
    0.04184575
   -0.02721617
    0.02278479
   -0.09720582
    0.03412437
    0.02248354
   -0.09884684
    0.03559035
    0.03322929
    0.04124062
   -0.02728602
    0.02349435
   -0.09687266
    0.03364568
    0.02212958
   -0.09772966
    0.03310050
    0.03614376
    0.03460286
   -0.09792639
    0.03351343
    0.03277309
    0.03617062
   -0.11707327
    0.05592039
    0.05603173
    0.06326377
   -0.08476093
    0.17364549
    0.03782615
    0.07414537
    0.06963498
   -0.13036542
   -0.00192754
    0.06619465
   -0.10793933
    0.04536670
    0.05756653
    0.04852136
   -0.02087153
    0.05771769
    0.05077943
   -0.06028767
   -0.07231364
    0.06427188
    0.05930283
    0.07143948
