           1           2  0.58260876460878197     
           1           3  0.57595616632793467     
           1           4  0.56877769642322529     
           1           5  0.57258888609636338     
           2           6   1.2538322565530409     
           6           7   1.1269237176428852     
           7           8   1.6097851712819566     
           2           9   1.2458310479591508     
           8           9   1.1263814706026425     
           3          10   1.2418424132306680     
          10          11   1.1535586410972833     
          11          12   1.5352234077394991     
           3          13   1.2525643976978262     
          12          13   1.1161593781601131     
           4          14   1.2339549663681650     
          14          15   1.1609986563874837     
          15          16   1.5324941580519138     
           4          17   1.2502259877662563     
          16          17   1.1237028931503725     
           5          18   1.2434898871013231     
          18          19   1.1313886570396341     
          19          20   1.6040480253734375     
           5          21   1.2459905289259172     
          20          21   1.1320742237343939     
           6          22   1.3579838533938953     
          21          22   1.3610600697396376     
          22          23  0.96168891083460784     
           9          24   1.3688596601399254     
          10          24   1.3443104828949115     
          24          25  0.96040466133952229     
          13          26   1.3652148307708669     
          14          26   1.3466698057109765     
          26          27  0.95985297720773288     
          17          28   1.3542575375917323     
          18          28   1.3635959865777327     
          28          29  0.95790108888649395     
           8          30   1.0302745798859170     
          30          31  0.98026110605289796     
          30          32  0.97249438598710491     
          30          33  0.97242588050683909     
           7          34   1.0302822236464195     
          34          35  0.97270102938293290     
          34          36  0.97221768234559958     
          34          37  0.98028296963099404     
          11          38   1.0336989684121434     
          38          39  0.96741070578887156     
          38          40  0.97567605901570609     
          38          41  0.97724965139686204     
          12          42   1.1023577391951005     
          42          43  0.95808812930750120     
          42          44   1.8897795832749935     
          44          45  0.97571127363546384     
          44          46  0.97919066990482129     
          15          47   1.0319756855206037     
          47          48  0.97303860176271295     
          47          49  0.96971967467842490     
          47          50  0.98195194067538738     
          16          51   1.0949234262939882     
          51          52  0.95749613186177451     
          51          53   1.8979354722370911     
          53          54  0.97513430729546602     
          53          55  0.97894505642634222     
          19          56   1.0305420967087384     
          56          57  0.97195077783144823     
          56          58  0.97247186353465576     
          56          59  0.98027828493304670     
          20          60   1.0302767605124492     
          60          61  0.97252358330632283     
          60          62  0.98032203889041802     
          60          63  0.97238523510080399     
           1          64  0.27339823686371312     
          64          65  0.87949957391878764     
          64          66  0.87945989979454109     
          67          68  0.98108102556064647     
          67          69  0.97860643552507454     
          67          70  0.97420650243773432     
           1          71  0.44146754059606919     
          67          71  0.99291727223535309     
          71          72  0.94209582020011606     
