           1           2  0.57205005290088784     
           1           3  0.56626863603892519     
           1           4  0.57714829126520673     
           1           5  0.58530062732377908     
           2           6   1.2493544394878786     
           6           7   1.1359877705230645     
           7           8   1.5996615546219042     
           2           9   1.2378998264227301     
           8           9   1.1350222588064989     
           3          10   1.2323915803361407     
          10          11   1.1631924843050974     
          11          12   1.5257734045360971     
           3          13   1.2478733101299198     
          12          13   1.1253001942755243     
           4          14   1.2373444107650109     
          14          15   1.1503192784259746     
          15          16   1.5385435603454831     
           4          17   1.2611410021435354     
          16          17   1.1155528610972469     
           5          18   1.2534049452753695     
          18          19   1.1213058405872136     
          19          20   1.6154507382027432     
           5          21   1.2514605160715071     
          20          21   1.1215794755392918     
           6          22   1.3540520402692890     
          21          22   1.3656384931182408     
          22          23  0.96161354070663174     
           9          24   1.3661642306957582     
          10          24   1.3432345793648157     
          24          25  0.96061597831456325     
          13          26   1.3600738972598529     
          14          26   1.3528302564078796     
          26          27  0.95848972431452761     
          17          28   1.3555522265788820     
          18          28   1.3648597314440187     
          28          29  0.95960211771955417     
           8          30   1.0295754897551099     
          30          31  0.97251703267281653     
          30          32  0.98027295515119406     
          30          33  0.97315787058687542     
           7          34   1.0302067610966235     
          34          35  0.97273147844250674     
          34          36  0.97207418223574737     
          34          37  0.98032801184460738     
          11          38   1.0330085372145543     
          38          39  0.96752523583718997     
          38          40  0.97632181166259091     
          38          41  0.97729990841082737     
          12          42   1.1018306059788288     
          42          43  0.95813224178289125     
          42          44   1.8903171505157803     
          44          45  0.97568159502345353     
          44          46  0.97917687004809206     
          15          47   1.0337247776789518     
          47          48  0.96729401539052062     
          47          49  0.97579560255825937     
          47          50  0.97727622636507772     
          16          51   1.1010592449296746     
          51          52  0.95814654702828150     
          51          53   1.8915995380365391     
          53          54  0.97556072682952011     
          53          55  0.97907359809069994     
          19          56   1.0310876516411653     
          56          57  0.97193706260421786     
          56          58  0.97196296659096981     
          56          59  0.98020326962564686     
          20          60   1.0305391953657503     
          60          61  0.98020941011801455     
          60          62  0.97218117154154882     
          60          63  0.97259252647715189     
           1          64  0.27480095148910905     
          64          65  0.88079987842647633     
          64          66  0.87993361018148808     
          67          68  0.98090421949868434     
          67          69  0.97903182528518506     
          67          70  0.97497838791625102     
           1          71  0.43683478021055355     
          67          71  0.99327452794368742     
          71          72  0.94235261061183018     
