           1           2  0.59851411691358747     
           1           3  0.59480521043429924     
           1           4  0.58419250516011212     
           1           5  0.58694356804366521     
           2           6   1.2529902973106457     
           6           7   1.1271959691990308     
           7           8   1.6091428178834253     
           2           9   1.2451107507141279     
           8           9   1.1269525526116475     
           3          10   1.2436328915316308     
          10          11   1.1536153157214801     
          11          12   1.5346103893468277     
           3          13   1.2544148039551741     
          12          13   1.1137804638913971     
           4          14   1.2349411820270793     
          14          15   1.1606734685713997     
          15          16   1.5264653725811164     
           4          17   1.2534913166604644     
          16          17   1.1214118459570932     
           5          18   1.2428859947127764     
          18          19   1.1348785549119849     
          19          20   1.5996064048147431     
           5          21   1.2448564416195025     
          20          21   1.1356617398463369     
           6          22   1.3575071634833156     
          21          22   1.3583612908532849     
          22          23  0.96201443459262881     
           9          24   1.3678212873081559     
          10          24   1.3426899928629532     
          24          25  0.96049795550352857     
          13          26   1.3652214089466523     
          14          26   1.3467552918118570     
          26          27  0.95854632722758815     
          17          28   1.3535564278401171     
          18          28   1.3580151684734729     
          28          29  0.96012272046138869     
           8          30   1.0294245766971599     
          30          31  0.97328691292902692     
          30          32  0.98041971275956741     
          30          33  0.97277955939285865     
           7          34   1.0295937521130645     
          34          35  0.97325869613335703     
          34          36  0.97263940305911722     
          34          37  0.98043374872732592     
          11          38   1.0330295459605789     
          38          39  0.97653408681601384     
          38          40  0.96740604689214749     
          38          41  0.97747824637981418     
          12          42   1.1045432154006163     
          42          43  0.95834216075421574     
          42          44   1.8868842652077245     
          44          45  0.97930979160720100     
          44          46  0.97568543950910724     
          15          47   1.0330068124482363     
          47          48  0.97620677619196050     
          47          49  0.96766722856864051     
          47          50  0.97758411846072946     
          16          51   1.1038533666609169     
          51          52  0.95841091693855907     
          51          53   1.8873816876584302     
          53          54  0.97933384582075789     
          53          55  0.97579340632717293     
          19          56   1.0291624124863075     
          56          57  0.97284400034911978     
          56          58  0.97339990036570323     
          56          59  0.98044319779456013     
          20          60   1.0293832713020710     
          60          61  0.97317655917586809     
          60          62  0.98049516470197307     
          60          63  0.97282693739699955     
           1          64  0.26272880720241926     
          64          65  0.88453193530742735     
          64          66  0.88379508186563160     
          67          68  0.97105448536574290     
          67          69  0.97089786468411010     
          67          70  0.98189368698751156     
          71          72  0.94116936748179403     
          67          73   1.0317568758343840     
          71          73   1.1886620824382530     
          71          74   1.2625332426012237     
          73          74  0.11242323009054417     
          74          75  0.95293484911470028     
           1          76  0.50891637442518667     
          74          76   1.4788056563212828     
          73          77   1.5596225374279040     
          76          77   1.2469353593957766     
          77          78  0.95969513912644855     
