           1           2  0.58924738841254387     
           1           3  0.58827178540049085     
           1           4  0.58623235323688005     
           1           5  0.58795282229383328     
           2           6   1.2530204212698233     
           6           7   1.1308437164434861     
           7           8   1.6053296270685677     
           2           9   1.2464881680729314     
           8           9   1.1297393265291900     
           3          10   1.2442761281477281     
          10          11   1.1576607545483706     
          11          12   1.5277066074577155     
           3          13   1.2556784811465034     
          12          13   1.1155132489519914     
           4          14   1.2393776952383453     
          14          15   1.1575890278844718     
          15          16   1.5279457621068990     
           4          17   1.2623713013646305     
          16          17   1.1170726572904557     
           5          18   1.2507769217486269     
          18          19   1.1308590319273248     
          19          20   1.6038044654374866     
           5          21   1.2496379752991209     
          20          21   1.1317409843183441     
           6          22   1.3505652282231708     
          21          22   1.3533773105998017     
          22          23  0.96273257489013353     
           9          24   1.3663902898444393     
          10          24   1.3405055845964937     
          24          25  0.96081940603757077     
          13          26   1.3587469414159423     
          14          26   1.3413912786428259     
          26          27  0.95898566710074995     
          17          28   1.3522810507617615     
          18          28   1.3582110365455649     
          28          29  0.96029287825095511     
           8          30   1.0288470682133766     
          30          31  0.98060944766686831     
          30          32  0.97332411326457291     
          30          33  0.97348108472540029     
           7          34   1.0282492038157227     
          34          35  0.97399910908762122     
          34          36  0.97354049889049143     
          34          37  0.98062745988835598     
          11          38   1.0324523209166245     
          38          39  0.97650642044846092     
          38          40  0.96823922308378008     
          38          41  0.97757618789016210     
          12          42   1.1077156720324992     
          42          43  0.95858855446591962     
          42          44   1.8822335409585440     
          44          45  0.97596386220379672     
          44          46  0.97951300957540188     
          15          47   1.0319803761369604     
          47          48  0.97671868486220792     
          47          49  0.96859692753356064     
          47          50  0.97758807290424887     
          16          51   1.1067080297674066     
          51          52  0.95858089981344152     
          51          53   1.8838018051229910     
          53          54  0.97590222220415845     
          53          55  0.97946928060411198     
          19          56   1.0290239105532033     
          56          57  0.97325117720364540     
          56          58  0.97329836807184700     
          56          59  0.98061393772816041     
          20          60   1.0281919336218761     
          60          61  0.98063602542234318     
          60          62  0.97366826784099381     
          60          63  0.97396432931515053     
          64          65  0.97147712073868120     
          64          66  0.97161230208931926     
          64          67  0.98227539275983056     
          68          69  0.94189486740424944     
          64          70   1.0312111183315260     
          68          70   1.1869697676889044     
          68          71   1.2625704250683716     
          70          71  0.11257766583183645     
          71          72  0.95436009795099075     
           1          73  0.48968033795325216     
          71          73   1.4874678220497373     
          70          74   1.5616345708125157     
          73          74   1.2510732770795912     
          74          75  0.96022526679027775     
          76          77  0.97141564680134052     
          76          78  0.97157343551194875     
          76          79  0.98215959412234832     
          80          81  0.94206401970309117     
          76          82   1.0313120595330785     
          80          82   1.1867755308089256     
          80          83   1.2616591026715249     
          82          83  0.11275854800566382     
          83          84  0.95452695351410533     
           1          85  0.49030345686091398     
          83          85   1.4872681820657896     
          82          86   1.5617400864593118     
          85          86   1.2510038793152658     
          86          87  0.96014924594935336     
