    0.39332727
   -0.20966481
   -0.20867208
   -0.20911900
   -0.21028761
    0.04896341
   -0.03351569
   -0.03105621
    0.05165094
    0.05214996
   -0.02228246
   -0.03591351
    0.05233672
    0.04962187
   -0.02499538
   -0.03334365
    0.05505943
    0.05180480
   -0.03069673
   -0.03385511
    0.04894710
   -0.07640705
    0.03000520
   -0.06858161
    0.03328067
   -0.07526663
    0.02965011
   -0.06838390
    0.03308390
   -0.09736787
    0.03211008
    0.03490571
    0.03358936
   -0.09670642
    0.03186698
    0.03377902
    0.03204082
   -0.09900400
    0.03360877
    0.03499341
    0.04100177
   -0.02709996
    0.02174664
   -0.09910905
    0.03191355
    0.02004704
   -0.09826943
    0.03274543
    0.03382809
    0.04088876
   -0.02641123
    0.02323666
   -0.09842293
    0.03207970
    0.02037661
   -0.09732399
    0.03404968
    0.03530434
    0.03204829
   -0.09664287
    0.03215186
    0.03356900
    0.03176725
   -0.11596229
    0.05453980
    0.05425973
    0.06145479
   -0.08621211
    0.17202472
    0.03665658
    0.07532985
    0.06820352
   -0.12588108
   -0.00151888
    0.06474025
   -0.11605414
    0.05450459
    0.05425925
    0.06206524
   -0.08654059
    0.17149900
    0.03683525
    0.07482310
    0.06778833
   -0.12557866
   -0.00126783
    0.06490055
