    0.44063376
   -0.23359108
   -0.23289036
   -0.20501293
   -0.20579499
    0.04914322
   -0.03100619
   -0.03400591
    0.04506615
    0.04553644
   -0.02560548
   -0.03358335
    0.05241906
    0.05377223
   -0.01996902
   -0.03082273
    0.05897446
    0.05586820
   -0.02811145
   -0.02863963
    0.05342924
   -0.07016129
    0.03655663
   -0.07954708
    0.03182610
   -0.06912835
    0.03596978
   -0.06573266
    0.03760587
   -0.09795456
    0.03360986
    0.03343129
    0.03448673
   -0.09895587
    0.03626385
    0.03558557
    0.03350948
   -0.09965626
    0.03366419
    0.03464715
    0.04202334
   -0.02744238
    0.02481334
   -0.09697286
    0.03343504
    0.02302456
   -0.10050807
    0.03564015
    0.03740911
    0.04347778
   -0.02678547
    0.02676827
   -0.09732484
    0.03411805
    0.02317153
   -0.09930663
    0.03873554
    0.03580280
    0.03458563
   -0.09901569
    0.03476252
    0.03532443
    0.03696563
   -0.48077388
    0.32134028
    0.32126745
   -0.11804056
    0.05679299
    0.05664850
    0.06403374
   -0.08432741
    0.17430178
    0.03873447
    0.07303591
    0.06960852
   -0.13167103
   -0.00324031
    0.06775768
