           1           2  0.58530530463754371     
           1           3  0.58392326624836766     
           1           4  0.59623668692624177     
           1           5  0.59775590736719419     
           2           6   1.2471895741572943     
           6           7   1.1373259293862623     
           7           8   1.5979766985594657     
           2           9   1.2373263139045942     
           8           9   1.1363037198905837     
           3          10   1.2350662438253022     
          10          11   1.1626024625489126     
          11          12   1.5245672990900025     
           3          13   1.2503537923879289     
          12          13   1.1226905074770535     
           4          14   1.2398424840696707     
          14          15   1.1499783112521780     
          15          16   1.5372769261229813     
           4          17   1.2618157273260409     
          16          17   1.1129315054982383     
           5          18   1.2507802969473494     
          18          19   1.1260193002015477     
          19          20   1.6100633601452707     
           5          21   1.2497314983073682     
          20          21   1.1262096905874084     
           6          22   1.3536153048587984     
          21          22   1.3623010267200015     
          22          23  0.96201131023766828     
           9          24   1.3652302738414985     
          10          24   1.3414601713699614     
          24          25  0.96078301747229156     
          13          26   1.3604913114116202     
          14          26   1.3517232759188516     
          26          27  0.95857447282157482     
          17          28   1.3543902128694478     
          18          28   1.3603216645082872     
          28          29  0.96002875003510757     
           8          30   1.0287482050542991     
          30          31  0.98044429501091068     
          30          32  0.97335769529186422     
          30          33  0.97341915343627772     
           7          34   1.0293711089699644     
          34          35  0.97279204845740319     
          34          36  0.97316222012538955     
          34          37  0.98049008314776898     
          11          38   1.0322761227100599     
          38          39  0.97670676648767984     
          38          40  0.96823946384714465     
          38          41  0.97733062130329240     
          12          42   1.1047810798464666     
          42          43  0.95835385126108530     
          42          44   1.8865632260414702     
          44          45  0.97579790199590721     
          44          46  0.97933163191966677     
          15          47   1.0332819654129284     
          47          48  0.97596648073986414     
          47          49  0.96775314544225377     
          47          50  0.97749176713345087     
          16          51   1.1036384317565331     
          51          52  0.95825109014857679     
          51          53   1.8878715276323095     
          53          54  0.97578776092341402     
          53          55  0.97929213487470068     
          19          56   1.0298912717533273     
          56          57  0.97248190947155466     
          56          58  0.97296487465696879     
          56          59  0.98042193248215115     
          20          60   1.0295484658221936     
          60          61  0.97283301560977054     
          60          62  0.98042406070143429     
          60          63  0.97317595891488240     
           1          64  0.26216600340782437     
          64          65  0.88380280072224093     
          64          66  0.88413049124272525     
          67          68  0.97089365166960473     
          67          69  0.97101966509109527     
          67          70  0.98183928077193250     
          71          72  0.94121412414666794     
          67          73   1.0317163940245440     
          71          73   1.1887682062754736     
          71          74   1.2620987626013389     
          73          74  0.11199184351354644     
          74          75  0.95480088120276740     
           1          76  0.50940961867556711     
          74          76   1.4798695979077336     
          73          77   1.5603138181653857     
          76          77   1.2457635231852471     
          77          78  0.95765936644593042     
