    0.44068195
   -0.23364475
   -0.23285636
   -0.20498157
   -0.20585217
    0.04911832
   -0.03101494
   -0.03400520
    0.04507591
    0.04553059
   -0.02560658
   -0.03357870
    0.05244535
    0.05379018
   -0.01995711
   -0.03081678
    0.05897825
    0.05586153
   -0.02811916
   -0.02864891
    0.05340625
   -0.07019494
    0.03654140
   -0.07954163
    0.03182538
   -0.06909676
    0.03598444
   -0.06573700
    0.03760347
   -0.09795472
    0.03360571
    0.03342925
    0.03449121
   -0.09895254
    0.03625487
    0.03558192
    0.03350705
   -0.09964904
    0.03366371
    0.03465212
    0.04202036
   -0.02744331
    0.02481660
   -0.09697310
    0.03344469
    0.02302596
   -0.10051334
    0.03565192
    0.03740713
    0.04348669
   -0.02678433
    0.02676651
   -0.09733039
    0.03412007
    0.02316913
   -0.09930525
    0.03873211
    0.03579964
    0.03458241
   -0.09901339
    0.03695481
    0.03476127
    0.03532323
   -0.48076767
    0.32134223
    0.32126398
   -0.11804004
    0.05693676
    0.05651156
    0.06402857
   -0.08433313
    0.17430303
    0.03873606
    0.07302413
    0.06960003
   -0.13164485
   -0.00325354
    0.06777345
