           1           2  0.58571412848270454     
           1           3  0.58172535351074017     
           1           4  0.59892060038613593     
           1           5  0.59710017246187719     
           2           6   1.2466393371593483     
           6           7   1.1373264239425207     
           7           8   1.5981101356806819     
           2           9   1.2363427433708929     
           8           9   1.1361232494254310     
           3          10   1.2374191945136024     
          10          11   1.1630780284333566     
          11          12   1.5296891446075420     
           3          13   1.2483757764245142     
          12          13   1.1237381405948603     
           4          14   1.2391702421758812     
          14          15   1.1507989365687843     
          15          16   1.5421953344500170     
           4          17   1.2603019148527863     
          16          17   1.1133742034327652     
           5          18   1.2493810461544399     
          18          19   1.1262690614616364     
          19          20   1.6098142538880187     
           5          21   1.2508453364125898     
          20          21   1.1264952872518788     
           6          22   1.3543704987775464     
          21          22   1.3608944963919487     
          22          23  0.96210820041215994     
           9          24   1.3665326365933133     
          10          24   1.3392870954621736     
          24          25  0.96234666827572202     
          13          26   1.3598438503720129     
          14          26   1.3516347757866591     
          26          27  0.95831831299738979     
          17          28   1.3532809094464107     
          18          28   1.3612309265224767     
          28          29  0.95824576259656746     
           8          30   1.0286865365497968     
          30          31  0.98048293728788893     
          30          32  0.97285876938374127     
          30          33  0.97403340844703035     
           7          34   1.0293221664359828     
          34          35  0.97308451489082215     
          34          36  0.97291705734629419     
          34          37  0.98054291856309395     
          11          38   1.0303945558281251     
          38          39  0.97379463070548877     
          38          40  0.97101623072789522     
          38          41  0.98225323314786039     
          12          42   1.0966999197441363     
          42          43  0.95795000225245452     
          42          44   1.8952916936617228     
          44          45  0.97517807683541535     
          44          46  0.97910642390707292     
          15          47   1.0316091205918012     
          47          48  0.97049803126742606     
          47          49  0.97267514011274259     
          47          50  0.98239222721017672     
          16          51   1.0964030133991773     
          51          52  0.95798577878324609     
          51          53   1.8959270299645583     
          53          54  0.97487824968660286     
          53          55  0.97906649381650579     
          19          56   1.0299436545387477     
          56          57  0.97189682768156849     
          56          58  0.97348844749802566     
          56          59  0.98048813424704639     
          20          60   1.0294511947257965     
          60          61  0.98049372140166491     
          60          62  0.97368827545895797     
          60          63  0.97249195203341288     
           1          64  0.26104312320883472     
          64          65  0.88350194262626325     
          64          66  0.88446599355993127     
          67          68  0.97097166504753352     
          67          69  0.97101588319293541     
          67          70  0.98188076363947729     
          71          72  0.94126379589875586     
          67          73   1.0316595005519811     
          71          73   1.1887714182764710     
          71          74   1.2615624573927700     
          73          74  0.11202214927321275     
          74          75  0.95539115526238305     
           1          76  0.50960447668548770     
          74          76   1.4796155915093516     
          73          77   1.5602766221679489     
          76          77   1.2455461466489470     
          77          78  0.95789769852514173     
