    0.46556284
   -0.23925043
   -0.25153169
   -0.22416236
   -0.21197228
    0.05289985
   -0.02930349
   -0.03221855
    0.04736359
    0.04752843
   -0.02479368
   -0.03351630
    0.04981666
    0.05089874
   -0.02041396
   -0.02791080
    0.06148156
    0.06006094
   -0.02401819
   -0.02567596
    0.05838506
   -0.06701527
    0.03986843
   -0.07881829
    0.03291351
   -0.07581433
    0.03520359
   -0.06188261
    0.04243359
   -0.09912833
    0.03528603
    0.03545130
    0.03608877
   -0.10003065
    0.03749360
    0.03812876
    0.03517747
   -0.10034932
    0.03678032
    0.03438824
    0.04260093
   -0.02844152
    0.02495408
   -0.09513671
    0.03555513
    0.02522763
   -0.10107763
    0.03919513
    0.03592626
    0.04455294
   -0.02672876
    0.02855797
   -0.09477262
    0.03675527
    0.02639560
   -0.10084834
    0.04025402
    0.04003299
    0.03704281
   -0.10021955
    0.03705432
    0.03880337
    0.03849780
   -0.47878769
    0.32496012
    0.32485791
   -0.07555051
    0.07057281
    0.07444484
    0.07616837
   -0.11227758
    0.16602582
