           1           2  0.57246847527566358     
           1           3  0.56623850297652623     
           1           4  0.57685671232095159     
           1           5  0.58530998491970154     
           2           6   1.2496957127131405     
           6           7   1.1357039091715060     
           7           8   1.5999633797779267     
           2           9   1.2380600007495572     
           8           9   1.1347507091681743     
           3          10   1.2325537309293879     
          10          11   1.1632305682624760     
          11          12   1.5257281389262334     
           3          13   1.2478607373323514     
          12          13   1.1252946043833076     
           4          14   1.2370462077535953     
          14          15   1.1506804946843707     
          15          16   1.5381555566708114     
           4          17   1.2608637250308741     
          16          17   1.1158944566196276     
           5          18   1.2535025954484413     
          18          19   1.1211747617043697     
          19          20   1.6155984427699190     
           5          21   1.2516140793854538     
          20          21   1.1214366674244789     
           6          22   1.3540473942845956     
          21          22   1.3656831004307319     
          22          23  0.96160909312132692     
           9          24   1.3662012884502528     
          10          24   1.3431972096625082     
          24          25  0.96059257924167818     
          13          26   1.3600955462755355     
          14          26   1.3527205573543215     
          26          27  0.95847217054207745     
          17          28   1.3554923421188354     
          18          28   1.3648987038914002     
          28          29  0.95960697412307749     
           8          30   1.0295808703408018     
          30          31  0.98026134704605605     
          30          32  0.97310870249133719     
          30          33  0.97256750808416070     
           7          34   1.0302329775584389     
          34          35  0.97273061759896229     
          34          36  0.97205265903257310     
          34          37  0.98031528697692061     
          11          38   1.0330247037363736     
          38          39  0.96751623687703991     
          38          40  0.97630012161699942     
          38          41  0.97728881098212872     
          12          42   1.1018709413604391     
          42          43  0.95813343155900721     
          42          44   1.8902601674663595     
          44          45  0.97567922448498023     
          44          46  0.97917964793942391     
          15          47   1.0337133486200014     
          47          48  0.96727050093416755     
          47          49  0.97584287052483498     
          47          50  0.97725536943162017     
          16          51   1.1010761909445925     
          51          52  0.95815951876232874     
          51          53   1.8915793363554472     
          53          54  0.97555884830171580     
          53          55  0.97907565883142689     
          19          56   1.0310870642920094     
          56          57  0.97194071553079642     
          56          58  0.97196692911252491     
          56          59  0.98019711795998188     
          20          60   1.0305577447266459     
          60          61  0.98020376914290885     
          60          62  0.97216050034759027     
          60          63  0.97259592628010250     
           1          64  0.27478685466895664     
          64          65  0.88104246437893075     
          64          66  0.88003597607424822     
          67          68  0.98089546011585182     
          67          69  0.97901971856580983     
          67          70  0.97500350466036645     
           1          71  0.43712840768910771     
          67          71  0.99325257885788920     
          71          72  0.94229074003638180     
