    0.44060253
   -0.23231225
   -0.23353946
   -0.20664699
   -0.20463305
    0.04984248
   -0.03076461
   -0.03404476
    0.04483228
    0.04573887
   -0.02564195
   -0.03389476
    0.05180128
    0.05318423
   -0.02033994
   -0.03089625
    0.05877879
    0.05595300
   -0.02806369
   -0.02842875
    0.05393323
   -0.06929286
    0.03684995
   -0.07957988
    0.03178623
   -0.07014970
    0.03555929
   -0.06573138
    0.03777762
   -0.09792778
    0.03366450
    0.03501348
    0.03281075
   -0.09901227
    0.03557421
    0.03654944
    0.03353410
   -0.09962056
    0.03224723
    0.03624677
    0.04142069
   -0.02750331
    0.02413402
   -0.09681092
    0.03430039
    0.02312337
   -0.10050999
    0.03443277
    0.03895456
    0.04267820
   -0.02656811
    0.02430306
   -0.09641836
    0.03564543
    0.02333863
   -0.09927008
    0.03517931
    0.03929673
    0.03462913
   -0.09906675
    0.03535087
    0.03478890
    0.03717400
   -0.48038299
    0.32128186
    0.32143603
   -0.11795676
    0.05659737
    0.05676044
    0.06384302
   -0.08441828
    0.17423833
    0.03868173
    0.07299898
    0.06951300
   -0.13144511
   -0.00326265
    0.06775311
