    0.46412913
   -0.21821673
   -0.23051161
   -0.24466918
   -0.23441460
    0.05543699
   -0.02766701
   -0.02823149
    0.05606167
    0.05491200
   -0.02100695
   -0.03166129
    0.05349352
    0.04763971
   -0.02548979
   -0.03094979
    0.05654560
    0.05124296
   -0.02829846
   -0.02785402
    0.05470888
   -0.06752752
    0.03959618
   -0.06842626
    0.03785094
   -0.07533741
    0.03537383
   -0.07236682
    0.04292847
   -0.09998109
    0.03600403
    0.03983975
    0.03554000
   -0.09999083
    0.03715165
    0.03884870
    0.03586092
   -0.10126051
    0.03440927
    0.04071544
    0.04310121
   -0.02774056
    0.02482268
   -0.09506898
    0.03696912
    0.02519293
   -0.10000558
    0.03805631
    0.03761923
    0.03835326
   -0.02691090
    0.02686681
   -0.09414528
    0.03660711
    0.02680355
   -0.10013205
    0.03992950
    0.03659964
    0.03615412
   -0.10015534
    0.03610510
    0.03735837
    0.03900906
   -0.47952959
    0.32450369
    0.32522536
   -0.07625121
    0.07105843
    0.07443105
    0.07588189
   -0.11038477
    0.16524755
