           1           2  0.58266669299401419     
           1           3  0.57480677954261772     
           1           4  0.56500834122301702     
           1           5  0.57519759043263363     
           2           6   1.2541206184741571     
           6           7   1.1263336801957813     
           7           8   1.6103310782842337     
           2           9   1.2465923018245728     
           8           9   1.1259325885878964     
           3          10   1.2412684937503384     
          10          11   1.1539976482814760     
          11          12   1.5357520769216144     
           3          13   1.2525047413663968     
          12          13   1.1167123069254752     
           4          14   1.2339721597721600     
          14          15   1.1594854541430288     
          15          16   1.5363198240436706     
           4          17   1.2515779029862413     
          16          17   1.1240812307613166     
           5          18   1.2437135293851473     
          18          19   1.1309217349302596     
          19          20   1.6043272320840576     
           5          21   1.2468178379049655     
          20          21   1.1317119964453140     
           6          22   1.3585172000787715     
          21          22   1.3606911974595266     
          22          23  0.96164138388327647     
           9          24   1.3682806198322688     
          10          24   1.3446956638653009     
          24          25  0.96033188521357193     
          13          26   1.3647172381647585     
          14          26   1.3482039510798749     
          26          27  0.95982393401246480     
          17          28   1.3544964049964761     
          18          28   1.3633147305314375     
          28          29  0.95788400977937527     
           8          30   1.0302193131857127     
          30          31  0.98026495675574876     
          30          32  0.97218118673128584     
          30          33  0.97280874943463813     
           7          34   1.0303299513012800     
          34          35  0.97303363375982854     
          34          36  0.97183056298402359     
          34          37  0.98026978831250045     
          11          38   1.0337074704969567     
          38          39  0.97601544539098839     
          38          40  0.96691205942809588     
          38          41  0.97741515786180777     
          12          42   1.1015947385644504     
          42          43  0.95826218894833470     
          42          44   1.8905974327787123     
          44          45  0.97560664757950111     
          44          46  0.97915924461026049     
          15          47   1.0316656618619946     
          47          48  0.97007753376092998     
          47          49  0.97291688584306324     
          47          50  0.98228868868407360     
          16          51   1.0906168463128412     
          51          52  0.95746845289598626     
          51          53   1.9026848167939583     
          53          54  0.97480671327261348     
          53          55  0.97880650747815867     
          19          56   1.0304295338516605     
          56          57  0.97135577653663963     
          56          58  0.97322522157691327     
          56          59  0.98024888568805402     
          20          60   1.0302918442522468     
          60          61  0.98033062336421073     
          60          62  0.97256978485778711     
          60          63  0.97228962643873795     
           1          64  0.27401987662084254     
          64          65  0.87981131041455418     
          64          66  0.88010842600538897     
          67          68  0.98107562001506132     
          67          69  0.97865627222072926     
          67          70  0.97416613118077766     
           1          71  0.43979184092283735     
          67          71  0.99305139831355016     
          71          72  0.94268791548288056     
