    0.39334616
   -0.20965066
   -0.20865443
   -0.20917860
   -0.21027467
    0.04896337
   -0.03352096
   -0.03105652
    0.05165648
    0.05215744
   -0.02228451
   -0.03590781
    0.05232473
    0.04960475
   -0.02500298
   -0.03335506
    0.05504250
    0.05179786
   -0.03069533
   -0.03383553
    0.04897516
   -0.07637629
    0.03002474
   -0.06857254
    0.03329861
   -0.07529639
    0.02961951
   -0.06839757
    0.03308003
   -0.09737108
    0.03210703
    0.03491595
    0.03358610
   -0.09670607
    0.03185569
    0.03378374
    0.03204104
   -0.09902046
    0.03361696
    0.03500327
    0.04098518
   -0.02707917
    0.02175586
   -0.09908840
    0.03190038
    0.02006329
   -0.09826397
    0.03273957
    0.03382322
    0.04089228
   -0.02642327
    0.02322638
   -0.09843455
    0.03208951
    0.02036637
   -0.09732440
    0.03405183
    0.03529621
    0.03205425
   -0.09664832
    0.03179066
    0.03215310
    0.03357059
   -0.11596043
    0.05455626
    0.05423938
    0.06144866
   -0.08620490
    0.17202871
    0.03665113
    0.07532694
    0.06824884
   -0.12590632
   -0.00151071
    0.06470254
   -0.11605453
    0.05452492
    0.05424195
    0.06206728
   -0.08654440
    0.17149736
    0.03683830
    0.07482318
    0.06775868
   -0.12555910
   -0.00127221
    0.06491821
