    0.44067254
   -0.23364679
   -0.23280172
   -0.20497447
   -0.20584927
    0.04911471
   -0.03101958
   -0.03401574
    0.04506599
    0.04554505
   -0.02559141
   -0.03357449
    0.05244513
    0.05378826
   -0.01995720
   -0.03082526
    0.05896646
    0.05586886
   -0.02811642
   -0.02865094
    0.05340916
   -0.07019617
    0.03653921
   -0.07954133
    0.03182762
   -0.06909512
    0.03599084
   -0.06574054
    0.03760318
   -0.09795329
    0.03360424
    0.03342001
    0.03449322
   -0.09895257
    0.03626127
    0.03557286
    0.03350535
   -0.09965568
    0.03366615
    0.03466007
    0.04203044
   -0.02744882
    0.02481453
   -0.09697971
    0.03344957
    0.02302133
   -0.10051568
    0.03564988
    0.03741245
    0.04348635
   -0.02678941
    0.02677301
   -0.09733454
    0.03411196
    0.02316675
   -0.09930661
    0.03873699
    0.03580099
    0.03458044
   -0.09901238
    0.03475976
    0.03531469
    0.03696128
   -0.48075629
    0.32133897
    0.32124412
   -0.11804126
    0.05687154
    0.05657437
    0.06403365
   -0.08433806
    0.17430114
    0.03873432
    0.07303146
    0.06959951
   -0.13166012
   -0.00324881
    0.06777000
