           1           2  0.58534275099103283     
           1           3  0.58401018093563772     
           1           4  0.59627014755317298     
           1           5  0.59773835094344785     
           2           6   1.2471881546256354     
           6           7   1.1373309511832634     
           7           8   1.5979649638339128     
           2           9   1.2373077496079756     
           8           9   1.1363136569508123     
           3          10   1.2350798639145608     
          10          11   1.1626067227934005     
          11          12   1.5245251895205589     
           3          13   1.2503470017060998     
          12          13   1.1226591748330632     
           4          14   1.2398480540440715     
          14          15   1.1499782010765756     
          15          16   1.5372802016606426     
           4          17   1.2617966174028064     
          16          17   1.1129247086490348     
           5          18   1.2507964130886740     
          18          19   1.1260235002712886     
          19          20   1.6100564534422408     
           5          21   1.2497398349183215     
          20          21   1.1262125744919296     
           6          22   1.3536135833077736     
          21          22   1.3622998011113949     
          22          23  0.96201131545504048     
           9          24   1.3652281593396791     
          10          24   1.3414548907607455     
          24          25  0.96077935922361823     
          13          26   1.3605189971132741     
          14          26   1.3517114157413674     
          26          27  0.95856724451037745     
          17          28   1.3543956422428440     
          18          28   1.3603176853669123     
          28          29  0.96002331205295355     
           8          30   1.0287486690039198     
          30          31  0.98044377144177641     
          30          32  0.97336653516222849     
          30          33  0.97341007046337102     
           7          34   1.0293703736728630     
          34          35  0.97279005650208672     
          34          36  0.97316447998600064     
          34          37  0.98048965396083043     
          11          38   1.0322790889656859     
          38          39  0.97670317515737737     
          38          40  0.96823647919380185     
          38          41  0.97732085770628696     
          12          42   1.1048781410295838     
          42          43  0.95835594589157425     
          42          44   1.8864620751562331     
          44          45  0.97579001261225307     
          44          46  0.97933330199972379     
          15          47   1.0332819342349562     
          47          48  0.97595866461363634     
          47          49  0.96775349849195558     
          47          50  0.97749889207661500     
          16          51   1.1036376962045953     
          51          52  0.95824597804678968     
          51          53   1.8878711859706498     
          53          54  0.97578601698191525     
          53          55  0.97929171282493543     
          19          56   1.0298929456151795     
          56          57  0.97245498250250195     
          56          58  0.97298990349143644     
          56          59  0.98042169107733257     
          20          60   1.0295485883965485     
          60          61  0.98042392253256516     
          60          62  0.97319663492039954     
          60          63  0.97281289847802987     
           1          64  0.26214607158985659     
          64          65  0.88382725448316890     
          64          66  0.88415543691507581     
          67          68  0.97101383414332387     
          67          69  0.97090022955138067     
          67          70  0.98183714304607683     
          71          72  0.94121450668948958     
          67          73   1.0317184035702085     
          71          73   1.1887618021890274     
          71          74   1.2621023148615189     
          73          74  0.11199095267797834     
          74          75  0.95479337732621183     
           1          76  0.50933882501277716     
          74          76   1.4798985779716238     
          73          77   1.5603205365842168     
          76          77   1.2457735076218084     
          77          78  0.95765869633702816     
