    0.44063874
   -0.23358123
   -0.23288727
   -0.20500603
   -0.20579159
    0.04913831
   -0.03100758
   -0.03400781
    0.04506803
    0.04555119
   -0.02560164
   -0.03358024
    0.05241833
    0.05376616
   -0.01996374
   -0.03082260
    0.05896568
    0.05586510
   -0.02811276
   -0.02864241
    0.05342715
   -0.07016466
    0.03655963
   -0.07954180
    0.03182847
   -0.06913216
    0.03597775
   -0.06573698
    0.03759879
   -0.09795432
    0.03361043
    0.03343038
    0.03448755
   -0.09895736
    0.03626268
    0.03559052
    0.03350904
   -0.09965844
    0.03366395
    0.03465213
    0.04202211
   -0.02744348
    0.02481350
   -0.09697341
    0.03343849
    0.02302297
   -0.10051637
    0.03564790
    0.03740950
    0.04348222
   -0.02678716
    0.02676663
   -0.09733407
    0.03411969
    0.02317019
   -0.09930540
    0.03873550
    0.03580022
    0.03458341
   -0.09901563
    0.03476351
    0.03532475
    0.03696135
   -0.48076715
    0.32133757
    0.32125511
   -0.11803878
    0.05684778
    0.05659239
    0.06403168
   -0.08432741
    0.17430047
    0.03873489
    0.07303629
    0.06960592
   -0.13167763
   -0.00324868
    0.06777173
