           1           2  0.58540169583042378     
           1           3  0.58387310502809764     
           1           4  0.59621838651309367     
           1           5  0.59777890645113507     
           2           6   1.2471712174830334     
           6           7   1.1373345961925638     
           7           8   1.5979702728119949     
           2           9   1.2373108840685463     
           8           9   1.1363039288402799     
           3          10   1.2350767086990748     
          10          11   1.1625948282238909     
          11          12   1.5245861351992180     
           3          13   1.2503607658715838     
          12          13   1.1226853105174279     
           4          14   1.2398529334209198     
          14          15   1.1499996418707903     
          15          16   1.5371944490399225     
           4          17   1.2618382182403614     
          16          17   1.1128906364837212     
           5          18   1.2507739210809714     
          18          19   1.1260342501936167     
          19          20   1.6100402189689624     
           5          21   1.2497233135684196     
          20          21   1.1262291167291256     
           6          22   1.3536201390704339     
          21          22   1.3622878903141973     
          22          23  0.96201328022969446     
           9          24   1.3652274266009918     
          10          24   1.3414505032222994     
          24          25  0.96077731998373561     
          13          26   1.3605041612733542     
          14          26   1.3517077151187775     
          26          27  0.95856548267931729     
          17          28   1.3544258018474047     
          18          28   1.3603032833433120     
          28          29  0.96001335298852675     
           8          30   1.0287494322976729     
          30          31  0.98044318062624980     
          30          32  0.97331444677821322     
          30          33  0.97346224148779559     
           7          34   1.0293701563532820     
          34          35  0.97282587343364280     
          34          36  0.97312842654720799     
          34          37  0.98049100219152607     
          11          38   1.0322798490519622     
          38          39  0.97670008889783300     
          38          40  0.96823674956971495     
          38          41  0.97733077713567651     
          12          42   1.1047605916169319     
          42          43  0.95834365680634759     
          42          44   1.8865861695749644     
          44          45  0.97579778426430575     
          44          46  0.97933063668203379     
          15          47   1.0332879490327573     
          47          48  0.97596243191318921     
          47          49  0.96774592594049069     
          47          50  0.97747919174808495     
          16          51   1.1037899957615995     
          51          52  0.95825363242708694     
          51          53   1.8877126217097442     
          53          54  0.97577593927965744     
          53          55  0.97929524123782530     
          19          56   1.0298930709186829     
          56          57  0.97248295589995992     
          56          58  0.97296143144068026     
          56          59  0.98042066967539099     
          20          60   1.0295477469605854     
          60          61  0.97281978533720659     
          60          62  0.98042323316504809     
          60          63  0.97319130257584108     
           1          64  0.26215154295703286     
          64          65  0.88383889483884415     
          64          66  0.88411072517762213     
          67          68  0.97095456318218765     
          67          69  0.97095871357966268     
          67          70  0.98183929273557569     
          71          72  0.94121283487450957     
          67          73   1.0317168268320878     
          71          73   1.1887715290484080     
          71          74   1.2621160612586013     
          73          74  0.11199497623812163     
          74          75  0.95478777367623557     
           1          76  0.50935822664130570     
          74          76   1.4798753837408953     
          73          77   1.5603023119580417     
          76          77   1.2457877513355171     
          77          78  0.95767252883414522     
