           1           2  0.58664438088073201     
           1           3  0.58501122348654511     
           1           4  0.58510683388300644     
           1           5  0.58863037885066705     
           2           6   1.2458994103407033     
           6           7   1.1300806783598989     
           7           8   1.6051843252321811     
           2           9   1.2540973021719748     
           8           9   1.1307616780075864     
           3          10   1.2495769397483696     
          10          11   1.1333754313086650     
          11          12   1.6015368594924078     
           3          13   1.2489701766650272     
          12          13   1.1330522320991756     
           4          14   1.2617297260509617     
          14          15   1.1171023478933138     
          15          16   1.5261191676372512     
           4          17   1.2394388868390971     
          16          17   1.1583104124079973     
           5          18   1.2551741574913462     
          18          19   1.1143086404617022     
          19          20   1.5369648024383449     
           5          21   1.2463975255382749     
          20          21   1.1554616209652036     
           6          22   1.3650409906682333     
          21          22   1.3389108935575553     
          22          23  0.96252310985393819     
           9          24   1.3526112470870357     
          10          24   1.3545360457344442     
          24          25  0.96266252669882557     
          13          26   1.3558259660667067     
          14          26   1.3513446649813265     
          26          27  0.96019259108290378     
          17          28   1.3432108990541911     
          18          28   1.3610968243383050     
          28          29  0.95706197415886185     
           7          30   1.0286108315236457     
          30          31  0.97309702550474864     
          30          32  0.97402936336816948     
          30          33  0.98066581039148937     
           8          34   1.0283986102439031     
          34          35  0.97368268441403893     
          34          36  0.97368093181662729     
          34          37  0.98067390078884786     
          20          38   1.0304575395164939     
          38          39  0.97398881554236982     
          38          40  0.97091575430365240     
          38          41  0.98235016689079635     
          19          42   1.0982594340108442     
          42          43  0.95799931407178129     
          42          44   1.8926879566794825     
          44          45  0.97533474064115810     
          44          46  0.97923799754144536     
          16          47   1.0326984546067188     
          47          48  0.96793010985812877     
          47          49  0.97637459698888773     
          47          50  0.97741841859989398     
          15          51   1.1083121132083880     
          51          52  0.95853897260169196     
          51          53   1.8818597414397076     
          53          54  0.97586992647495818     
          53          55  0.97952401308173487     
          12          56   1.0285375144846884     
          56          57  0.97354888466149969     
          56          58  0.97357695592212057     
          56          59  0.98065662583347835     
          11          60   1.0283333298979871     
          60          61  0.97334311245139749     
          60          62  0.98066466515754069     
          60          63  0.97411913397748484     
          64          65  0.97127844588251733     
          64          66  0.97175935156299920     
          64          67  0.98215849142101241     
          68          69  0.94210749876670286     
          64          70   1.0312648135997207     
          68          70   1.1870305501520539     
          68          71   1.2606553486335590     
          70          71  0.11285205966804245     
          71          72  0.95565518148885764     
           1          73  0.49389575997166285     
          71          73   1.4856262862944707     
          70          74   1.5615655012252538     
          73          74   1.2501716016692945     
          74          75  0.96057181307688611     
          76          77  0.97164187851028783     
          76          78  0.97142943765565137     
          76          79  0.98224896590953747     
          80          81  0.94203567120583742     
          76          82   1.0312193236208291     
          80          82   1.1871728851275882     
          80          83   1.2608166899025446     
          82          83  0.11272814860458708     
          83          84  0.95554890782388013     
           1          85  0.49446244424019126     
          83          85   1.4854789537125714     
          82          86   1.5614395075417189     
          85          86   1.2501158792317120     
          86          87  0.96082549790722493     
