    0.39631925
   -0.21047005
   -0.21653234
   -0.20974103
   -0.20324576
    0.05117588
   -0.03224712
   -0.03251798
    0.04935348
    0.04850325
   -0.03344879
   -0.03313859
    0.04860325
    0.05265587
   -0.03493859
   -0.02306809
    0.05180976
    0.05700204
   -0.03329895
   -0.02600067
    0.05218955
   -0.07083349
    0.03198472
   -0.07422264
    0.03117351
   -0.07354729
    0.03105006
   -0.06995348
    0.03760604
   -0.09716389
    0.03402681
    0.03361504
    0.03187673
   -0.09690255
    0.03193062
    0.03437138
    0.03200566
   -0.09790455
    0.03473484
    0.03466719
    0.03528905
   -0.02573778
    0.02327056
   -0.09718910
    0.03080523
    0.02143971
   -0.09921399
    0.03570326
    0.03419823
    0.04063227
   -0.02683891
    0.02101622
   -0.09874977
    0.03280959
    0.01984905
   -0.09674263
    0.03456407
    0.03243996
    0.03179814
   -0.09679630
    0.03224441
    0.03190065
    0.03386024
   -0.11609987
    0.05468112
    0.05407023
    0.06211120
   -0.08661944
    0.17143299
    0.03692727
    0.07468636
    0.06692880
   -0.12549567
   -0.00133601
    0.06446414
   -0.11597400
    0.05407059
    0.05467961
    0.06157260
   -0.08644768
    0.17166603
    0.03682323
    0.07478709
    0.06733246
   -0.12514737
   -0.00126387
    0.06411891
