           1           2  0.59754260934940029     
           1           3  0.59387614517912124     
           1           4  0.59012652523506748     
           1           5  0.58540179921098379     
           2           6   1.2517043840212350     
           6           7   1.1281837303248061     
           7           8   1.6083102695129523     
           2           9   1.2434341511631977     
           8           9   1.1277319568200075     
           3          10   1.2472329823167640     
          10          11   1.1533030743180177     
          11          12   1.5402162117130671     
           3          13   1.2524768017542633     
          12          13   1.1137434359906522     
           4          14   1.2350141276222830     
          14          15   1.1618033475042298     
          15          16   1.5297306471450232     
           4          17   1.2511633120061962     
          16          17   1.1215447331023887     
           5          18   1.2408973403915262     
          18          19   1.1355935729391839     
          19          20   1.5990677787785907     
           5          21   1.2453867674274111     
          20          21   1.1363392893871429     
           6          22   1.3578700754402702     
          21          22   1.3568597908626705     
          22          23  0.96216189166262711     
           9          24   1.3696831090360206     
          10          24   1.3401116785227036     
          24          25  0.96206451427259598     
          13          26   1.3658232153216112     
          14          26   1.3456575820608434     
          26          27  0.95824603631334748     
          17          28   1.3516571589749109     
          18          28   1.3598552293837507     
          28          29  0.95846949428660189     
           8          30   1.0294097675512544     
          30          31  0.98047191235416542     
          30          32  0.97284611774370333     
          30          33  0.97325543482001153     
           7          34   1.0294182904214559     
          34          35  0.97307856323043018     
          34          36  0.97302345052819961     
          34          37  0.98048902139851668     
          11          38   1.0311476019671031     
          38          39  0.97297887589772269     
          38          40  0.97097928400804268     
          38          41  0.98227060154880252     
          12          42   1.0969881824391181     
          42          43  0.95780807909032106     
          42          44   1.8949347761211925     
          44          45  0.97522801211933863     
          44          46  0.97910849734901451     
          15          47   1.0315752467871981     
          47          48  0.97044986596458715     
          47          49  0.97255633934438168     
          47          50  0.98236351873072714     
          16          51   1.0983362598369519     
          51          52  0.95808291129240963     
          51          53   1.8931238441212364     
          53          54  0.97517347327724779     
          53          55  0.97916402795785129     
          19          56   1.0293125939496581     
          56          57  0.97259686206158791     
          56          58  0.97344776496743302     
          56          59  0.98053107646815607     
          20          60   1.0291898451364885     
          60          61  0.98056158479918143     
          60          62  0.97367875304164275     
          60          63  0.97263247352136728     
           1          64  0.26127776609753056     
          64          65  0.88425927504900848     
          64          66  0.88396852568740902     
          67          68  0.97103774129391507     
          67          69  0.97095148280553778     
          67          70  0.98189505537913058     
          71          72  0.94118595561372453     
          67          73   1.0317320569573343     
          71          73   1.1887341625300927     
          71          74   1.2621748181764338     
          73          74  0.11248003787921754     
          74          75  0.95344531935254728     
           1          76  0.50912180622102277     
          74          76   1.4785025182189295     
          73          77   1.5595753949174154     
          76          77   1.2467697561757112     
          77          78  0.95989496476944958     
