    0.44250882
   -0.21372775
   -0.20881171
   -0.22490408
   -0.22941272
    0.05133548
   -0.02953396
   -0.02981054
    0.05287043
    0.05307701
   -0.02436039
   -0.03127356
    0.05786149
    0.05072598
   -0.02470940
   -0.03499543
    0.05151867
    0.04829130
   -0.03191986
   -0.03098395
    0.04912958
   -0.07203168
    0.03545802
   -0.06947681
    0.03684809
   -0.06782206
    0.04222093
   -0.07605459
    0.03842796
   -0.09900105
    0.03428990
    0.03367950
    0.03846761
   -0.09884164
    0.03686200
    0.03486979
    0.03417262
   -0.09959113
    0.03915196
    0.03445562
    0.03744574
   -0.02575875
    0.02667330
   -0.09689343
    0.03173286
    0.02402722
   -0.10001697
    0.03810023
    0.03725102
    0.03695188
   -0.02661679
    0.02509270
   -0.09705311
    0.03085695
    0.02346076
   -0.09857123
    0.03556518
    0.03539071
    0.03352724
   -0.09872187
    0.03369328
    0.03516989
    0.03543770
   -0.48131482
    0.32149834
    0.32105051
   -0.11776581
    0.05660360
    0.05642093
    0.06368798
   -0.08393656
    0.17429674
    0.03829662
    0.07291062
    0.06968059
   -0.13139926
   -0.00287554
    0.06714111
