           1           2  0.59854376228709216     
           1           3  0.59679921015246518     
           1           4  0.58509287076546135     
           1           5  0.58387719560092022     
           2           6   1.2507958047286363     
           6           7   1.1277216350704000     
           7           8   1.6088646877510728     
           2           9   1.2462089163785137     
           8           9   1.1270194343307887     
           3          10   1.2461486074723276     
          10          11   1.1504964380517726     
          11          12   1.5373214488210083     
           3          13   1.2546402010499738     
          12          13   1.1113009388085779     
           4          14   1.2344087672636632     
          14          15   1.1610433648980512     
          15          16   1.5253779728633721     
           4          17   1.2538018167989078     
          16          17   1.1215070234326214     
           5          18   1.2426320496254888     
          18          19   1.1373799149404702     
          19          20   1.5965125761205825     
           5          21   1.2428072833819372     
          20          21   1.1384481352343350     
           6          22   1.3572148038977225     
          21          22   1.3550243987150130     
          22          23  0.96222233585715555     
           9          24   1.3684280986100106     
          10          24   1.3450351207454141     
          24          25  0.96050654574766114     
          13          26   1.3654374242396687     
          14          26   1.3443827191031203     
          26          27  0.95851808235840896     
          17          28   1.3553205458336746     
          18          28   1.3588322441291258     
          28          29  0.96012846142983210     
           8          30   1.0298641589623339     
          30          31  0.98042792976969739     
          30          32  0.97258207122533669     
          30          33  0.97291729777728408     
           7          34   1.0291588602748516     
          34          35  0.97312206235601351     
          34          36  0.97333338649209178     
          34          37  0.98041602485147594     
          11          38   1.0334525470878035     
          38          39  0.97648135717521856     
          38          40  0.96721029651165458     
          38          41  0.97733430680043454     
          12          42   1.1048522616490977     
          42          43  0.95839599055925906     
          42          44   1.8865522983846628     
          44          45  0.97570485778848104     
          44          46  0.97932553005627709     
          15          47   1.0329658395392247     
          47          48  0.96762769994407882     
          47          49  0.97644319080917397     
          47          50  0.97719705244690058     
          16          51   1.1052863808610425     
          51          52  0.95870757548379304     
          51          53   1.8858840482117623     
          53          54  0.97572725646230385     
          53          55  0.97936501445916035     
          19          56   1.0293313050933905     
          56          57  0.97341344107089800     
          56          58  0.97261472035174390     
          56          59  0.98046239126743551     
          20          60   1.0288537445734678     
          60          61  0.97358285432741198     
          60          62  0.98051129382110513     
          60          63  0.97306107734756109     
           1          64  0.26259776416165370     
          64          65  0.88424204159048858     
          64          66  0.88377460517670237     
          67          68  0.97073805223269338     
          67          69  0.97117910693207099     
          67          70  0.98186250798812247     
          71          72  0.94124093377579066     
          67          73   1.0317530034844677     
          71          73   1.1886598528242465     
          71          74   1.2621891032655455     
          73          74  0.11217170540183335     
          74          75  0.95384568481638843     
           1          76  0.50967186924467844     
          74          76   1.4790667399756616     
          73          77   1.5599819545676521     
          76          77   1.2462401169644777     
          77          78  0.95872220741339398     
