    0.44119405
   -0.21089674
   -0.20427050
   -0.22756698
   -0.23442474
    0.05031475
   -0.03055137
   -0.02795502
    0.05522109
    0.05613711
   -0.01897313
   -0.03184325
    0.05644244
    0.04967917
   -0.02333387
   -0.03396806
    0.05166270
    0.04805797
   -0.03187579
   -0.03318525
    0.04618720
   -0.07577024
    0.03430354
   -0.06430062
    0.03903443
   -0.07062706
    0.03492227
   -0.07373769
    0.03376622
   -0.09947695
    0.03447506
    0.03917547
    0.03522126
   -0.09853106
    0.03326912
    0.03711235
    0.03450526
   -0.10112208
    0.03493550
    0.03985450
    0.04276586
   -0.02697474
    0.02382130
   -0.09686731
    0.03568857
    0.02302253
   -0.10043385
    0.03674939
    0.03553789
    0.04205892
   -0.02756737
    0.02345861
   -0.09702537
    0.03451395
    0.02247918
   -0.09837377
    0.03566667
    0.03533358
    0.03337522
   -0.09834801
    0.03316083
    0.03366175
    0.03589763
   -0.48055972
    0.32109266
    0.32161246
   -0.11785477
    0.05688188
    0.05641400
    0.06386195
   -0.08417809
    0.17417492
    0.03855771
    0.07269380
    0.06983306
   -0.13163643
   -0.00299307
    0.06743710
