           1           2  0.58543240210701297     
           1           3  0.58389454016368458     
           1           4  0.59617161518953898     
           1           5  0.59778058897808317     
           2           6   1.2472136928721584     
           6           7   1.1372989810943928     
           7           8   1.5980220217956889     
           2           9   1.2373113574088157     
           8           9   1.1362699309755797     
           3          10   1.2350573187907046     
          10          11   1.1626190264918703     
          11          12   1.5245756873987040     
           3          13   1.2503359256994420     
          12          13   1.1227134786724489     
           4          14   1.2398533396040627     
          14          15   1.1499728575920056     
          15          16   1.5373091062512469     
           4          17   1.2618096817199056     
          16          17   1.1129415769498976     
           5          18   1.2508029564307415     
          18          19   1.1259926561285500     
          19          20   1.6100936687827638     
           5          21   1.2497472636263054     
          20          21   1.1261881959113140     
           6          22   1.3536075674613126     
          21          22   1.3623128915367457     
          22          23  0.96200953443389337     
           9          24   1.3652470892085933     
          10          24   1.3414343077289199     
          24          25  0.96078871856991843     
          13          26   1.3604743461272235     
          14          26   1.3517192164350502     
          26          27  0.95857959718319663     
          17          28   1.3543950534567493     
          18          28   1.3603237293818917     
          28          29  0.96002935841316117     
           8          30   1.0287493286193738     
          30          31  0.98044291375115455     
          30          32  0.97333663997849929     
          30          33  0.97344165709906494     
           7          34   1.0293726538352188     
          34          35  0.97280185697236277     
          34          36  0.97314813920483734     
          34          37  0.98049019075126997     
          11          38   1.0322726737192784     
          38          39  0.97670853573433980     
          38          40  0.96824176464850265     
          38          41  0.97733711849692750     
          12          42   1.1047374943192008     
          42          43  0.95835113710582509     
          42          44   1.8866085186121040     
          44          45  0.97580090056258939     
          44          46  0.97933057339638985     
          15          47   1.0332801329439314     
          47          48  0.97595593894321309     
          47          49  0.96775815697794865     
          47          50  0.97750159608367504     
          16          51   1.1035993388236207     
          51          52  0.95824832401661952     
          51          53   1.8879134280451086     
          53          54  0.97578809392915766     
          53          55  0.97929094573280184     
          19          56   1.0298924727792063     
          56          57  0.97249217090641993     
          56          58  0.97295426624467862     
          56          59  0.98042122717447300     
          20          60   1.0295506464398667     
          60          61  0.98042301021307388     
          60          62  0.97317791200421055     
          60          63  0.97283013940946095     
           1          64  0.26214126932499970     
          64          65  0.88383847293259032     
          64          66  0.88410696101279385     
          67          68  0.97086676390909965     
          67          69  0.97104702552259836     
          67          70  0.98184018685415786     
          71          72  0.94121293503365833     
          67          73   1.0317150314763084     
          71          73   1.1887748611013818     
          71          74   1.2621143343391958     
          73          74  0.11199325626654512     
          74          75  0.95479617241896075     
           1          76  0.50932515972950554     
          74          76   1.4798906516086472     
          73          77   1.5603040103149306     
          76          77   1.2457891056344328     
          77          78  0.95767519563495118     
