    0.44067980
   -0.23355808
   -0.23292424
   -0.20504373
   -0.20579305
    0.04915383
   -0.03099885
   -0.03400417
    0.04506387
    0.04552891
   -0.02561183
   -0.03359314
    0.05240832
    0.05376470
   -0.01997277
   -0.03081913
    0.05897813
    0.05586986
   -0.02811596
   -0.02863509
    0.05343082
   -0.07014505
    0.03656477
   -0.07954616
    0.03181993
   -0.06914451
    0.03596566
   -0.06573393
    0.03760563
   -0.09795523
    0.03361153
    0.03343206
    0.03448725
   -0.09895802
    0.03626899
    0.03558914
    0.03351020
   -0.09964960
    0.03366047
    0.03465017
    0.04201508
   -0.02744679
    0.02481213
   -0.09696974
    0.03343541
    0.02302488
   -0.10051260
    0.03564371
    0.03740260
    0.04348010
   -0.02678326
    0.02677279
   -0.09732546
    0.03411435
    0.02317172
   -0.09930579
    0.03873591
    0.03579961
    0.03458543
   -0.09901777
    0.03476498
    0.03533115
    0.03696276
   -0.48077623
    0.32132300
    0.32127652
   -0.11804105
    0.05695400
    0.05649675
    0.06402856
   -0.08432969
    0.17430541
    0.03873475
    0.07303341
    0.06960456
   -0.13165857
   -0.00324365
    0.06775951
