    0.44081568
   -0.23241356
   -0.20328423
   -0.20652373
   -0.23501698
    0.04500770
   -0.03371920
   -0.03097974
    0.04973969
    0.05419243
   -0.01977275
   -0.03078070
    0.05895844
    0.05601376
   -0.01995174
   -0.03125606
    0.05593691
    0.04839471
   -0.03118453
   -0.03400503
    0.04519418
   -0.08001963
    0.03200307
   -0.06886564
    0.03668323
   -0.06526223
    0.03740487
   -0.07036832
    0.03577615
   -0.09894667
    0.03357992
    0.03620239
    0.03575921
   -0.09798713
    0.03310641
    0.03487193
    0.03358173
   -0.10076325
    0.03586623
    0.04353139
    0.03691865
   -0.02687150
    0.02701676
   -0.09735181
    0.03396010
    0.02321392
   -0.10094009
    0.03500121
    0.03997574
    0.04259500
   -0.02676270
    0.02397381
   -0.09685527
    0.02292299
    0.03583892
   -0.09879106
    0.03560806
    0.03660097
    0.03348039
   -0.09795459
    0.03309795
    0.03359720
    0.03468001
   -0.48052459
    0.32143628
    0.32128568
   -0.11804353
    0.05687313
    0.05651255
    0.06412573
   -0.08443812
    0.17414529
    0.03873140
    0.07281496
    0.06964176
   -0.13151782
   -0.00320513
    0.06768884
