           1           2  0.59793329579666654     
           1           3  0.59702900826439276     
           1           4  0.58357119590335027     
           1           5  0.58450095014547987     
           2           6   1.2512778321092510     
           6           7   1.1276700384106682     
           7           8   1.6089045965142068     
           2           9   1.2464799426974538     
           8           9   1.1269182834737217     
           3          10   1.2458987871519156     
          10          11   1.1507244719216121     
          11          12   1.5371032799229976     
           3          13   1.2543895204995477     
          12          13   1.1113984818657401     
           4          14   1.2347760941391139     
          14          15   1.1607375408187071     
          15          16   1.5268179913988795     
           4          17   1.2540950978364243     
          16          17   1.1215778223393511     
           5          18   1.2426473085485070     
          18          19   1.1370654831852636     
          19          20   1.5968675980615541     
           5          21   1.2428617905603221     
          20          21   1.1381311275718466     
           6          22   1.3568748196946283     
          21          22   1.3554795009485656     
          22          23  0.96220462381457517     
           9          24   1.3682498810328210     
          10          24   1.3451899211659959     
          24          25  0.96041748265162297     
          13          26   1.3655567172047931     
          14          26   1.3442898987440286     
          26          27  0.95852334806608952     
          17          28   1.3553155956230361     
          18          28   1.3589089701870052     
          28          29  0.96007551735033947     
           8          30   1.0298533200028746     
          30          31  0.98042439026871175     
          30          32  0.97242773308703268     
          30          33  0.97309201929058520     
           7          34   1.0291648368416086     
          34          35  0.97334613519883983     
          34          36  0.97309432163988208     
          34          37  0.98041963948216337     
          11          38   1.0334904922399408     
          38          39  0.97629734201096852     
          38          40  0.96722198064870091     
          38          41  0.97738371791032130     
          12          42   1.1048291137833115     
          42          43  0.95830788786188925     
          42          44   1.8865804584114201     
          44          45  0.97570980474718527     
          44          46  0.97932578703774664     
          15          47   1.0328508118124458     
          47          48  0.97620886812123220     
          47          49  0.96776409296558508     
          47          50  0.97761418527042254     
          16          51   1.1035096904279482     
          51          52  0.95840703492951984     
          51          53   1.8878015275090301     
          53          54  0.97576368589214424     
          53          55  0.97931929770437898     
          19          56   1.0293339177541740     
          56          57  0.97299730678903351     
          56          58  0.97300958584605035     
          56          59  0.98045901686466563     
          20          60   1.0288940486683211     
          60          61  0.98049083993402131     
          60          62  0.97322233922620516     
          60          63  0.97336367285652825     
           1          64  0.26288377598814128     
          64          65  0.88426943721964113     
          64          66  0.88377241849670907     
          67          68  0.97096451911504933     
          67          69  0.97095459549729557     
          67          70  0.98186081435838424     
          71          72  0.94125159620795629     
          67          73   1.0317542572014398     
          71          73   1.1886476600063940     
          71          74   1.2620402615645196     
          73          74  0.11216591525559874     
          74          75  0.95376203576706831     
           1          76  0.51008208687466539     
          74          76   1.4790037443288995     
          73          77   1.5599877947067800     
          76          77   1.2461464474630903     
          77          78  0.95878043792548229     
