    0.44088485
   -0.21043465
   -0.20480205
   -0.22782430
   -0.23394898
    0.05056399
   -0.03053575
   -0.02800980
    0.05516266
    0.05620052
   -0.01896209
   -0.03188429
    0.05622857
    0.04951653
   -0.02344993
   -0.03394310
    0.05199967
    0.04783112
   -0.03192475
   -0.03305408
    0.04652246
   -0.07529761
    0.03450568
   -0.06430142
    0.03902036
   -0.07117874
    0.03487170
   -0.07390735
    0.03369761
   -0.09945277
    0.03446855
    0.03916459
    0.03516535
   -0.09854245
    0.03318075
    0.03727361
    0.03449002
   -0.10113272
    0.03491778
    0.03989103
    0.04274921
   -0.02677445
    0.02323835
   -0.09684790
    0.03571226
    0.02304918
   -0.10017184
    0.03416751
    0.03741400
    0.04200071
   -0.02745735
    0.02395555
   -0.09715401
    0.03444075
    0.02266419
   -0.09839984
    0.03520357
    0.03579796
    0.03345475
   -0.09840929
    0.03370359
    0.03596399
    0.03334745
   -0.48041047
    0.32126188
    0.32146655
   -0.11785949
    0.05670182
    0.05652421
    0.06386031
   -0.08419634
    0.17414677
    0.03850593
    0.07258402
    0.06994138
   -0.13143848
   -0.00302286
    0.06731588
