           1           2  0.59789407279048534     
           1           3  0.59708669296782890     
           1           4  0.58392822906847330     
           1           5  0.58419814716195240     
           2           6   1.2511257839785770     
           6           7   1.1277908082110206     
           7           8   1.6087746250432791     
           2           9   1.2463972576363942     
           8           9   1.1270382338595060     
           3          10   1.2460170546240188     
          10          11   1.1505441505787979     
          11          12   1.5372633613259095     
           3          13   1.2545593869077802     
          12          13   1.1112816240345065     
           4          14   1.2347507984353929     
          14          15   1.1607211211921153     
          15          16   1.5268204151653153     
           4          17   1.2540505276718144     
          16          17   1.1214765065881840     
           5          18   1.2426756200722835     
          18          19   1.1371764868601029     
          19          20   1.5967343662571796     
           5          21   1.2427957789866777     
          20          21   1.1382522180753492     
           6          22   1.3568998046666170     
          21          22   1.3553736670588283     
          22          23  0.96221190699978754     
           9          24   1.3682301129385093     
          10          24   1.3452202819050905     
          24          25  0.96042465868385252     
          13          26   1.3655342458966266     
          14          26   1.3443679601521936     
          26          27  0.95852019322131710     
          17          28   1.3553484405232712     
          18          28   1.3588725146977672     
          28          29  0.96002484091179185     
           8          30   1.0298571389950337     
          30          31  0.97305059194187926     
          30          32  0.98042585921775571     
          30          33  0.97246062719724968     
           7          34   1.0291542051800531     
          34          35  0.97332622876472785     
          34          36  0.97312506839123525     
          34          37  0.98042089303536661     
          11          38   1.0334927695648082     
          38          39  0.97634789899112540     
          38          40  0.96720442837557064     
          38          41  0.97735249284298331     
          12          42   1.1048468967452085     
          42          43  0.95834872551484451     
          42          44   1.8865672772627133     
          44          45  0.97570807989432895     
          44          46  0.97932631082251564     
          15          47   1.0328750433834379     
          47          48  0.97617014138638303     
          47          49  0.96774523192667483     
          47          50  0.97762496865836668     
          16          51   1.1035940320521374     
          51          52  0.95836457506177619     
          51          53   1.8877156993364426     
          53          54  0.97576692589982728     
          53          55  0.97932132155635321     
          19          56   1.0293342925953075     
          56          57  0.97306320741950381     
          56          58  0.97294319119001071     
          56          59  0.98046374157595784     
          20          60   1.0288749404976272     
          60          61  0.97349588066023318     
          60          62  0.98049603076442482     
          60          63  0.97311304485497818     
           1          64  0.26289788071795178     
          64          65  0.88418288117347399     
          64          66  0.88385604201975942     
          67          68  0.97072701471213785     
          67          69  0.97119619747315677     
          67          70  0.98185723715440587     
          71          72  0.94125353149936142     
          67          73   1.0317530205274241     
          71          73   1.1886371941768974     
          71          74   1.2620485861399449     
          73          74  0.11215561705045939     
          74          75  0.95379618463132854     
           1          76  0.50991392897345100     
          74          76   1.4790884102117325     
          73          77   1.5600132047591040     
          76          77   1.2461582912139135     
          77          78  0.95874130950659042     
