    0.44071164
   -0.23368278
   -0.23283077
   -0.20494543
   -0.20591780
    0.04909064
   -0.03102485
   -0.03400656
    0.04507342
    0.04553548
   -0.02560109
   -0.03356415
    0.05248159
    0.05380706
   -0.01995123
   -0.03081726
    0.05898139
    0.05585936
   -0.02812073
   -0.02866209
    0.05337765
   -0.07022636
    0.03652714
   -0.07954039
    0.03183024
   -0.06906697
    0.03599080
   -0.06573564
    0.03760249
   -0.09795616
    0.03360428
    0.03343909
    0.03448502
   -0.09895073
    0.03624375
    0.03557974
    0.03350693
   -0.09964930
    0.03366149
    0.03464752
    0.04202583
   -0.02743928
    0.02482850
   -0.09697641
    0.03343487
    0.02302539
   -0.10051841
    0.03566228
    0.03740574
    0.04348576
   -0.02678517
    0.02677459
   -0.09732806
    0.03412112
    0.02317280
   -0.09930757
    0.03873307
    0.03580440
    0.03457916
   -0.09900937
    0.03475829
    0.03532155
    0.03693687
   -0.48076194
    0.32133143
    0.32127174
   -0.11804254
    0.05688155
    0.05656753
    0.06403372
   -0.08433092
    0.17430385
    0.03874110
    0.07299825
    0.06959816
   -0.13159948
   -0.00326709
    0.06778227
