           1           2  0.58510342595958087     
           1           3  0.59412327428148337     
           1           4  0.59967137476841681     
           1           5  0.58483902769261686     
           2           6   1.2461151486314519     
           6           7   1.1370536132351909     
           7           8   1.5979629654656746     
           2           9   1.2373931042407538     
           8           9   1.1367931790527877     
           3          10   1.2438051414027620     
          10          11   1.1535641704024246     
          11          12   1.5400792622940995     
           3          13   1.2552700982388738     
          12          13   1.1147018533793180     
           4          14   1.2402493305979363     
          14          15   1.1503409507686433     
          15          16   1.5361963473000264     
           4          17   1.2597751598498532     
          16          17   1.1124863647181131     
           5          18   1.2435995825319248     
          18          19   1.1358618545350023     
          19          20   1.5991287011979858     
           5          21   1.2440303245070037     
          20          21   1.1357190084589632     
           6          22   1.3549260336009925     
          21          22   1.3589324230532425     
          22          23  0.96218529236879657     
           9          24   1.3657296197612923     
          10          24   1.3424471587064164     
          24          25  0.96220900529873754     
          13          26   1.3617056757132506     
          14          26   1.3513060293517623     
          26          27  0.95654958001706747     
          17          28   1.3556843891533714     
          18          28   1.3573315328559374     
          28          29  0.96033990594272556     
           8          30   1.0289135754174439     
          30          31  0.98049475031322120     
          30          32  0.97298480040627455     
          30          33  0.97356645769649330     
           7          34   1.0290992683690026     
          34          35  0.97327318256724216     
          34          36  0.97304653889949710     
          34          37  0.98050701908654103     
          11          38   1.0308732475121543     
          38          39  0.97329089460927665     
          38          40  0.97105655292501492     
          38          41  0.98222335064064925     
          12          42   1.0965882942706437     
          42          43  0.95774550748454423     
          42          44   1.8955833469048493     
          44          45  0.97507423018396666     
          44          46  0.97906396072257174     
          15          47   1.0337812431357685     
          47          48  0.97596908169273755     
          47          49  0.96726711473355742     
          47          50  0.97712709862618363     
          16          51   1.1051483517918186     
          51          52  0.95869568403447769     
          51          53   1.8861209801183496     
          53          54  0.97576408604354403     
          53          55  0.97935172467710596     
          19          56   1.0293725889568155     
          56          57  0.97267380545878501     
          56          58  0.97328985010747870     
          56          59  0.98048702324717818     
          20          60   1.0291120115441297     
          60          61  0.97294182183401479     
          60          62  0.98048637398905458     
          60          63  0.97346981326003557     
           1          64  0.26192994203713954     
          64          65  0.88362349963891662     
          64          66  0.88404745763687398     
          67          68  0.97082442922402568     
          67          69  0.97114138872174971     
          67          70  0.98186094216402398     
          71          72  0.94123474958648601     
          67          73   1.0317192977985568     
          71          73   1.1887721053233360     
          71          74   1.2618526718148928     
          73          74  0.11226624701684729     
          74          75  0.95424873173345826     
           1          76  0.51013991840012318     
          74          76   1.4788970052053951     
          73          77   1.5599377518053754     
          76          77   1.2460993835817451     
          77          78  0.95872270543886584     
