    0.39328012
   -0.20968322
   -0.20872529
   -0.20909429
   -0.21024008
    0.04902777
   -0.03347958
   -0.03106955
    0.05159995
    0.05208712
   -0.02230365
   -0.03592202
    0.05232968
    0.04959302
   -0.02498551
   -0.03334916
    0.05510486
    0.05179184
   -0.03073082
   -0.03391183
    0.04888797
   -0.07636783
    0.03001146
   -0.06864062
    0.03326245
   -0.07524910
    0.02959271
   -0.06830405
    0.03309830
   -0.09736090
    0.03359330
    0.03211398
    0.03486520
   -0.09671399
    0.03191945
    0.03376371
    0.03203964
   -0.09899690
    0.03359812
    0.03496292
    0.04098520
   -0.02730788
    0.02229144
   -0.09911401
    0.03187801
    0.02001118
   -0.09838697
    0.03185868
    0.04035216
    0.03531343
   -0.02658081
    0.02280790
   -0.09828871
    0.03282856
    0.02031389
   -0.09731990
    0.03459616
    0.03476804
    0.03201362
   -0.09663372
    0.03214131
    0.03361074
    0.03168124
   -0.11595448
    0.05443306
    0.05427844
    0.06146342
   -0.08629995
    0.17196405
    0.03663779
    0.07530191
    0.06802712
   -0.12587668
   -0.00154647
    0.06483927
   -0.11604612
    0.05462614
    0.05419366
    0.06208339
   -0.08651582
    0.17152476
    0.03688481
    0.07491485
    0.06765946
   -0.12562941
   -0.00123078
    0.06505284
