           1           2  0.58929634797355390     
           1           3  0.58845096887863324     
           1           4  0.58610968355650184     
           1           5  0.58810353202456311     
           2           6   1.2530598320264079     
           6           7   1.1308566382866736     
           7           8   1.6053100067767838     
           2           9   1.2464400024183446     
           8           9   1.1297734930208077     
           3          10   1.2442788905594457     
          10          11   1.1575741448344745     
          11          12   1.5279572863429496     
           3          13   1.2555445964785226     
          12          13   1.1155546038519932     
           4          14   1.2394175893307480     
          14          15   1.1576665946539269     
          15          16   1.5278355191288686     
           4          17   1.2623874637973016     
          16          17   1.1170889731149001     
           5          18   1.2507930892470358     
          18          19   1.1308637936636696     
          19          20   1.6037763522253130     
           5          21   1.2495457958140237     
          20          21   1.1317741487970867     
           6          22   1.3505882733240453     
          21          22   1.3533895206010058     
          22          23  0.96273127487247845     
           9          24   1.3663772467575146     
          10          24   1.3405317172669351     
          24          25  0.96089462736484199     
          13          26   1.3587642225470185     
          14          26   1.3413440607630018     
          26          27  0.95888454668169765     
          17          28   1.3522970911032575     
          18          28   1.3581820799307545     
          28          29  0.96027167039196526     
           8          30   1.0288397718305871     
          30          31  0.97337797516889035     
          30          32  0.98060886183850293     
          30          33  0.97343987613312244     
           7          34   1.0282543940740427     
          34          35  0.97381945604612530     
          34          36  0.97371486231694226     
          34          37  0.98062790389047794     
          11          38   1.0324093285646034     
          38          39  0.97656781413871430     
          38          40  0.96826174723753655     
          38          41  0.97760854535241337     
          12          42   1.1074531401543686     
          42          43  0.95859686055633331     
          42          44   1.8824965430181604     
          44          45  0.97596752475391646     
          44          46  0.97950700749725828     
          15          47   1.0320503302846535     
          47          48  0.97681162400962451     
          47          49  0.97755204033472742     
          47          50  0.96834551361693699     
          16          51   1.1068313038723363     
          51          52  0.95859431580584831     
          51          53   1.8837103416919103     
          53          54  0.97585818602158647     
          53          55  0.97947267986512609     
          19          56   1.0290231473986671     
          56          57  0.97355937500859646     
          56          58  0.97299299879103918     
          56          59  0.98060997144120632     
          20          60   1.0281841059908803     
          60          61  0.98063763245462443     
          60          62  0.97363895397547384     
          60          63  0.97400069458884331     
          64          65  0.97155067299475140     
          64          66  0.97154858007759060     
          64          67  0.98227452157902573     
          68          69  0.94191401722454504     
          64          70   1.0312057647881303     
          68          70   1.1869246709324268     
          68          71   1.2624425209385028     
          70          71  0.11261495415741461     
          71          72  0.95439186735746195     
           1          73  0.48924154921997437     
          71          73   1.4875667047441590     
          70          74   1.5616429602605835     
          73          74   1.2511564975539269     
          74          75  0.96019625191239699     
          76          77  0.97128564917811222     
          76          78  0.97170437801348186     
          76          79  0.98215864669054853     
          80          81  0.94205421393192368     
          76          82   1.0313108947458460     
          80          82   1.1867829437682293     
          80          83   1.2617720008893492     
          82          83  0.11277733552281176     
          83          84  0.95459925181968996     
           1          85  0.49033061120535554     
          83          85   1.4872476624372901     
          82          86   1.5617248023410302     
          85          86   1.2510373699024790     
          86          87  0.96012473988798441     
