    0.44072399
   -0.23353206
   -0.23297316
   -0.20513207
   -0.20571645
    0.04919909
   -0.03098341
   -0.03400770
    0.04504120
    0.04553818
   -0.02561096
   -0.03359784
    0.05238471
    0.05371362
   -0.01999468
   -0.03082830
    0.05896059
    0.05587410
   -0.02810661
   -0.02862338
    0.05346171
   -0.07008905
    0.03658508
   -0.07955832
    0.03183858
   -0.06919202
    0.03593340
   -0.06572399
    0.03761249
   -0.09795704
    0.03448100
    0.03361475
    0.03344580
   -0.09896256
    0.03628250
    0.03559205
    0.03351452
   -0.09964697
    0.03366456
    0.03464382
    0.04201136
   -0.02744396
    0.02479807
   -0.09697810
    0.03343033
    0.02301848
   -0.10051125
    0.03562810
    0.03739348
    0.04347507
   -0.02678621
    0.02677805
   -0.09732554
    0.03410638
    0.02317105
   -0.09930966
    0.03873553
    0.03580747
    0.03459259
   -0.09902197
    0.03476699
    0.03533583
    0.03697611
   -0.48077987
    0.32134840
    0.32125173
   -0.11804092
    0.05694063
    0.05651591
    0.06403127
   -0.08433364
    0.17430931
    0.03873813
    0.07304366
    0.06958361
   -0.13164694
   -0.00323586
    0.06775723
