    0.65652432
   -0.22271896
   -0.22646729
   -0.21786740
   -0.21704603
    0.06625318
   -0.02044992
   -0.02017726
    0.06261198
    0.06419234
   -0.01196159
   -0.02194145
    0.07560186
    0.07243169
   -0.01101719
   -0.01865009
    0.07045567
    0.06688498
   -0.01624493
   -0.01867899
    0.06853331
   -0.06240784
    0.05286717
   -0.06554642
    0.04807927
   -0.05841527
    0.05075030
   -0.05859489
    0.05228988
   -0.10302100
    0.04249467
    0.04683994
    0.04120014
   -0.10330848
    0.04227668
    0.04659236
    0.04226003
   -0.10389775
    0.04199314
    0.04444448
    0.05102909
   -0.02647804
    0.03592521
   -0.09261376
    0.03896352
    0.03236247
   -0.10466165
    0.04042601
    0.05099334
    0.04966612
   -0.02590451
    0.03230527
   -0.09020849
    0.03364983
    0.04473167
   -0.10366839
    0.04475907
    0.04766012
    0.04340768
   -0.10344525
    0.04333616
    0.04612149
    0.04361651
   -0.06112783
    0.06883061
    0.06973021
    0.06821930
   -0.18500811
    0.16451027
   -0.15665426
   -0.27763830
