    0.65681249
   -0.22324797
   -0.22606263
   -0.21778928
   -0.21669989
    0.06639492
   -0.02046433
   -0.02010976
    0.06268583
    0.06376146
   -0.01204585
   -0.02209958
    0.07500202
    0.07314624
   -0.01073563
   -0.01856034
    0.07098109
    0.06679462
   -0.01619393
   -0.01866131
    0.06834339
   -0.06251600
    0.05287663
   -0.06560838
    0.04808343
   -0.05841756
    0.05057597
   -0.05878392
    0.05210946
   -0.10301327
    0.04251095
    0.04680958
    0.04120917
   -0.10329685
    0.04218235
    0.04659934
    0.04227721
   -0.10392981
    0.04210056
    0.04441080
    0.05104170
   -0.02632717
    0.03532411
   -0.09254365
    0.03908179
    0.03251797
   -0.10468047
    0.04634771
    0.05143814
    0.04382320
   -0.02549035
    0.03519702
   -0.09142754
    0.04120491
    0.03348840
   -0.10375186
    0.04533046
    0.04732404
    0.04344046
   -0.10347557
    0.04339121
    0.04625029
    0.04356406
   -0.15654106
   -0.27743964
   -0.06125734
    0.06894948
    0.06980284
    0.06829115
   -0.18488107
    0.16457556
