    0.43024186
   -0.22738641
   -0.21672278
   -0.21264207
   -0.22474135
    0.04857814
   -0.03448357
   -0.03161856
    0.05104388
    0.05235212
   -0.03067752
   -0.02872959
    0.05498839
    0.05863383
   -0.03123994
   -0.02084044
    0.05389484
    0.05817978
   -0.03261831
   -0.02888587
    0.04916833
   -0.07739030
    0.02964221
   -0.07235347
    0.03280487
   -0.06745723
    0.03597884
   -0.06996929
    0.03894907
   -0.09680432
    0.03233893
    0.03398080
    0.03261999
   -0.09787420
    0.03488333
    0.03453111
    0.03268577
   -0.09748602
    0.03475664
    0.03320973
    0.03573809
   -0.02653338
    0.02388488
   -0.09588371
    0.03450668
    0.02374516
   -0.10009514
    0.03847758
    0.03474159
    0.04230343
   -0.02662611
    0.02383772
   -0.09677098
    0.03517802
    0.02269580
   -0.09849083
    0.03841936
    0.03494105
    0.03377895
   -0.09774498
    0.03401593
    0.03486051
    0.03458890
   -0.11725373
    0.05620685
    0.05595706
    0.06345021
   -0.08520639
    0.17369694
    0.03819526
    0.07430529
    0.06871205
   -0.12971312
   -0.00194710
    0.06664319
   -0.10815891
    0.04588061
    0.05862994
    0.04857942
   -0.01980452
    0.05391129
    0.05002657
   -0.06026114
   -0.07206706
    0.06203192
    0.05869375
    0.07238191
