           1           2  0.58970143511411377     
           1           3  0.58677752022322793     
           1           4  0.58340214879255781     
           1           5  0.58711497530402812     
           2           6   1.2550250460772741     
           6           7   1.1287214197744730     
           7           8   1.6077170900192255     
           2           9   1.2464260339902911     
           8           9   1.1280071827427434     
           3          10   1.2441414192843447     
          10          11   1.1577341287761016     
          11          12   1.5277663498834784     
           3          13   1.2560674870811279     
          12          13   1.1153838852085292     
           4          14   1.2390706592405516     
          14          15   1.1600654635075718     
          15          16   1.5248654955495697     
           4          17   1.2607074256106066     
          16          17   1.1190660952442866     
           5          18   1.2495954519545176     
          18          19   1.1307958307837680     
          19          20   1.6042336004491500     
           5          21   1.2510845814887575     
          20          21   1.1311936854133096     
           6          22   1.3532139993823580     
          21          22   1.3550561295228947     
          22          23  0.96254348576541249     
           9          24   1.3659998295521589     
          10          24   1.3385377876279028     
          24          25  0.96093087628611584     
          13          26   1.3615003257775833     
          14          26   1.3419377202047293     
          26          27  0.95872818521613590     
          17          28   1.3496750843466354     
          18          28   1.3575241394395914     
          28          29  0.96048673049363953     
           8          30   1.0286932975357859     
          30          31  0.98060779975535095     
          30          32  0.97338952406997414     
          30          33  0.97362149399635167     
           7          34   1.0286948434032201     
          34          35  0.97334160664547364     
          34          36  0.97367370956731847     
          34          37  0.98062767769834602     
          11          38   1.0323128919658759     
          38          39  0.97682446679821555     
          38          40  0.96818631941897282     
          38          41  0.97743978453640434     
          12          42   1.1081640460955331     
          42          43  0.95863160585751728     
          42          44   1.8819686485779514     
          44          45  0.97587822960346604     
          44          46  0.97951523949785735     
          15          47   1.0321558352762699     
          47          48  0.97659684300902283     
          47          49  0.96833306743531578     
          47          50  0.97772465246781370     
          16          51   1.1069099883328468     
          51          52  0.95867486974131766     
          51          53   1.8832064822028511     
          53          54  0.97591085560838642     
          53          55  0.97948045654589622     
          19          56   1.0286360879248775     
          56          57  0.97353855416202717     
          56          58  0.97350156134284438     
          56          59  0.98061324500928115     
          20          60   1.0286250407075277     
          60          61  0.98064213420950685     
          60          62  0.97373415798077767     
          60          63  0.97336653777518145     
          64          65  0.97145367103947311     
          64          66  0.97162958776446240     
          64          67  0.98225752241996223     
          68          69  0.94197501280028328     
          64          70   1.0312031950967513     
          68          70   1.1871832742047865     
          68          71   1.2611984758415913     
          70          71  0.11272734109258717     
          71          72  0.95542877844589058     
           1          73  0.49366064026950152     
          71          73   1.4857649022694488     
          70          74   1.5614399507705765     
          73          74   1.2502793560413807     
          74          75  0.96055523649023766     
          76          77  0.97164465589357452     
          76          78  0.97141261029151504     
          76          79  0.98223831404093120     
          80          81  0.94197997195661487     
          76          82   1.0312256559598889     
          80          82   1.1871376843709729     
          80          83   1.2615399903975300     
          82          83  0.11264330798851536     
          83          84  0.95524961529150754     
           1          85  0.49367939308631842     
          83          85   1.4858044738433285     
          82          86   1.5614366981078545     
          85          86   1.2502540852901018     
          86          87  0.96061552588498356     
