    0.39573459
   -0.20451379
   -0.20926690
   -0.21550103
   -0.21038553
    0.05204427
   -0.03122433
   -0.03155330
    0.05199407
    0.05185428
   -0.02330436
   -0.03487771
    0.05272334
    0.04920450
   -0.02466759
   -0.03563021
    0.05194344
    0.04956589
   -0.03232551
   -0.03204972
    0.05140901
   -0.07096782
    0.03229048
   -0.07050869
    0.03212442
   -0.07297324
    0.03115358
   -0.07354086
    0.03106962
   -0.09723652
    0.03227998
    0.03385524
    0.03388843
   -0.09729548
    0.03360847
    0.03430322
    0.03221318
   -0.09894080
    0.03319204
    0.03537313
    0.04047105
   -0.02673607
    0.02069274
   -0.09851446
    0.03284130
    0.02017878
   -0.09832373
    0.03175802
    0.03546543
    0.04046598
   -0.02720037
    0.02258725
   -0.09896739
    0.03211498
    0.02010525
   -0.09688981
    0.03452118
    0.03278299
    0.03216320
   -0.09719871
    0.03210459
    0.03385286
    0.03388880
   -0.11602726
    0.05437599
    0.05439939
    0.06156608
   -0.08641339
    0.17184193
    0.03677669
    0.07501961
    0.06715208
   -0.12545748
   -0.00158003
    0.06452656
   -0.11602320
    0.05417876
    0.05469257
    0.06168955
   -0.08632748
    0.17182494
    0.03685051
    0.07497658
    0.06743050
   -0.12563779
   -0.00146504
    0.06440428
