           1           2  0.58496204515685202     
           1           3  0.58938902893372258     
           1           4  0.59887055980775938     
           1           5  0.59187207904330097     
           2           6   1.2467313904515283     
           6           7   1.1375105560955245     
           7           8   1.5976262573601758     
           2           9   1.2380301488598502     
           8           9   1.1368705932066920     
           3          10   1.2379268797405163     
          10          11   1.1582454003994420     
          11          12   1.5291958962442955     
           3          13   1.2540688022760558     
          12          13   1.1189190718206601     
           4          14   1.2416714933985347     
          14          15   1.1483418065288122     
          15          16   1.5388427645664156     
           4          17   1.2617083347628417     
          16          17   1.1112094086927242     
           5          18   1.2481999273489466     
          18          19   1.1308479183498950     
          19          20   1.6046103614418039     
           5          21   1.2467770971780334     
          20          21   1.1309002867465514     
           6          22   1.3542175210140639     
          21          22   1.3603446257880636     
          22          23  0.96213188403188155     
           9          24   1.3644627332456534     
          10          24   1.3424535903126438     
          24          25  0.96084335406070276     
          13          26   1.3611755746176446     
          14          26   1.3518525548728784     
          26          27  0.95850777311952329     
          17          28   1.3559039499131922     
          18          28   1.3583898781082846     
          28          29  0.96014298864579550     
           8          30   1.0287595701848384     
          30          31  0.98046489453764563     
          30          32  0.97332275076529129     
          30          33  0.97341853843605464     
           7          34   1.0291791216047097     
          34          35  0.97307827241958034     
          34          36  0.97313393449853347     
          34          37  0.98049508840352428     
          11          38   1.0323499605408362     
          38          39  0.97660885762360083     
          38          40  0.96830749278092854     
          38          41  0.97735718491676182     
          12          42   1.1045450785961501     
          42          43  0.95817592006199337     
          42          44   1.8869597320688751     
          44          45  0.97581484060608270     
          44          46  0.97931793514179610     
          15          47   1.0334928780331127     
          47          48  0.97582533097086599     
          47          49  0.96766479851384424     
          47          50  0.97743505873211967     
          16          51   1.1039385201038001     
          51          52  0.95834917150165255     
          51          53   1.8874868275685039     
          53          54  0.97578826796933138     
          53          55  0.97930412557105306     
          19          56   1.0297277165861367     
          56          57  0.97261273313667906     
          56          58  0.97296921262964353     
          56          59  0.98045404528063695     
          20          60   1.0292255649859205     
          60          61  0.98044414295382620     
          60          62  0.97322736707043966     
          60          63  0.97311622337923176     
           1          64  0.26294582640921937     
          64          65  0.88550899981267850     
          64          66  0.88517294299715621     
          67          68  0.97110445410072521     
          67          69  0.97083217733357563     
          67          70  0.98184910426188376     
          71          72  0.94121283823985746     
          67          73   1.0317094308588768     
          71          73   1.1887413378460518     
          71          74   1.2621652300630060     
          73          74  0.11206310988283114     
          74          75  0.95449499331230669     
           1          76  0.50934605183550530     
          74          76   1.4797086589903397     
          73          77   1.5602217285388083     
          76          77   1.2459752674398423     
          77          78  0.95796411058507658     
