           1           2  0.58571826767314794     
           1           3  0.58431599912547294     
           1           4  0.59710434491258424     
           1           5  0.59646646617054488     
           2           6   1.2454945098070092     
           6           7   1.1376344005463817     
           7           8   1.5978341965899738     
           2           9   1.2385901773754293     
           8           9   1.1363388462295398     
           3          10   1.2374475249676788     
          10          11   1.1600038227145881     
          11          12   1.5275669676976011     
           3          13   1.2508136460940866     
          12          13   1.1206958464478984     
           4          14   1.2395020813914759     
          14          15   1.1498884957939777     
          15          16   1.5371280300988892     
           4          17   1.2619980466199185     
          16          17   1.1127205981637263     
           5          18   1.2507401877220110     
          18          19   1.1280130813054214     
          19          20   1.6073362881373394     
           5          21   1.2479235668048836     
          20          21   1.1286109746751458     
           6          22   1.3528151626874461     
          21          22   1.3595712552319530     
          22          23  0.96221059756690530     
           9          24   1.3662083816630373     
          10          24   1.3443259858827314     
          24          25  0.96067189014254895     
          13          26   1.3598450898492662     
          14          26   1.3498932849201970     
          26          27  0.95875425990222651     
          17          28   1.3566030851980222     
          18          28   1.3602484486035646     
          28          29  0.95988713182322993     
           8          30   1.0291467581107538     
          30          31  0.98045397447506666     
          30          32  0.97333566258158088     
          30          33  0.97293638660418535     
           7          34   1.0289238831999974     
          34          35  0.97310146397281616     
          34          36  0.97341852726936728     
          34          37  0.98047894485684006     
          11          38   1.0326663181700091     
          38          39  0.97645299832827182     
          38          40  0.96797120464472053     
          38          41  0.97745101494899089     
          12          42   1.1041834817984988     
          42          43  0.95852228632900471     
          42          44   1.8871262794137404     
          44          45  0.97576404126589944     
          44          46  0.97932015784198923     
          15          47   1.0331613245508482     
          47          48  0.97622338239309603     
          47          49  0.97723692313182531     
          47          50  0.96779184529220674     
          16          51   1.1043142201430209     
          51          52  0.95824772100480415     
          51          53   1.8873543159050492     
          53          54  0.97575512650221929     
          53          55  0.97931171742003287     
          19          56   1.0300150896837250     
          56          57  0.97332885274324288     
          56          58  0.97196349626560485     
          56          59  0.98042740455882216     
          20          60   1.0290992328701203     
          60          61  0.98043938248462825     
          60          62  0.97301883134502687     
          60          63  0.97352454664262922     
           1          64  0.26260982826679341     
          64          65  0.88429867781609817     
          64          66  0.88381403291778771     
          67          68  0.97076685704875798     
          67          69  0.97115164829623701     
          67          70  0.98186067859210713     
          71          72  0.94124523519866288     
          67          73   1.0317488544658231     
          71          73   1.1886631217399937     
          71          74   1.2620948425872809     
          73          74  0.11217713536981982     
          74          75  0.95391064548103666     
           1          76  0.50986196642553239     
          74          76   1.4790587997442173     
          73          77   1.5599826918422472     
          76          77   1.2461494132947279     
          77          78  0.95868505138931637     
