    0.44114026
   -0.21260229
   -0.23332311
   -0.22592722
   -0.20480716
    0.05503051
   -0.02791657
   -0.03108022
    0.04976392
    0.04572105
   -0.02826642
   -0.03401130
    0.05354066
    0.04830412
   -0.02317610
   -0.03407815
    0.05293600
    0.05389320
   -0.02909082
   -0.02759674
    0.05566173
   -0.06519551
    0.03878273
   -0.07650357
    0.03377332
   -0.07343888
    0.03931962
   -0.07054933
    0.03526490
   -0.09842577
    0.03439365
    0.03328910
    0.03664587
   -0.09943478
    0.03879373
    0.03541449
    0.03423060
   -0.09888539
    0.03604393
    0.03424838
    0.03644323
   -0.02690939
    0.02472555
   -0.09643382
    0.03320971
    0.02379810
   -0.10043540
    0.03456913
    0.03743646
    0.04213735
   -0.02786829
    0.02476966
   -0.09711713
    0.03440363
    0.02268624
   -0.09884104
    0.03742958
    0.03542579
    0.03449623
   -0.09940145
    0.03469333
    0.03547808
    0.03836662
   -0.48061782
    0.32091301
    0.32143526
   -0.11789466
    0.05664411
    0.05648612
    0.06390308
   -0.08421521
    0.17422172
    0.03853858
    0.07297927
    0.06939039
   -0.13132518
   -0.00309064
    0.06768736
