           1           2  0.57316749581503346     
           1           3  0.58353582081967792     
           1           4  0.57909025771204037     
           1           5  0.59233633578431222     
           2           6   1.2469178128869385     
           6           7   1.1332354175568162     
           7           8   1.5984010303901268     
           2           9   1.2371836947160015     
           8           9   1.1298156408450091     
           3          10   1.2310091354427759     
          10          11   1.1590418202124833     
          11          12   1.5259079442685888     
           3          13   1.2465260480404003     
          12          13   1.1259961731439607     
           4          14   1.2386955454975084     
          14          15   1.1493760746789705     
          15          16   1.5371765588544932     
           4          17   1.2525344087467722     
          16          17   1.1160089435078708     
           5          18   1.2431092216255051     
          18          19   1.1299133504799230     
          19          20   1.5962827286973329     
           5          21   1.2431818440413149     
          20          21   1.1329074483240924     
           6          22   1.3611358221949910     
          21          22   1.3634925023753337     
          22          23  0.95984570417112203     
           9          24   1.3686628371523064     
          10          24   1.3455880346779259     
          24          25  0.95957831503183977     
          13          26   1.3633672771129375     
          14          26   1.3565721902672616     
          26          27  0.95711908532731960     
          17          28   1.3579051409112040     
          18          28   1.3609562544244538     
          28          29  0.95876834667262467     
           8          30   1.0326641918843302     
          30          31  0.97970205081275963     
          30          32  0.96992431552593639     
          30          33  0.97165248446319419     
           7          34   1.0325991445336811     
          34          35  0.97158893605587526     
          34          36  0.96992997180751528     
          34          37  0.97973166384841515     
          11          38   1.0359048718972179     
          38          39  0.97571526099232475     
          38          40  0.96466778186033975     
          38          41  0.97639291481437618     
          12          42   1.0986098193273963     
          42          43  0.95775681550325498     
          42          44   1.8951372904190797     
          44          45  0.97504643578568562     
          44          46  0.97861824260526253     
          15          47   1.0360709859459822     
          47          48  0.96550039102160334     
          47          49  0.97462751684231119     
          47          50  0.97622109539332924     
          16          51   1.0991267531618472     
          51          52  0.95739792045775740     
          51          53   1.8952339972386378     
          53          54  0.97511590921554681     
          53          55  0.97861197219248186     
          19          56   1.0334651385066900     
          56          57  0.97153591613209600     
          56          58  0.96893972981490450     
          56          59  0.97954556628926737     
          20          60   1.0325650798943597     
          60          61  0.97957985747453924     
          60          62  0.96958085913572511     
          60          63  0.97214243992008420     
           1          64   1.2027178421057243     
           1          65  0.72306356788960235     
          64          65   1.1719121183789400     
          66          67  0.97709748249501427     
          66          68  0.98361777916130677     
          66          69  0.98127100777313481     
           1          70  0.17605940022441452     
          66          70   1.0105061797194457     
          70          71  0.95819447420253323     
