    0.42042758
   -0.22419145
   -0.23196363
   -0.21822051
   -0.21349433
    0.05322276
   -0.03023384
   -0.03340245
    0.04916046
    0.04786141
   -0.02915091
   -0.03326820
    0.05458241
    0.05228999
   -0.02099555
   -0.03162146
    0.05799675
    0.05597432
   -0.02800195
   -0.02795197
    0.05634653
   -0.06793486
    0.03571936
   -0.07872105
    0.02975262
   -0.07179713
    0.03893627
   -0.06799541
    0.03577784
   -0.09739510
    0.03343368
    0.03256370
    0.03482536
   -0.09822136
    0.03628423
    0.03541248
    0.03321984
   -0.09766142
    0.03493362
    0.03326753
    0.03604443
   -0.02668237
    0.02420440
   -0.09538552
    0.03268840
    0.02429188
   -0.10003560
    0.03800017
    0.03515366
    0.04238511
   -0.02667221
    0.02397004
   -0.09623973
    0.03536096
    0.02327066
   -0.09858946
    0.03887727
    0.03491447
    0.03446104
   -0.09841833
    0.03715990
    0.03454178
    0.03540203
   -0.06957991
    0.06649399
    0.07156293
    0.07390833
   -0.12147745
    0.16573584
   -0.11737921
    0.05647777
    0.05611174
    0.06354749
   -0.08496902
    0.17388738
    0.03836137
    0.07357432
    0.06961390
   -0.12918456
   -0.00260342
    0.06744938
