           1           2  0.57531651416756013     
           1           3  0.57706952831648062     
           1           4  0.57469840969284414     
           1           5  0.58509852895054137     
           2           6   1.2562583690533440     
           6           7   1.1304369716814946     
           7           8   1.6023931714472801     
           2           9   1.2412700597565203     
           8           9   1.1290497509081012     
           3          10   1.2428210199531196     
          10          11   1.1525868183991452     
          11          12   1.5319967443948612     
           3          13   1.2599749631643014     
          12          13   1.1174082284190705     
           4          14   1.2459517415487020     
          14          15   1.1469537243252375     
          15          16   1.5450651992223692     
           4          17   1.2605554114562529     
          16          17   1.1122103954285307     
           5          18   1.2440076189226867     
          18          19   1.1308084460472445     
          19          20   1.5990067043501446     
           5          21   1.2524469358281536     
          20          21   1.1324949526643924     
           6          22   1.3571204505921795     
          21          22   1.3582212304024512     
          22          23  0.96081966142658826     
           9          24   1.3648986436535626     
          10          24   1.3413066294152478     
          24          25  0.95996249179537962     
          13          26   1.3600679326995573     
          14          26   1.3537946957711509     
          26          27  0.95867713690703360     
          17          28   1.3528349278164553     
          18          28   1.3572929729389649     
          28          29  0.95750505413712661     
           8          30   1.0315053701755093     
          30          31  0.97989946521407301     
          30          32  0.97118530828822403     
          30          33  0.97221042754156106     
           7          34   1.0313394324620282     
          34          35  0.97229033611651494     
          34          36  0.97131854631933701     
          34          37  0.97992691962599254     
          11          38   1.0352463877503115     
          38          39  0.97626318216153851     
          38          40  0.96511711632355324     
          38          41  0.97665696066531082     
          12          42   1.1020262491875070     
          42          43  0.95812941433174204     
          42          44   1.8911549579443547     
          44          45  0.97512168535558075     
          44          46  0.97887927728483204     
          15          47   1.0338675396622257     
          47          48  0.97216427838614439     
          47          49  0.96787729053578109     
          47          50  0.98193488102217685     
          16          51   1.0924700417980810     
          51          52  0.95707225704507115     
          51          53   1.9020217581705878     
          53          54  0.97430548581457621     
          53          55  0.97858241819445468     
          19          56   1.0319766666177712     
          56          57  0.97252018745320656     
          56          58  0.97015106319322342     
          56          59  0.97987617145186157     
          20          60   1.0312400288992247     
          60          61  0.97268657582191276     
          60          62  0.97990073395894395     
          60          63  0.97107643832521029     
           1          64   1.1685355759686180     
           1          65  0.67653656149698360     
          64          65   1.1842394342845743     
          66          67  0.97049258050165677     
          66          68  0.97046860689338132     
          66          69  0.98173424886090777     
          70          71  0.94040147596885160     
          66          72   1.0324504709059490     
          70          72   1.1883446835201827     
          70          73   1.2727138060250454     
          72          73  0.11172873550772050     
          73          74  0.95831786756493909     
           1          75  0.32910991981020032     
          73          75   1.5203319708079783     
          72          76   1.5609803337092212     
          75          76   1.2705323142477991     
          76          77  0.96427721395604282     
