    0.39312510
   -0.20451739
   -0.21549098
   -0.21485208
   -0.20288102
    0.05175405
   -0.03267423
   -0.03026968
    0.05222943
    0.05101756
   -0.03158661
   -0.03469950
    0.04637219
    0.04935280
   -0.03731822
   -0.02272728
    0.05147089
    0.05740716
   -0.03235293
   -0.02703219
    0.05199592
   -0.07288933
    0.03074831
   -0.06924299
    0.03322461
   -0.07921259
    0.02876041
   -0.06800789
    0.03881816
   -0.09699654
    0.03356212
    0.03328438
    0.03205428
   -0.09741456
    0.03420257
    0.03418291
    0.03217171
   -0.09772909
    0.03413739
    0.03456530
    0.03518907
   -0.02547413
    0.02366345
   -0.09692242
    0.03081910
    0.02163709
   -0.09919221
    0.03557007
    0.03456713
    0.04070394
   -0.02751242
    0.02060790
   -0.09944977
    0.03212710
    0.01958571
   -0.09624619
    0.03273059
    0.03213776
    0.03191381
   -0.09728867
    0.03185977
    0.03411807
    0.03424884
   -0.11595918
    0.05451127
    0.05412323
    0.06151765
   -0.08643255
    0.17174479
    0.03659303
    0.07529412
    0.06797510
   -0.12608693
   -0.00177242
    0.06482872
   -0.11598401
    0.05419359
    0.05460216
    0.06161810
   -0.08637618
    0.17170778
    0.03675270
    0.07518662
    0.06796972
   -0.12527185
   -0.00131573
    0.06464449
