           1           2  0.58018533707506714     
           1           3  0.57672710128342075     
           1           4  0.57421495798234656     
           1           5  0.57669580773461948     
           2           6   1.2465891708405656     
           6           7   1.1264930910887170     
           7           8   1.6098085405195486     
           2           9   1.2531293685296732     
           8           9   1.1272861634067946     
           3          10   1.2470931016030447     
          10          11   1.1323902264439574     
          11          12   1.6012403121046361     
           3          13   1.2474944923934645     
          12          13   1.1328545052622405     
           4          14   1.2597627700218752     
          14          15   1.1181091022313652     
          15          16   1.5300871442102548     
           4          17   1.2363375086333761     
          16          17   1.1573782737678138     
           5          18   1.2511016453431330     
          18          19   1.1164450841380180     
          19          20   1.5379093718217476     
           5          21   1.2471704281960438     
          20          21   1.1559594439419145     
           6          22   1.3700689564978215     
          21          22   1.3401695572154415     
          22          23  0.96204316230592035     
           9          24   1.3564955656242881     
          10          24   1.3528508753422355     
          24          25  0.96229891465953399     
          13          26   1.3570301938435501     
          14          26   1.3521165375768751     
          26          27  0.96015892575742956     
          17          28   1.3442326796705746     
          18          28   1.3604347918856157     
          28          29  0.95684072977714441     
           7          30   1.0296519119930696     
          30          31  0.97325199619291314     
          30          32  0.97256686625258293     
          30          33  0.98049281107769759     
           8          34   1.0292047227464707     
          34          35  0.97311925760120710     
          34          36  0.97325595587999358     
          34          37  0.98048362585981508     
          20          38   1.0311798328590780     
          38          39  0.97039755784457704     
          38          40  0.97336359422281993     
          38          41  0.98247391603457035     
          19          42   1.0948749871995691     
          42          43  0.95783750532105205     
          42          44   1.8966954240728815     
          44          45  0.97514040183488571     
          44          46  0.97906193397662100     
          16          47   1.0327782034164450     
          47          48  0.96785079776738259     
          47          49  0.97608155028691002     
          47          50  0.97747939926108085     
          15          51   1.1045506703221402     
          51          52  0.95832687452334997     
          51          53   1.8865876465890035     
          53          54  0.97581799507968114     
          53          55  0.97937961919556193     
          12          56   1.0293965757869994     
          56          57  0.97293639097390838     
          56          58  0.97309541184206483     
          56          59  0.98049593098090482     
          11          60   1.0288960952347024     
          60          61  0.98050005939593954     
          60          62  0.97350002416581105     
          60          63  0.97308815518140357     
          64          65  0.97121016820607375     
          64          66  0.97099876226372062     
          64          67  0.98194778294747165     
          68          69  0.94137156554533097     
          64          70   1.0316488031008266     
          68          70   1.1881102680266409     
          68          71   1.2629553354425922     
          70          71  0.11256771628239226     
          71          72  0.95379723262941773     
           1          73  0.49488438797736223     
          71          73   1.4808016052937345     
          70          74   1.5597641176701735     
          73          74   1.2478690559960754     
          74          75  0.95897253598532406     
          76          77  0.98022670306923620     
          76          78  0.97878972327430691     
          76          79  0.98644659361340981     
          76          80   1.0263960153996399     
          80          81  0.96837625392285631     
          80          82  0.97311987692618662     
           1          83  0.39056278120019994     
          80          83  0.96252948689395745     
          83          84  0.99646213170345121     
          84          85  0.97752795742621434     
          84          86  0.98073969221885382     
          84          87  0.97509055878770123     
