           1           2  0.58541848882399594     
           1           3  0.58385645406245734     
           1           4  0.59625923451130247     
           1           5  0.59776648867034676     
           2           6   1.2471805401464944     
           6           7   1.1373178542981470     
           7           8   1.5979897069931266     
           2           9   1.2372957480095388     
           8           9   1.1362882115480868     
           3          10   1.2350779222389967     
          10          11   1.1626270011838149     
          11          12   1.5245317920949273     
           3          13   1.2503642453535475     
          12          13   1.1226935503112516     
           4          14   1.2398264539083659     
          14          15   1.1499726076060803     
          15          16   1.5373039398274568     
           4          17   1.2618060989398665     
          16          17   1.1129340967383683     
           5          18   1.2507828113336255     
          18          19   1.1260166901641340     
          19          20   1.6100599251982453     
           5          21   1.2497537977455591     
          20          21   1.1262109881369897     
           6          22   1.3536280392955951     
          21          22   1.3622848284426754     
          22          23  0.96201221813125004     
           9          24   1.3652537955578032     
          10          24   1.3414306924642072     
          24          25  0.96078620120390001     
          13          26   1.3604839562551132     
          14          26   1.3517346867974971     
          26          27  0.95857428280280743     
          17          28   1.3544056352330858     
          18          28   1.3603149396943301     
          28          29  0.96003362819723237     
           8          30   1.0287497235704754     
          30          31  0.97346023233135182     
          30          32  0.98044358158895517     
          30          33  0.97331645008738554     
           7          34   1.0293729819550468     
          34          35  0.97281963912274083     
          34          36  0.97313137562600927     
          34          37  0.98049118967958893     
          11          38   1.0322764687797599     
          38          39  0.97669447977723878     
          38          40  0.96824338346005434     
          38          41  0.97733506204117115     
          12          42   1.1048083442021630     
          42          43  0.95834787385619824     
          42          44   1.8865349260498032     
          44          45  0.97579373199510810     
          44          46  0.97933216398642942     
          15          47   1.0332764583601679     
          47          48  0.97596601402700989     
          47          49  0.96775752733960319     
          47          50  0.97749921919264615     
          16          51   1.1036137035854645     
          51          52  0.95825708511643037     
          51          53   1.8878960003574341     
          53          54  0.97578788212532686     
          53          55  0.97929158289802953     
          19          56   1.0298927657494743     
          56          57  0.97248544196316788     
          56          58  0.97296072655737065     
          56          59  0.98042177001436903     
          20          60   1.0295500513309199     
          60          61  0.97282210774877986     
          60          62  0.98042434369610509     
          60          63  0.97318633443900338     
           1          64  0.26213763314352373     
          64          65  0.88379460444788605     
          64          66  0.88414637129722595     
          67          68  0.97085387126717138     
          67          69  0.97105884142815613     
          67          70  0.98184051693903096     
          71          72  0.94121200777605374     
          67          73   1.0317156502855973     
          71          73   1.1887667628316523     
          71          74   1.2621248937169316     
          73          74  0.11199321087233556     
          74          75  0.95479709185592632     
           1          76  0.50931445470425296     
          74          76   1.4798908006119531     
          73          77   1.5603073644522252     
          76          77   1.2457916498397323     
          77          78  0.95767896187774348     
