           1           2  0.58677446768662089     
           1           3  0.58575233922138270     
           1           4  0.59579362257069979     
           1           5  0.59690991923530734     
           2           6   1.2477064590238536     
           6           7   1.1355741641617645     
           7           8   1.6001407377864989     
           2           9   1.2385825435739546     
           8           9   1.1345091730733459     
           3          10   1.2368093262353224     
          10          11   1.1601331144006413     
          11          12   1.5272862509479173     
           3          13   1.2506999205276843     
          12          13   1.1206969637645072     
           4          14   1.2394985064211286     
          14          15   1.1521095486385768     
          15          16   1.5346065965969398     
           4          17   1.2602642014469605     
          16          17   1.1146689118690005     
           5          18   1.2492925671725572     
          18          19   1.1281702809636973     
          19          20   1.6075895491344623     
           5          21   1.2491461609538714     
          20          21   1.1281584163759675     
           6          22   1.3550048414823148     
          21          22   1.3607687956156325     
          22          23  0.96202480648584987     
           9          24   1.3656351897566417     
          10          24   1.3420407646591015     
          24          25  0.96070750077021816     
          13          26   1.3624176095524094     
          14          26   1.3498204552777624     
          26          27  0.95861058672886934     
          17          28   1.3541372181097682     
          18          28   1.3598128056246228     
          28          29  0.96009755636071059     
           8          30   1.0289950719432683     
          30          31  0.97299418093274537     
          30          32  0.98043886417381809     
          30          33  0.97348006233112261     
           7          34   1.0293718056729571     
          34          35  0.97297943574853407     
          34          36  0.97300124619181050     
          34          37  0.98048079153026169     
          11          38   1.0325814897589434     
          38          39  0.96791522045486178     
          38          40  0.97664266058536753     
          38          41  0.97734487378939128     
          12          42   1.1045478657958652     
          42          43  0.95835779486644412     
          42          44   1.8868405532878825     
          44          45  0.97576221353821113     
          44          46  0.97933083583766245     
          15          47   1.0332359366884996     
          47          48  0.96784281345794276     
          47          49  0.97590756942285273     
          47          50  0.97753151088650891     
          16          51   1.1038558746685885     
          51          52  0.95827425633113739     
          51          53   1.8874531082873989     
          53          54  0.97582772486069658     
          53          55  0.97930637952361355     
          19          56   1.0296198293329719     
          56          57  0.97329109359786647     
          56          58  0.97248848874195737     
          56          59  0.98042658143670602     
          20          60   1.0295177919922589     
          60          61  0.98043374953668583     
          60          62  0.97274284702555491     
          60          63  0.97327227034789043     
          64          65  0.97066261802670406     
          64          66  0.97132847598276828     
          64          67  0.98195141820910936     
          68          69  0.94108227861025040     
          64          70   1.0317111269500905     
          68          70   1.1887379692518412     
          68          71   1.2632047608124988     
          70          71  0.11225109336866937     
          71          72  0.95270207674118801     
           1          73  0.50842767704030079     
          71          73   1.4789132161136878     
          70          74   1.5595438185578065     
          73          74   1.2469747568799863     
          74          75  0.95976671541199110     
           1          76  0.26222792754544028     
          76          77  0.88411727451670097     
          76          78  0.88395882711522500     
