           1           2  0.58642065412639655     
           1           3  0.58584839477214923     
           1           4  0.58660346946269026     
           1           5  0.58847807324526902     
           2           6   1.2522928408659639     
           6           7   1.1324645350964644     
           7           8   1.6031513009261285     
           2           9   1.2454401710016763     
           8           9   1.1317138892906027     
           3          10   1.2434305649097497     
          10          11   1.1574661509276829     
          11          12   1.5283515846850055     
           3          13   1.2569833277341012     
          12          13   1.1155901802255568     
           4          14   1.2425999614687873     
          14          15   1.1556735039160886     
          15          16   1.5361685268486902     
           4          17   1.2609343511820299     
          16          17   1.1164158020729451     
           5          18   1.2487455535126244     
          18          19   1.1307838690665153     
          19          20   1.6039925584086203     
           5          21   1.2512695811292680     
          20          21   1.1316175547938667     
           6          22   1.3524640901296057     
          21          22   1.3543155198456827     
          22          23  0.96265186858308960     
           9          24   1.3632262892321800     
          10          24   1.3399273310918902     
          24          25  0.96116782560574987     
          13          26   1.3603833939152365     
          14          26   1.3431935721487331     
          26          27  0.96039771848267452     
          17          28   1.3498322145676604     
          18          28   1.3579326952158235     
          28          29  0.95871028642197009     
           8          30   1.0283881954083371     
          30          31  0.98063068211309157     
          30          32  0.97344189019817806     
          30          33  0.97391882487532766     
           7          34   1.0284027986544795     
          34          35  0.97407821798098604     
          34          36  0.97327676224267257     
          34          37  0.98064010531986701     
          11          38   1.0319392691625695     
          38          39  0.96859722755084654     
          38          40  0.97694303926596060     
          38          41  0.97748324166432021     
          12          42   1.1077742880515067     
          42          43  0.95870179621407492     
          42          44   1.8824987953406238     
          44          45  0.97592106849450166     
          44          46  0.97950070976770309     
          15          47   1.0304904164358335     
          47          48  0.97137197590002045     
          47          49  0.97320618425883809     
          47          50  0.98269596522704750     
          16          51   1.0967894042254422     
          51          52  0.95807786529326344     
          51          53   1.8944265727749532     
          53          54  0.97521861988818104     
          53          55  0.97920072983601647     
          19          56   1.0289788253166543     
          56          57  0.97251823472038912     
          56          58  0.97406149405330011     
          56          59  0.98065500273844397     
          20          60   1.0282867193572574     
          60          61  0.98071266801283752     
          60          62  0.97396745869676304     
          60          63  0.97356066296954169     
          64          65  0.97165184562084772     
          64          66  0.97141526826562574     
          64          67  0.98218814975687474     
          68          69  0.94212944003450472     
          64          70   1.0312449808666273     
          68          70   1.1869136700281675     
          68          71   1.2607659081100224     
          70          71  0.11283316071115773     
          71          72  0.95522832063362650     
           1          73  0.49329061453924605     
          71          73   1.4858504006597455     
          70          74   1.5616000533152703     
          73          74   1.2502691351686754     
          74          75  0.96038776888709587     
          76          77  0.97153285142058432     
          76          78  0.97153748013908969     
          76          79  0.98217980854428677     
          80          81  0.94209049170693215     
          76          82   1.0312535802372940     
          80          82   1.1869060941365954     
          80          83   1.2610276775215068     
          82          83  0.11284810725219377     
          83          84  0.95522911670056365     
           1          85  0.49321086566196121     
          83          85   1.4860791977533554     
          82          86   1.5616489624308403     
          85          86   1.2502791451454873     
          86          87  0.96039327047710221     
