    0.39554372
   -0.21567267
   -0.20978166
   -0.20367966
   -0.20980474
    0.04868791
   -0.03303159
   -0.03342196
    0.04856180
    0.04970185
   -0.02403634
   -0.03436646
    0.05471915
    0.05224189
   -0.02599456
   -0.03326809
    0.05725606
    0.05117234
   -0.03157430
   -0.03307351
    0.04924050
   -0.07422768
    0.03122447
   -0.07409645
    0.03094922
   -0.07031569
    0.03172048
   -0.07012767
    0.03809360
   -0.09679621
    0.03189759
    0.03371432
    0.03245518
   -0.09688528
    0.03412822
    0.03239139
    0.03181127
   -0.09857280
    0.03338263
    0.03320799
    0.04088476
   -0.02664997
    0.02260690
   -0.09861412
    0.03178610
    0.02024958
   -0.09781528
    0.03575725
    0.03431063
    0.03529519
   -0.02541921
    0.02362055
   -0.09721678
    0.03012880
    0.02131675
   -0.09744137
    0.03489325
    0.03460179
    0.03198962
   -0.09686475
    0.03224199
    0.03144333
    0.03441128
   -0.11602329
    0.05418979
    0.05442908
    0.06194451
   -0.08671852
    0.17135386
    0.03682002
    0.07462410
    0.06699116
   -0.12572843
   -0.00146280
    0.06454837
   -0.11597338
    0.05404357
    0.05450593
    0.06201939
   -0.08661900
    0.17145368
    0.03686858
    0.07476795
    0.06705283
   -0.12560984
   -0.00135033
    0.06498218
