    0.39608371
   -0.21030273
   -0.21558135
   -0.20946265
   -0.20440520
    0.05129073
   -0.03181619
   -0.03280049
    0.04928595
    0.04898572
   -0.02476987
   -0.03573367
    0.05193502
    0.04972189
   -0.02728654
   -0.03398274
    0.05637870
    0.05201653
   -0.03096351
   -0.03168783
    0.05186296
   -0.07106388
    0.03217359
   -0.07386211
    0.03105072
   -0.07343893
    0.03080216
   -0.07038430
    0.03797399
   -0.09682933
    0.03165169
    0.03214610
    0.03448008
   -0.09723573
    0.03387684
    0.03401556
    0.03190039
   -0.09848927
    0.03164662
    0.03492210
    0.04027488
   -0.02719100
    0.02239697
   -0.09899603
    0.03194009
    0.02003594
   -0.09748734
    0.03490437
    0.03367468
    0.03522970
   -0.02600049
    0.02320086
   -0.09745453
    0.03142907
    0.02141437
   -0.09753489
    0.03431348
    0.03506686
    0.03228268
   -0.09721251
    0.03388852
    0.03230432
    0.03351411
   -0.11598683
    0.05438724
    0.05428458
    0.06153097
   -0.08636046
    0.17182159
    0.03677310
    0.07518948
    0.06713680
   -0.12533318
   -0.00157385
    0.06450522
   -0.11608748
    0.05423587
    0.05439731
    0.06199747
   -0.08665129
    0.17151083
    0.03684174
    0.07476715
    0.06683701
   -0.12543111
   -0.00147317
    0.06458217
