    0.44099842
   -0.21066665
   -0.20454360
   -0.22766156
   -0.23420384
    0.05044299
   -0.03053325
   -0.02798809
    0.05519388
    0.05614269
   -0.01899724
   -0.03188004
    0.05631705
    0.04958222
   -0.02335986
   -0.03390921
    0.05177817
    0.04799012
   -0.03189362
   -0.03313803
    0.04631821
   -0.07555175
    0.03440050
   -0.06432816
    0.03901300
   -0.07085163
    0.03483008
   -0.07372415
    0.03378684
   -0.09946227
    0.03446925
    0.03917030
    0.03517996
   -0.09853688
    0.03323485
    0.03719690
    0.03448946
   -0.10112254
    0.03492397
    0.03984520
    0.04274215
   -0.02697356
    0.02380479
   -0.09686226
    0.03567188
    0.02302243
   -0.10041349
    0.03673379
    0.03545660
    0.04203851
   -0.02753114
    0.02348608
   -0.09701124
    0.03447689
    0.02248780
   -0.09837854
    0.03569295
    0.03530193
    0.03340082
   -0.09837211
    0.03322097
    0.03367549
    0.03594057
   -0.48051525
    0.32109748
    0.32161555
   -0.11785258
    0.05684411
    0.05645200
    0.06385915
   -0.08417235
    0.17417790
    0.03855330
    0.07270228
    0.06983308
   -0.13160211
   -0.00298468
    0.06742910
