    0.46480359
   -0.22902337
   -0.24315116
   -0.23581500
   -0.21993423
    0.05477272
   -0.02891705
   -0.02918289
    0.05104936
    0.04884708
   -0.02221488
   -0.03161435
    0.05356562
    0.05257927
   -0.01998731
   -0.03019848
    0.05720916
    0.05477167
   -0.02769273
   -0.02808198
    0.05627917
   -0.06854452
    0.03825900
   -0.07431717
    0.03633749
   -0.07144497
    0.03741096
   -0.06816526
    0.03860179
   -0.09940230
    0.03560275
    0.03773627
    0.03590481
   -0.09974024
    0.03529754
    0.03956029
    0.03555675
   -0.10135465
    0.03876355
    0.03583903
    0.04344055
   -0.02768830
    0.02563482
   -0.09461283
    0.03685891
    0.02586523
   -0.10154795
    0.03847534
    0.03791982
    0.04455883
   -0.02697681
    0.02742219
   -0.09518438
    0.03600740
    0.02590170
   -0.09987336
    0.03724260
    0.03918982
    0.03597318
   -0.10007002
    0.03604235
    0.03609136
    0.03956997
   -0.47991447
    0.32464113
    0.32512582
   -0.07636804
    0.07594760
    0.07100975
    0.07464556
   -0.11015566
    0.16486259
