           1           2  0.57810357442645210     
           1           3  0.56868681216981098     
           1           4  0.56985721868741013     
           1           5  0.58199499414762323     
           2           6   1.2502980984334875     
           6           7   1.1302127405637115     
           7           8   1.6062218909203616     
           2           9   1.2434141667018408     
           8           9   1.1294760759820550     
           3          10   1.2356988132996976     
          10          11   1.1598388926355614     
          11          12   1.5294992252929336     
           3          13   1.2483152671178863     
          12          13   1.1221798249247539     
           4          14   1.2364505270062141     
          14          15   1.1539921171042782     
          15          16   1.5349757436325286     
           4          17   1.2557107864975268     
          16          17   1.1185763835641578     
           5          18   1.2501812644873935     
          18          19   1.1269271190736139     
          19          20   1.6088550153161085     
           5          21   1.2501716323506682     
          20          21   1.1275184824147926     
           6          22   1.3555995868315089     
          21          22   1.3608066875134526     
          22          23  0.96178229297244211     
           9          24   1.3681236237347654     
          10          24   1.3452361367291801     
          24          25  0.96035549972574152     
          13          26   1.3628494184522333     
          14          26   1.3517542476305529     
          26          27  0.95848683370662524     
          17          28   1.3573769745768136     
          18          28   1.3620495165062168     
          28          29  0.95985781967415496     
           8          30   1.0300194075699256     
          30          31  0.98024200265826911     
          30          32  0.97190862483245133     
          30          33  0.97331808232553008     
           7          34   1.0301410293136082     
          34          35  0.97289082883345612     
          34          36  0.97210266593047068     
          34          37  0.98030640411818948     
          11          38   1.0334772641863537     
          38          39  0.96724563917438022     
          38          40  0.97601093609874467     
          38          41  0.97723890940923341     
          12          42   1.1016954444840157     
          42          43  0.95850458283578210     
          42          44   1.8905116001105626     
          44          45  0.97557358656063231     
          44          46  0.97912247152830811     
          15          47   1.0338330712247950     
          47          48  0.97547416011640997     
          47          49  0.96734679670392532     
          47          50  0.97720844153516240     
          16          51   1.1012526461134278     
          51          52  0.95831684056248434     
          51          53   1.8912301734729660     
          53          54  0.97562093897181756     
          53          55  0.97912047661129520     
          19          56   1.0304887055689314     
          56          57  0.97242871272081932     
          56          58  0.97217394967661308     
          56          59  0.98025066018650542     
          20          60   1.0302224127985846     
          60          61  0.97254670874440197     
          60          62  0.98027347006573906     
          60          63  0.97245144782650628     
           1          64  0.27369195404455871     
          64          65  0.88007241889163812     
          64          66  0.87943684752072471     
          67          68  0.97405726873550424     
          67          69  0.98107916199400091     
          67          70  0.97859970627957515     
           1          71  0.44313145899943068     
          67          71  0.99276139102716954     
          71          72  0.94235583817608737     
