           1           2  0.56600989390184564     
           1           3  0.57145508455795002     
           1           4  0.57279113636484147     
           1           5  0.57006122693475536     
           2           6   1.2525838213079705     
           6           7   1.1340140432208394     
           7           8   1.6019508503562221     
           2           9   1.2379310444115439     
           8           9   1.1330434630310049     
           3          10   1.2429405623071141     
          10          11   1.1585725016044297     
          11          12   1.5344152451350823     
           3          13   1.2499679479432853     
          12          13   1.1184242267781939     
           4          14   1.2355729692132540     
          14          15   1.1568559196456392     
          15          16   1.5304520063607441     
           4          17   1.2605587246544863     
          16          17   1.1185517777917151     
           5          18   1.2470752173340325     
          18          19   1.1276360242334111     
          19          20   1.6088928536146383     
           5          21   1.2497348118969429     
          20          21   1.1279465300505014     
           6          22   1.3532284362761908     
          21          22   1.3618799702258335     
          22          23  0.96195765324658333     
           9          24   1.3684589217208181     
          10          24   1.3397838633393249     
          24          25  0.96222671781023061     
          13          26   1.3612530609034834     
          14          26   1.3479656389119112     
          26          27  0.95709380745381090     
          17          28   1.3507705902326217     
          18          28   1.3652476868744461     
          28          29  0.96014486736261018     
           8          30   1.0292246602618149     
          30          31  0.98045122939750562     
          30          32  0.97369440186659384     
          30          33  0.97254038843714086     
           7          34   1.0297187252961659     
          34          35  0.97263838955191928     
          34          36  0.97289498146082032     
          34          37  0.98049136252559277     
          11          38   1.0310769239730611     
          38          39  0.97066418525580767     
          38          40  0.97308851243177685     
          38          41  0.98221436860250022     
          12          42   1.0981618206353314     
          42          43  0.95807362134874419     
          42          44   1.8935272330477151     
          44          45  0.97513460246184658     
          44          46  0.97912909964065831     
          15          47   1.0332301144764922     
          47          48  0.96735524544676377     
          47          49  0.97648030193992130     
          47          50  0.97719118614121558     
          16          51   1.1042877045817889     
          51          52  0.95879749551537519     
          51          53   1.8873239731598697     
          53          54  0.97568285787345799     
          53          55  0.97928913168203324     
          19          56   1.0300499887254322     
          56          57  0.97277938382861584     
          56          58  0.97247298313582131     
          56          59  0.98038628012736928     
          20          60   1.0298893674888485     
          60          61  0.98039270916649979     
          60          62  0.97253230643079625     
          60          63  0.97296150300903872     
          64          65  0.98698025549511215     
          64          66  0.98777280529844391     
          64          67  0.98776418078221384     
          64          68   1.0192714038090300     
          68          69  0.97819270126737712     
          68          70  0.97812225977255352     
          68          71   1.0064995461116530     
          71          72  0.97624688870002752     
          71          73  0.97621115292053873     
          71          74  0.99548811302795359     
          74          75  0.96744042167757149     
          74          76  0.96895542035700211     
           1          77  0.38031943883443342     
          74          77   1.0015686279838176     
          77          78  0.93343437667548557     
          77          79  0.93146827148309097     
          80          81  0.97919377048400946     
          80          82  0.98529600611417378     
          80          83  0.98456426279938480     
          80          84   1.0246632251469832     
          84          85  0.96613305836071373     
          84          86  0.96810443769556831     
           1          87  0.43798480533509437     
          84          87  0.96579302351504281     
          87          88  0.99159833665850305     
          88          89  0.97771346610058896     
          88          90  0.97992884931213853     
          88          91  0.97387399579895018     
