    0.43022564
   -0.23417744
   -0.22829747
   -0.22413503
   -0.22550454
    0.05126898
   -0.03002680
   -0.03294750
    0.04785719
    0.05019747
   -0.02692351
   -0.03463775
    0.05464046
    0.05051494
   -0.02303628
   -0.03375339
    0.05386669
    0.05399032
   -0.02806604
   -0.02813288
    0.05321650
   -0.07061239
    0.03714935
   -0.07491793
    0.03289568
   -0.07246918
    0.03889503
   -0.06925986
    0.03641116
   -0.09819545
    0.03404672
    0.03465441
    0.03522168
   -0.09901755
    0.03739201
    0.03565045
    0.03396980
   -0.09866738
    0.03552715
    0.03574533
    0.03632965
   -0.02708141
    0.02486445
   -0.09562331
    0.03150094
    0.02425324
   -0.10093723
    0.03764475
    0.03580964
    0.04258505
   -0.02765389
    0.02470442
   -0.09635001
    0.03502976
    0.02369883
   -0.09912374
    0.03854748
    0.03597205
    0.03489584
   -0.09925982
    0.03501152
    0.03554776
    0.03830329
   -0.10438952
    0.03811537
    0.03613945
    0.03619126
   -0.05585620
    0.03480997
    0.03507642
   -0.06934455
    0.03476731
    0.03470266
   -0.00089660
    0.06072204
    0.05896709
   -0.24599044
    0.18470617
    0.18690575
   -0.11004602
    0.04854709
    0.05417488
    0.04671206
   -0.02260835
    0.06361156
    0.05571277
   -0.05071505
   -0.07536721
    0.06305548
    0.06140426
    0.07166453
