    0.44086125
   -0.21067979
   -0.20451712
   -0.22763433
   -0.23416430
    0.05042914
   -0.03059108
   -0.02802673
    0.05514137
    0.05623140
   -0.01894707
   -0.03182555
    0.05635977
    0.04966875
   -0.02339294
   -0.03395956
    0.05195867
    0.04787516
   -0.03192151
   -0.03311299
    0.04635796
   -0.07550030
    0.03442634
   -0.06429505
    0.03902901
   -0.07096535
    0.03494462
   -0.07390147
    0.03369566
   -0.09945251
    0.03445095
    0.03915317
    0.03517433
   -0.09852695
    0.03317112
    0.03721412
    0.03447710
   -0.10114031
    0.03492029
    0.03990984
    0.04274784
   -0.02674121
    0.02325657
   -0.09681923
    0.03572928
    0.02307277
   -0.10017756
    0.03417778
    0.03746937
    0.04201174
   -0.02746717
    0.02393742
   -0.09717024
    0.03446444
    0.02265545
   -0.09839719
    0.03519707
    0.03580041
    0.03343986
   -0.09839202
    0.03333814
    0.03369084
    0.03590009
   -0.48039606
    0.32126950
    0.32145390
   -0.11786005
    0.05671409
    0.05651232
    0.06386033
   -0.08420281
    0.17414590
    0.03850935
    0.07259678
    0.06993508
   -0.13145578
   -0.00301751
    0.06731543
