    0.46689917
   -0.21833120
   -0.24897593
   -0.24333739
   -0.21732572
    0.05716930
   -0.02677503
   -0.02864587
    0.05439506
    0.04949899
   -0.02387609
   -0.03409095
    0.04927912
    0.04821783
   -0.02520657
   -0.03073498
    0.05533223
    0.05583814
   -0.02544341
   -0.02546052
    0.05913253
   -0.06418433
    0.04123478
   -0.07277154
    0.03573465
   -0.07793438
    0.03388097
   -0.06936343
    0.04501565
   -0.09966502
    0.03608925
    0.03879745
    0.03548294
   -0.10035009
    0.03721880
    0.04004541
    0.03597138
   -0.10081027
    0.03436421
    0.03842950
    0.04264598
   -0.02834266
    0.02451084
   -0.09521514
    0.03604342
    0.02508239
   -0.09988830
    0.03755008
    0.03788983
    0.03847556
   -0.02647944
    0.02835345
   -0.09484871
    0.03351257
    0.02718592
   -0.10059218
    0.04004675
    0.03856631
    0.03691223
   -0.10047161
    0.03862257
    0.03683303
    0.03939716
   -0.47976813
    0.32519619
    0.32482801
   -0.07588010
    0.07086204
    0.07409995
    0.07620438
   -0.11234894
    0.16627192
