           1           2  0.58310130398581173     
           1           3  0.56639714227888438     
           1           4  0.56814190047696278     
           1           5  0.58259986996857627     
           2           6   1.2560807251916315     
           6           7   1.1262911736741084     
           7           8   1.6105741661456578     
           2           9   1.2441266996089868     
           8           9   1.1255768966839577     
           3          10   1.2347475785787911     
          10          11   1.1629417158163415     
          11          12   1.5264428027870949     
           3          13   1.2465978784899046     
          12          13   1.1242080881426515     
           4          14   1.2333769895092663     
          14          15   1.1602566891797537     
          15          16   1.5337327994780496     
           4          17   1.2512610147439567     
          16          17   1.1240482235004583     
           5          18   1.2492702144606587     
          18          19   1.1233473185916178     
          19          20   1.6131121863445930     
           5          21   1.2524138628264874     
          20          21   1.1238313531608330     
           6          22   1.3569353432375730     
          21          22   1.3629611127048828     
          22          23  0.96155453335461705     
           9          24   1.3704114189342258     
          10          24   1.3412521091888647     
          24          25  0.96054605888401856     
          13          26   1.3625021155580346     
          14          26   1.3482400537636925     
          26          27  0.96012453536457687     
          17          28   1.3530004295370242     
          18          28   1.3658696242704933     
          28          29  0.95784452622483063     
           8          30   1.0300723289172835     
          30          31  0.98023460734904455     
          30          32  0.97296051572775233     
          30          33  0.97228402373994149     
           7          34   1.0305412233834221     
          34          35  0.97262421121106857     
          34          36  0.97192991244970928     
          34          37  0.98030311080128318     
          11          38   1.0331773429674007     
          38          39  0.97639123440708697     
          38          40  0.96725341397348141     
          38          41  0.97726895078964604     
          12          42   1.1021952145956107     
          42          43  0.95862287668887891     
          42          44   1.8897335152933137     
          44          45  0.97562127604703219     
          44          46  0.97918603831637363     
          15          47   1.0317100660355876     
          47          48  0.97260623161299997     
          47          49  0.97034694044762360     
          47          50  0.98224173817912686     
          16          51   1.0937883347397781     
          51          52  0.95762180222053617     
          51          53   1.8992612753773732     
          53          54  0.97507589486251212     
          53          55  0.97889853495380696     
          19          56   1.0308511155529752     
          56          57  0.97224066000899678     
          56          58  0.97194908145602676     
          56          59  0.98023600945884082     
          20          60   1.0306461099053519     
          60          61  0.97277511786091819     
          60          62  0.98027859631323044     
          60          63  0.97182619522024960     
           1          64  0.27425552220180316     
          64          65  0.87991191677348168     
          64          66  0.88022601327172434     
          67          68  0.98100726736284383     
          67          69  0.97867508970099593     
          67          70  0.97437275188656325     
           1          71  0.43882438192463152     
          67          71  0.99322209368051506     
          71          72  0.94174586368874136     
