           1           2  0.59071161068540512     
           1           3  0.60035610761076386     
           1           4  0.58976476379660814     
           1           5  0.58435000772087720     
           2           6   1.2474612275117771     
           6           7   1.1333846481545984     
           7           8   1.6022006548826848     
           2           9   1.2432390332393162     
           8           9   1.1328643798006770     
           3          10   1.2454058858112207     
          10          11   1.1485890731468238     
          11          12   1.5393110565172659     
           3          13   1.2565072633536696     
          12          13   1.1102080249526207     
           4          14   1.2394537807643147     
          14          15   1.1555747069904037     
          15          16   1.5315573040410579     
           4          17   1.2573048389356609     
          16          17   1.1166171883574532     
           5          18   1.2432590153917618     
          18          19   1.1377541369384543     
          19          20   1.5963863040344730     
           5          21   1.2421169158418051     
          20          21   1.1383224789504025     
           6          22   1.3544274894443602     
          21          22   1.3561170746992168     
          22          23  0.96233627681521550     
           9          24   1.3658518973661327     
          10          24   1.3471933960212836     
          24          25  0.96061023489960029     
          13          26   1.3649955182080518     
          14          26   1.3456874159505858     
          26          27  0.95867087633573789     
          17          28   1.3566500202380609     
          18          28   1.3580016781231177     
          28          29  0.96007802369798201     
           8          30   1.0296349344976479     
          30          31  0.98047994601547328     
          30          32  0.97224044716712588     
          30          33  0.97347471153292020     
           7          34   1.0287874068956977     
          34          35  0.97355753358573127     
          34          36  0.97325748121319855     
          34          37  0.98047627629677825     
          11          38   1.0333195591230089     
          38          39  0.96774057860855645     
          38          40  0.97611438772882952     
          38          41  0.97730731377723012     
          12          42   1.1044284586909237     
          42          43  0.95833500617205314     
          42          44   1.8869219696206221     
          44          45  0.97580132855527246     
          44          46  0.97931476980047472     
          15          47   1.0332899943020686     
          47          48  0.97634219230413810     
          47          49  0.96732341148900991     
          47          50  0.97737728280700487     
          16          51   1.1046022502209414     
          51          52  0.95848941585280301     
          51          53   1.8867679484586712     
          53          54  0.97933736700806251     
          53          55  0.97570500913942970     
          19          56   1.0293685288470227     
          56          57  0.97278882251084076     
          56          58  0.97314368179793798     
          56          59  0.98047548494357595     
          20          60   1.0287037311861147     
          60          61  0.98048930722050542     
          60          62  0.97358037104113926     
          60          63  0.97325769609775958     
           1          64  0.26302091843134168     
          64          65  0.88514830588652449     
          64          66  0.88553768478072947     
          67          68  0.97081440828165622     
          67          69  0.97109051234812616     
          67          70  0.98182094301904055     
          71          72  0.94126136315215425     
          67          73   1.0317421043145811     
          71          73   1.1886693477370647     
          71          74   1.2619464923592543     
          73          74  0.11206135564780931     
          74          75  0.95455004077174344     
           1          76  0.50954238266741647     
          74          76   1.4796888202070555     
          73          77   1.5602537974282149     
          76          77   1.2459113526037502     
          77          78  0.95788648277226152     
