           1           2  0.58538999075955822     
           1           3  0.58391292510523696     
           1           4  0.59628924762838131     
           1           5  0.59775153527692759     
           2           6   1.2471762702583982     
           6           7   1.1373147098137724     
           7           8   1.5979928140967037     
           2           9   1.2373316792822262     
           8           9   1.1362905921827757     
           3          10   1.2350463631229014     
          10          11   1.1626138115862770     
          11          12   1.5245676799402874     
           3          13   1.2503509582379000     
          12          13   1.1226968169630891     
           4          14   1.2398495271554297     
          14          15   1.1499454123234154     
          15          16   1.5373353812805850     
           4          17   1.2618074605724179     
          16          17   1.1129090511524466     
           5          18   1.2507773986527995     
          18          19   1.1260351771235553     
          19          20   1.6100416649385472     
           5          21   1.2497351072925185     
          20          21   1.1262261199730148     
           6          22   1.3536325926291066     
          21          22   1.3622846161819335     
          22          23  0.96201305992375197     
           9          24   1.3652433178999410     
          10          24   1.3414462786538568     
          24          25  0.96079488076285080     
          13          26   1.3604771260676078     
          14          26   1.3517400166788320     
          26          27  0.95858322790932893     
          17          28   1.3544237362523504     
          18          28   1.3602988470317179     
          28          29  0.96003364627846355     
           8          30   1.0287505630801923     
          30          31  0.98044316902206496     
          30          32  0.97332079259895621     
          30          33  0.97345534221022534     
           7          34   1.0293715715207059     
          34          35  0.97282971947286334     
          34          36  0.97312293037720199     
          34          37  0.98049067363759956     
          11          38   1.0322700976433026     
          38          39  0.97669035110936586     
          38          40  0.96825129279811684     
          38          41  0.97734911610848429     
          12          42   1.1047617650078414     
          42          43  0.95834866535134711     
          42          44   1.8865839613233875     
          44          45  0.97579655888225947     
          44          46  0.97933111824374730     
          15          47   1.0332786025740535     
          47          48  0.97594895332757803     
          47          49  0.96776371842865327     
          47          50  0.97750698165012406     
          16          51   1.1036040082996110     
          51          52  0.95825168879115563     
          51          53   1.8879070191902692     
          53          54  0.97578522407024437     
          53          55  0.97929108785227836     
          19          56   1.0298920839674242     
          56          57  0.97249753072275724     
          56          58  0.97294948800616243     
          56          59  0.98042132809917204     
          20          60   1.0295479177200544     
          60          61  0.98042394215353812     
          60          62  0.97316816278618068     
          60          63  0.97284209314779979     
           1          64  0.26213268414934321     
          64          65  0.88382717334361649     
          64          66  0.88410298712653002     
          67          68  0.97087983055992888     
          67          69  0.97103255468275718     
          67          70  0.98184017336073404     
          71          72  0.94121214793245100     
          67          73   1.0317168675490493     
          71          73   1.1887658501099565     
          71          74   1.2621262367376198     
          73          74  0.11199268973694415     
          74          75  0.95479976668089850     
           1          76  0.50926125303714043     
          74          76   1.4799072934075834     
          73          77   1.5603087341195010     
          76          77   1.2457997822424340     
          77          78  0.95767710816819451     
