    0.42848167
   -0.21812362
   -0.22379283
   -0.22378453
   -0.21746192
    0.05495542
   -0.02826484
   -0.02982989
    0.05272315
    0.04971741
   -0.03310388
   -0.03084437
    0.05328252
    0.05541628
   -0.03384796
   -0.02452703
    0.05195720
    0.05538169
   -0.03481278
   -0.02180086
    0.05338307
   -0.06763627
    0.03625416
   -0.07381902
    0.03390689
   -0.07124686
    0.03202759
   -0.07262181
    0.03091323
   -0.09866036
    0.03468339
    0.03830915
    0.03418125
   -0.09822091
    0.03784722
    0.03301640
    0.03418958
   -0.09995775
    0.03740114
    0.03450221
    0.04182814
   -0.02720500
    0.02277067
   -0.09718846
    0.03414976
    0.02249566
   -0.09883616
    0.03559221
    0.03322680
    0.04125030
   -0.02730039
    0.02349926
   -0.09688460
    0.03364112
    0.02212127
   -0.09772527
    0.03611752
    0.03461458
    0.03310682
   -0.09792146
    0.03351625
    0.03277969
    0.03614379
   -0.11707294
    0.05592701
    0.05602013
    0.06326424
   -0.08477115
    0.17364017
    0.03782571
    0.07414476
    0.06962334
   -0.13039094
   -0.00193069
    0.06620889
   -0.10794978
    0.04538297
    0.05757486
    0.04851746
   -0.02086520
    0.05771407
    0.05077292
   -0.06028048
   -0.07230758
    0.06424933
    0.05929770
    0.07143957
