           1           2  0.58977840066812970     
           1           3  0.58685704786012771     
           1           4  0.58339749790110829     
           1           5  0.58713079143476998     
           2           6   1.2550315024354446     
           6           7   1.1287129440998978     
           7           8   1.6077277329965765     
           2           9   1.2464368027309853     
           8           9   1.1279981704545636     
           3          10   1.2441307707864939     
          10          11   1.1577159354210529     
          11          12   1.5278172272405377     
           3          13   1.2560552584525024     
          12          13   1.1153761749710120     
           4          14   1.2390686112100502     
          14          15   1.1600653571940549     
          15          16   1.5249040890741181     
           4          17   1.2606718454270791     
          16          17   1.1190894233900137     
           5          18   1.2496113252712453     
          18          19   1.1307738380049590     
          19          20   1.6042593424230902     
           5          21   1.2510969068248032     
          20          21   1.1311681987966282     
           6          22   1.3532153225487586     
          21          22   1.3550613359832020     
          22          23  0.96253772183842756     
           9          24   1.3659941293001137     
          10          24   1.3385359308936728     
          24          25  0.96094537409910652     
          13          26   1.3614960163564200     
          14          26   1.3419269638410740     
          26          27  0.95874948989618525     
          17          28   1.3496593337581322     
          18          28   1.3575549010343699     
          28          29  0.96048501876250603     
           8          30   1.0286955214592597     
          30          31  0.98060771981582129     
          30          32  0.97340791490278322     
          30          33  0.97360289900311470     
           7          34   1.0286963271320559     
          34          35  0.97332663820527876     
          34          36  0.97368430910413306     
          34          37  0.98062715302112113     
          11          38   1.0323049577094978     
          38          39  0.97681250327017799     
          38          40  0.96819678691384303     
          38          41  0.97746184350996335     
          12          42   1.1081184299140501     
          42          43  0.95863307871394488     
          42          44   1.8820137422814986     
          44          45  0.97587952080780171     
          44          46  0.97951366947493868     
          15          47   1.0321432687322618     
          47          48  0.97657756166540055     
          47          49  0.96835141126644930     
          47          50  0.97775484369268018     
          16          51   1.1068271015425810     
          51          52  0.95866436609286765     
          51          53   1.8832902403457124     
          53          54  0.97591224882559524     
          53          55  0.97947848703250984     
          19          56   1.0286370267849310     
          56          57  0.97353325443377758     
          56          58  0.97350690393638106     
          56          59  0.98061544543633461     
          20          60   1.0286312100359849     
          60          61  0.98064257719454728     
          60          62  0.97375017846950795     
          60          63  0.97334447891722298     
          64          65  0.97155549676460096     
          64          66  0.97152686983374936     
          64          67  0.98225694887949355     
          68          69  0.94197671570027697     
          64          70   1.0312058005857969     
          68          70   1.1871757388250903     
          68          71   1.2611978073927268     
          70          71  0.11272545323026609     
          71          72  0.95543229124788787     
           1          73  0.49366356206543982     
          71          73   1.4857778771818142     
          70          74   1.5614482979726285     
          73          74   1.2502722324315605     
          74          75  0.96052819734962769     
          76          77  0.97177265221201359     
          76          78  0.97128589701498180     
          76          79  0.98223671709813609     
          80          81  0.94197926246865693     
          76          82   1.0312254198973789     
          80          82   1.1871386554946659     
          80          83   1.2615479732071535     
          82          83  0.11264219731016215     
          83          84  0.95527080811114573     
           1          85  0.49344609539623496     
          83          85   1.4858953726382866     
          82          86   1.5614445134964825     
          85          86   1.2502902538526104     
          86          87  0.96059228923565310     
