    0.42845048
   -0.21807152
   -0.22376845
   -0.22388973
   -0.21749914
    0.05492606
   -0.02830186
   -0.02979364
    0.05276173
    0.04975390
   -0.03312510
   -0.03090768
    0.05326113
    0.05538864
   -0.03385483
   -0.02451820
    0.05195586
    0.05541540
   -0.03479449
   -0.02188439
    0.05329414
   -0.06771071
    0.03621120
   -0.07365629
    0.03401332
   -0.07119835
    0.03205787
   -0.07268863
    0.03084280
   -0.09864666
    0.03468764
    0.03826192
    0.03417223
   -0.09823444
    0.03788629
    0.03302266
    0.03419014
   -0.09995259
    0.03732329
    0.03450843
    0.04180665
   -0.02717343
    0.02279346
   -0.09716339
    0.03410007
    0.02251053
   -0.09882619
    0.03559258
    0.03321327
    0.04122440
   -0.02730374
    0.02348197
   -0.09687511
    0.03366792
    0.02212182
   -0.09773994
    0.03616462
    0.03458982
    0.03311379
   -0.09793739
    0.03351254
    0.03280139
    0.03620219
   -0.11707412
    0.05592192
    0.05603599
    0.06326757
   -0.08475771
    0.17364931
    0.03782895
    0.07416372
    0.06961088
   -0.13034296
   -0.00191373
    0.06619827
   -0.10790970
    0.04536365
    0.05753299
    0.04853238
   -0.02090901
    0.05782074
    0.05077844
   -0.06030876
   -0.07227755
    0.06430881
    0.05931400
    0.07139967
