           1           2  0.58297414830864203     
           1           3  0.56690215930163312     
           1           4  0.56766640838121707     
           1           5  0.58263414122654000     
           2           6   1.2560466943408060     
           6           7   1.1260993982097545     
           7           8   1.6107350574191233     
           2           9   1.2446429849751817     
           8           9   1.1254438395465565     
           3          10   1.2348821094966069     
          10          11   1.1625391259858908     
          11          12   1.5261919213589350     
           3          13   1.2467902822916126     
          12          13   1.1238631724128680     
           4          14   1.2336005217389114     
          14          15   1.1604335765923151     
          15          16   1.5334086036230197     
           4          17   1.2511054154857981     
          16          17   1.1241624460503956     
           5          18   1.2490797383282655     
          18          19   1.1236616665722590     
          19          20   1.6127409780890527     
           5          21   1.2523578511306974     
          20          21   1.1241453299153963     
           6          22   1.3572176092810917     
          21          22   1.3627686757906861     
          22          23  0.96153885024716357     
           9          24   1.3699862148336117     
          10          24   1.3419045673674530     
          24          25  0.96040888125930290     
          13          26   1.3626715940791552     
          14          26   1.3477307857174734     
          26          27  0.95987995301423357     
          17          28   1.3531587652381238     
          18          28   1.3655964176948596     
          28          29  0.95784524683950578     
           8          30   1.0300975879725915     
          30          31  0.98024037867913849     
          30          32  0.97270380021660408     
          30          33  0.97249053813556130     
           7          34   1.0305477385585293     
          34          35  0.97273221346492955     
          34          36  0.97181850456510055     
          34          37  0.98028497231842593     
          11          38   1.0333289664950136     
          38          39  0.96737922806792820     
          38          40  0.97604285851559180     
          38          41  0.97726937977597106     
          12          42   1.1024670944142918     
          42          43  0.95825412492448936     
          42          44   1.8895016150555242     
          44          45  0.97568594451749635     
          44          46  0.97920484796290608     
          15          47   1.0317856122345792     
          47          48  0.97306477751924803     
          47          49  0.96997013831413736     
          47          50  0.98199153303538178     
          16          51   1.0938519199156715     
          51          52  0.95744663368214455     
          51          53   1.8992478949972620     
          53          54  0.97506734596081912     
          53          55  0.97889808338159279     
          19          56   1.0308215032221744     
          56          57  0.97208790009521640     
          56          58  0.97212845556247784     
          56          59  0.98023229477359430     
          20          60   1.0306453316033111     
          60          61  0.98027606269011203     
          60          62  0.97190449067819340     
          60          63  0.97267785353310721     
           1          64  0.27435491685740437     
          64          65  0.88027748754369206     
          64          66  0.87994367342982649     
          67          68  0.98102138354031565     
          67          69  0.97870597551086935     
          67          70  0.97446318001591792     
           1          71  0.43902998913631169     
          67          71  0.99315766585271725     
          71          72  0.94163709950524177     
