    0.46663922
   -0.21795194
   -0.24834356
   -0.24371195
   -0.21770304
    0.05717471
   -0.02679005
   -0.02863694
    0.05458917
    0.04989463
   -0.02362584
   -0.03400794
    0.04938899
    0.04822650
   -0.02519607
   -0.03066851
    0.05519436
    0.05547856
   -0.02557983
   -0.02546529
    0.05912429
   -0.06409617
    0.04133770
   -0.07236075
    0.03584678
   -0.07810345
    0.03375013
   -0.06988515
    0.04493293
   -0.09971763
    0.03607671
    0.03838211
    0.03606146
   -0.10035931
    0.03726205
    0.04003862
    0.03598191
   -0.10087892
    0.03702582
    0.03602864
    0.04296841
   -0.02850660
    0.02485424
   -0.09545833
    0.03550533
    0.02493688
   -0.09975901
    0.03778791
    0.03742658
    0.03846157
   -0.02638710
    0.02828674
   -0.09487036
    0.03330304
    0.02715091
   -0.10056644
    0.04005592
    0.03840165
    0.03690648
   -0.10049920
    0.03681846
    0.03939082
    0.03868857
   -0.47967759
    0.32475680
    0.32539573
   -0.07586519
    0.07082821
    0.07416629
    0.07618386
   -0.11243072
    0.16639317
