    0.44071108
   -0.23353762
   -0.20567562
   -0.20518490
   -0.23294501
    0.04503152
   -0.03401274
   -0.03098181
    0.04920918
    0.05349020
   -0.02861054
   -0.02810512
    0.05587905
    0.05895439
   -0.03084427
   -0.01999845
    0.05370763
    0.05236253
   -0.03359518
   -0.02560046
    0.04554970
   -0.07955701
    0.03184988
   -0.07006440
    0.03659236
   -0.06573951
    0.03760868
   -0.06920807
    0.03592225
   -0.09795736
    0.03344043
    0.03448448
    0.03361449
   -0.09896442
    0.03629069
    0.03559101
    0.03351522
   -0.09966576
    0.04201367
    0.03367349
    0.03464865
   -0.02743631
    0.02480064
   -0.09696296
    0.03342995
    0.02303143
   -0.10049681
    0.03560740
    0.03739903
    0.04347993
   -0.02679888
    0.02676469
   -0.09733445
    0.03411464
    0.02316339
   -0.09930718
    0.03873800
    0.03580498
    0.03459070
   -0.09902215
    0.03699094
    0.03477127
    0.03532766
   -0.48078380
    0.32137061
    0.32121970
   -0.11804012
    0.05693015
    0.05652131
    0.06403110
   -0.08433181
    0.17430468
    0.03873303
    0.07302858
    0.06959180
   -0.13164141
   -0.00324976
    0.06776769
