           1           2  0.58238783671088101     
           1           3  0.56693583918314039     
           1           4  0.56664535103271885     
           1           5  0.58228370128527318     
           2           6   1.2566039660417467     
           6           7   1.1263317392284449     
           7           8   1.6103601588661898     
           2           9   1.2441872246447123     
           8           9   1.1257928646584989     
           3          10   1.2345391028500987     
          10          11   1.1626928959293410     
          11          12   1.5271008857876678     
           3          13   1.2471622033608618     
          12          13   1.1241914137685209     
           4          14   1.2318565336251845     
          14          15   1.1591310308610252     
          15          16   1.5292170356965868     
           4          17   1.2536133152170892     
          16          17   1.1234114378397329     
           5          18   1.2503361949811589     
          18          19   1.1233216724131088     
          19          20   1.6131821579860515     
           5          21   1.2518716942451231     
          20          21   1.1236295901145181     
           6          22   1.3563354077573599     
          21          22   1.3639311426264036     
          22          23  0.96149757808540059     
           9          24   1.3702067213890645     
          10          24   1.3417785729712814     
          24          25  0.96051712859782268     
          13          26   1.3614369440412435     
          14          26   1.3504999401018141     
          26          27  0.95848952883392846     
          17          28   1.3541372654010302     
          18          28   1.3650473815790776     
          28          29  0.95968359919412038     
           8          30   1.0300726132418683     
          30          31  0.98023225599118735     
          30          32  0.97270440604578545     
          30          33  0.97251268201916474     
           7          34   1.0305603093241429     
          34          35  0.97273603629260563     
          34          36  0.97179143280578106     
          34          37  0.98027768289904393     
          11          38   1.0331981758256132     
          38          39  0.97626481733866000     
          38          40  0.96728697867213842     
          38          41  0.97739887408675119     
          12          42   1.1013747463135157     
          42          43  0.95839876473090901     
          42          44   1.8906399587894285     
          44          45  0.97565916439861455     
          44          46  0.97916654382963042     
          15          47   1.0335480529335082     
          47          48  0.97598409984078516     
          47          49  0.97720424229362968     
          47          50  0.96716294520395940     
          16          51   1.1014783075724219     
          51          52  0.95842328087846651     
          51          53   1.8909694163859301     
          53          54  0.97554273210456044     
          53          55  0.97910814170963656     
          19          56   1.0307106421308294     
          56          57  0.97207652640573572     
          56          58  0.97232272144811249     
          56          59  0.98019235617173917     
          20          60   1.0307096624477274     
          60          61  0.98023133134626805     
          60          62  0.97191680914017176     
          60          63  0.97256978762795065     
           1          64  0.27447517299318280     
          64          65  0.87994532454855134     
          64          66  0.88015533619572339     
          67          68  0.98096585416890680     
          67          69  0.97866493755468820     
          67          70  0.97445948804023608     
           1          71  0.43999712519120204     
          67          71  0.99308740432751419     
          71          72  0.94195522005552579     
