    0.46578538
   -0.21827938
   -0.24847970
   -0.24402349
   -0.21747749
    0.05727164
   -0.02679188
   -0.02874361
    0.05437026
    0.04961972
   -0.02382355
   -0.03407165
    0.04929593
    0.04842865
   -0.02247374
   -0.03092676
    0.05421679
    0.05604928
   -0.02566558
   -0.02528473
    0.05932165
   -0.06400232
    0.04145496
   -0.07253108
    0.03592771
   -0.07754783
    0.03385498
   -0.06929651
    0.03948048
   -0.09969629
    0.03611823
    0.03885765
    0.03546290
   -0.10036715
    0.03731493
    0.04003141
    0.03600193
   -0.10082728
    0.03438823
    0.03849708
    0.04272242
   -0.02842897
    0.02489872
   -0.09518307
    0.03600113
    0.02519918
   -0.10096513
    0.03556890
    0.04335799
    0.03885327
   -0.02759755
    0.02615785
   -0.09447053
    0.03700348
    0.02602148
   -0.10027407
    0.03996143
    0.03798815
    0.03681337
   -0.10050188
    0.03684392
    0.03949473
    0.03877062
   -0.47961194
    0.32501054
    0.32503675
   -0.07602893
    0.07101356
    0.07419114
    0.07610164
   -0.11163134
    0.16624340
