           1           2  0.59831768614896119     
           1           3  0.59693739307252147     
           1           4  0.58500216641162084     
           1           5  0.58394657137240635     
           2           6   1.2508831937178129     
           6           7   1.1277367090293693     
           7           8   1.6088417098405416     
           2           9   1.2462628161308793     
           8           9   1.1270260881083849     
           3          10   1.2461312127724513     
          10          11   1.1504801254395645     
          11          12   1.5373818638169980     
           3          13   1.2545735295217999     
          12          13   1.1113014639387377     
           4          14   1.2344537354638221     
          14          15   1.1610497730610978     
          15          16   1.5253949546022156     
           4          17   1.2538129469738442     
          16          17   1.1215486350624486     
           5          18   1.2426451489624286     
          18          19   1.1373323682804686     
          19          20   1.5965689693751259     
           5          21   1.2428158163559953     
          20          21   1.1383905492334931     
           6          22   1.3571601424671291     
          21          22   1.3551008065369257     
          22          23  0.96221359167109588     
           9          24   1.3683951157152447     
          10          24   1.3450658189364693     
          24          25  0.96050025845686449     
          13          26   1.3654569661329057     
          14          26   1.3443484606740288     
          26          27  0.95847852599576633     
          17          28   1.3553016998498064     
          18          28   1.3588635886572769     
          28          29  0.96011909830515241     
           8          30   1.0298605266261369     
          30          31  0.98042890623816958     
          30          32  0.97256265634856098     
          30          33  0.97294560567160182     
           7          34   1.0291591276828529     
          34          35  0.97317818877398388     
          34          36  0.97326973376231463     
          34          37  0.98041972942687816     
          11          38   1.0334573051073419     
          38          39  0.97643017934496945     
          38          40  0.96721868280639534     
          38          41  0.97735924487258041     
          12          42   1.1047659538766970     
          42          43  0.95836445421593996     
          42          44   1.8866436900904593     
          44          45  0.97570389281909176     
          44          46  0.97932268940459399     
          15          47   1.0329765088086829     
          47          48  0.96762002877832298     
          47          49  0.97643851924791103     
          47          50  0.97718902731619850     
          16          51   1.1052091979591103     
          51          52  0.95868460621510443     
          51          53   1.8859686456048179     
          53          54  0.97573573624635324     
          53          55  0.97936332323525987     
          19          56   1.0293337721974354     
          56          57  0.97336503269640362     
          56          58  0.97265831158620553     
          56          59  0.98046707964583124     
          20          60   1.0288562528200809     
          60          61  0.97355169381559281     
          60          62  0.98051237350168918     
          60          63  0.97308369543346063     
           1          64  0.26264143629514275     
          64          65  0.88419433974597361     
          64          66  0.88380213587561385     
          67          68  0.97069249638611965     
          67          69  0.97122536372396628     
          67          70  0.98185932453231084     
          71          72  0.94124069674670396     
          67          73   1.0317552842760194     
          71          73   1.1886584289803559     
          71          74   1.2621820727580613     
          73          74  0.11217108206867570     
          74          75  0.95386188296310226     
           1          76  0.50964131020040160     
          74          76   1.4790926154330093     
          73          77   1.5599888501794847     
          76          77   1.2462370302860375     
          77          78  0.95870644947813677     
