    0.44109793
   -0.21090681
   -0.20428299
   -0.22756259
   -0.23436882
    0.05033870
   -0.03055652
   -0.02797420
    0.05520547
    0.05614340
   -0.01897357
   -0.03185124
    0.05641361
    0.04968811
   -0.02332671
   -0.03395545
    0.05168710
    0.04805308
   -0.03187285
   -0.03317923
    0.04620288
   -0.07573962
    0.03432754
   -0.06430956
    0.03902074
   -0.07065703
    0.03489654
   -0.07372882
    0.03378105
   -0.09946781
    0.03446988
    0.03916358
    0.03520219
   -0.09852836
    0.03325853
    0.03713218
    0.03449057
   -0.10113135
    0.03493120
    0.03986588
    0.04276314
   -0.02697393
    0.02381814
   -0.09686403
    0.03567968
    0.02302453
   -0.10042169
    0.03675481
    0.03551595
    0.04205431
   -0.02755762
    0.02345981
   -0.09702058
    0.03451245
    0.02248181
   -0.09837714
    0.03568237
    0.03532430
    0.03338321
   -0.09835220
    0.03318051
    0.03366481
    0.03590119
   -0.48054448
    0.32113441
    0.32158473
   -0.11785814
    0.05690457
    0.05639300
    0.06386487
   -0.08418106
    0.17417464
    0.03855897
    0.07270116
    0.06981247
   -0.13162776
   -0.00299973
    0.06745187
