    0.39609669
   -0.21040002
   -0.21652804
   -0.20969595
   -0.20324310
    0.05120937
   -0.03222529
   -0.03250311
    0.04935926
    0.04850942
   -0.03345455
   -0.03313174
    0.04861651
    0.05263085
   -0.03495782
   -0.02308391
    0.05181400
    0.05703732
   -0.03330235
   -0.02599828
    0.05219798
   -0.07083277
    0.03200545
   -0.07423755
    0.03117810
   -0.07355939
    0.03104738
   -0.07000168
    0.03765679
   -0.09716796
    0.03402482
    0.03363499
    0.03188528
   -0.09690351
    0.03193759
    0.03437683
    0.03201336
   -0.09790464
    0.03528867
    0.03473381
    0.03466437
   -0.02572750
    0.02328776
   -0.09719007
    0.03079052
    0.02144255
   -0.09920902
    0.03570836
    0.03419695
    0.04062259
   -0.02684791
    0.02098931
   -0.09874161
    0.03283807
    0.01985404
   -0.09673980
    0.03455239
    0.03245774
    0.03179522
   -0.09678785
    0.03189868
    0.03386899
    0.03221572
   -0.11609733
    0.05465556
    0.05408254
    0.06211110
   -0.08662896
    0.17142747
    0.03691995
    0.07467031
    0.06695212
   -0.12547374
   -0.00135039
    0.06447476
   -0.11597292
    0.05406586
    0.05467735
    0.06157119
   -0.08645435
    0.17166235
    0.03681766
    0.07479758
    0.06734449
   -0.12517118
   -0.00127259
    0.06412886
