    0.44056363
   -0.20976124
   -0.21136432
   -0.22806137
   -0.22737985
    0.05310652
   -0.02881587
   -0.02971706
    0.05294804
    0.05306694
   -0.02140429
   -0.03185140
    0.05528964
    0.04980231
   -0.02242346
   -0.03483386
    0.05158128
    0.04786605
   -0.03241609
   -0.03044974
    0.05040589
   -0.06945014
    0.03673353
   -0.06934183
    0.03704501
   -0.06980517
    0.03568775
   -0.07611577
    0.03258396
   -0.09896111
    0.03310200
    0.03457736
    0.03899166
   -0.09905045
    0.03510416
    0.03765487
    0.03439803
   -0.10065029
    0.03288305
    0.04000345
    0.04214310
   -0.02688644
    0.02367994
   -0.09678000
    0.03574749
    0.02314389
   -0.10026688
    0.03470824
    0.03738270
    0.04212281
   -0.02770352
    0.02348983
   -0.09725440
    0.03433637
    0.02259971
   -0.09824207
    0.03492765
    0.03528324
    0.03365513
   -0.09898512
    0.03573942
    0.03389540
    0.03597947
   -0.48040567
    0.32121536
    0.32145563
   -0.11776371
    0.05643432
    0.05667455
    0.06369162
   -0.08387514
    0.17432977
    0.03829858
    0.07266886
    0.07003467
   -0.13140058
   -0.00288359
    0.06726752
