    0.45094489
   -0.21297651
   -0.22496463
   -0.22243082
   -0.24127504
    0.05602596
   -0.02713634
   -0.02867246
    0.05238272
    0.05031401
   -0.02210019
   -0.03247243
    0.05265102
    0.05227234
   -0.02009655
   -0.03086787
    0.05772541
    0.04605622
   -0.03104092
   -0.02914365
    0.05230239
   -0.06761615
    0.03927468
   -0.07150127
    0.03794382
   -0.07131963
    0.03692261
   -0.07344486
    0.03657381
   -0.09949621
    0.03579754
    0.03971553
    0.03374718
   -0.09990000
    0.03598131
    0.03997934
    0.03543706
   -0.10101969
    0.03349140
    0.04005907
    0.04296155
   -0.02745354
    0.02469582
   -0.09636995
    0.03619184
    0.02450132
   -0.10106077
    0.03502295
    0.03948204
    0.04301160
   -0.02708951
    0.02438802
   -0.09555376
    0.03657142
    0.02439237
   -0.09981663
    0.03580539
    0.03883582
    0.03529478
   -0.10000027
    0.03642720
    0.03534866
    0.03869768
   -0.11803639
    0.05686627
    0.05706101
    0.06394204
   -0.08356096
    0.17471133
    0.03847947
    0.07250372
    0.06970577
   -0.13501239
   -0.00342627
    0.06667732
    0.34922022
   -0.31972538
   -0.24803679
    0.34622390
