           1           2  0.59719020859432714     
           1           3  0.58164784362419442     
           1           4  0.58721317422065467     
           1           5  0.59803207044428897     
           2           6   1.2546377428570359     
           6           7   1.1277875600524505     
           7           8   1.6086536222763739     
           2           9   1.2420357913160929     
           8           9   1.1272366625043850     
           3          10   1.2382177861559416     
          10          11   1.1637163095485843     
          11          12   1.5300089951235045     
           3          13   1.2476841372582332     
          12          13   1.1232406764868719     
           4          14   1.2322627224659792     
          14          15   1.1598353532885688     
          15          16   1.5264609379901277     
           4          17   1.2552069604199094     
          16          17   1.1215553893482388     
           5          18   1.2486909006893854     
          18          19   1.1256755299015577     
          19          20   1.6103567224304669     
           5          21   1.2519440824084664     
          20          21   1.1260073149375800     
           6          22   1.3560529420922913     
          21          22   1.3607309993452072     
          22          23  0.96189984371098192     
           9          24   1.3703368084185901     
          10          24   1.3379402907579498     
          24          25  0.96219702811163499     
          13          26   1.3611434353356930     
          14          26   1.3491752563602324     
          26          27  0.95679020492495592     
          17          28   1.3514339917869489     
          18          28   1.3619856428113051     
          28          29  0.96018195847603360     
           8          30   1.0291166638283675     
          30          31  0.98043761743988467     
          30          32  0.97311350104562444     
          30          33  0.97340524268274864     
           7          34   1.0298115638623715     
          34          35  0.97246757300739095     
          34          36  0.97308825263984955     
          34          37  0.98047549908499021     
          11          38   1.0305372541712179     
          38          39  0.97357305287787654     
          38          40  0.97099321856384846     
          38          41  0.98230914477358366     
          12          42   1.0958230414615391     
          42          43  0.95784813522356071     
          42          44   1.8960389316642401     
          44          45  0.97503238482273180     
          44          46  0.97907390001711181     
          15          47   1.0330188423773579     
          47          48  0.97662086780360957     
          47          49  0.96743855792184885     
          47          50  0.97721377044056634     
          16          51   1.1047841560622014     
          51          52  0.95868785304717052     
          51          53   1.8865170666893734     
          53          54  0.97572862626605483     
          53          55  0.97934191806788484     
          19          56   1.0296182475019715     
          56          57  0.97250399889838535     
          56          58  0.97335338911618896     
          56          59  0.98041463662072126     
          20          60   1.0297912025738352     
          60          61  0.97219402246867093     
          60          62  0.98044414445744033     
          60          63  0.97349748900679656     
           1          64  0.26167001667389056     
          64          65  0.88412660734854631     
          64          66  0.88425885675877858     
          67          68  0.97097580589174459     
          67          69  0.97099152071521722     
          67          70  0.98186141476876931     
          71          72  0.94122992419415652     
          67          73   1.0317202220189057     
          71          73   1.1887400591765493     
          71          74   1.2619228233165967     
          73          74  0.11224087337096286     
          74          75  0.95425477762805488     
           1          76  0.51001196152335004     
          74          76   1.4789340359950749     
          73          77   1.5599880700953535     
          76          77   1.2461601672766078     
          77          78  0.95874361278779174     
