           1           2  0.59820513004614395     
           1           3  0.59511169093369021     
           1           4  0.58419565568816334     
           1           5  0.58687751911404129     
           2           6   1.2529119663686867     
           6           7   1.1273518092308064     
           7           8   1.6089491817700168     
           2           9   1.2451112981712600     
           8           9   1.1271218332709869     
           3          10   1.2437530229402376     
          10          11   1.1533126473980142     
          11          12   1.5350073415366605     
           3          13   1.2544334082579820     
          12          13   1.1135962882918773     
           4          14   1.2349537634328411     
          14          15   1.1608099733115773     
          15          16   1.5261384756478595     
           4          17   1.2535192177564953     
          16          17   1.1213779908695833     
           5          18   1.2428305979238381     
          18          19   1.1349719534405462     
          19          20   1.5995117328352182     
           5          21   1.2447412231811363     
          20          21   1.1357458157758427     
           6          22   1.3574533404055362     
          21          22   1.3583626721474766     
          22          23  0.96201967771537644     
           9          24   1.3676680738425286     
          10          24   1.3428532718794486     
          24          25  0.96051381260813051     
          13          26   1.3653725053134691     
          14          26   1.3466374880914238     
          26          27  0.95850489111716342     
          17          28   1.3535418954610787     
          18          28   1.3580490276851664     
          28          29  0.96008529722317482     
           8          30   1.0294196217316258     
          30          31  0.98042197205699078     
          30          32  0.97281186321613211     
          30          33  0.97325955515679219     
           7          34   1.0295798697486391     
          34          35  0.97328728780980778     
          34          36  0.97262823900914785     
          34          37  0.98043546971683326     
          11          38   1.0330321884598985     
          38          39  0.97649695803065373     
          38          40  0.96741797298952492     
          38          41  0.97750925899537322     
          12          42   1.1043694996534952     
          42          43  0.95833346692815036     
          42          44   1.8870709264372152     
          44          45  0.97568604548821669     
          44          46  0.97930389598620482     
          15          47   1.0330471244166501     
          47          48  0.97626956753938665     
          47          49  0.96760047786422843     
          47          50  0.97748822743662223     
          16          51   1.1042491466691087     
          51          52  0.95841371568802769     
          51          53   1.8869681899704438     
          53          54  0.97934388111147164     
          53          55  0.97578108728911095     
          19          56   1.0291636991832473     
          56          57  0.97281889105929342     
          56          58  0.97342135002688390     
          56          59  0.98044144584063453     
          20          60   1.0293725557796392     
          60          61  0.98049301221017826     
          60          62  0.97284092847664216     
          60          63  0.97317536934562132     
          64          65  0.97085185163274323     
          64          66  0.97110213613440466     
          64          67  0.98189087972883982     
          68          69  0.94116829239106259     
          64          70   1.0317559886297618     
          68          70   1.1886768477079834     
          68          71   1.2625315905815353     
          70          71  0.11243158134636251     
          71          72  0.95293674892889058     
           1          73  0.50897180281758703     
          71          73   1.4787616049199785     
          70          74   1.5595964701660245     
          73          74   1.2469472244373716     
          74          75  0.95971345923001494     
           1          76  0.26271185628134180     
          76          77  0.88443911873244652     
          76          78  0.88382707863759746     
