    0.63872061
   -0.21386372
   -0.20639141
   -0.20140733
   -0.20808420
    0.06419174
   -0.02256859
   -0.02216226
    0.05950293
    0.06156563
   -0.01293325
   -0.02353272
    0.07575936
    0.07386074
   -0.01495947
   -0.02128271
    0.06971356
    0.06187237
   -0.02068591
   -0.02228383
    0.06448605
   -0.06500124
    0.04920462
   -0.06642888
    0.04574541
   -0.05589370
    0.04901578
   -0.06362925
    0.05134029
   -0.10163367
    0.04033139
    0.04562748
    0.03787591
   -0.10211289
    0.03905520
    0.04533654
    0.04012870
   -0.10290217
    0.03905515
    0.04332439
    0.04991307
   -0.02560495
    0.03461692
   -0.09505245
    0.03617561
    0.02928755
   -0.10274652
    0.04006037
    0.04927744
    0.04292347
   -0.02551037
    0.03070090
   -0.09212856
    0.04248327
    0.03092681
   -0.10221626
    0.03997905
    0.04613225
    0.04054565
   -0.10215754
    0.04053212
    0.04484679
    0.03927069
   -0.29390343
   -0.16508979
   -0.11744970
    0.05767067
    0.05803838
    0.06408419
   -0.08462630
    0.17579006
    0.03907251
    0.08488756
    0.06148300
   -0.18160562
    0.00411132
    0.05732517
