           1           2  0.57688354033216249     
           1           3  0.57496736194183573     
           1           4  0.57575093311523462     
           1           5  0.58358673406393413     
           2           6   1.2558207732691791     
           6           7   1.1308255160570457     
           7           8   1.6017819419026558     
           2           9   1.2414451973227962     
           8           9   1.1293817166832292     
           3          10   1.2438077571603063     
          10          11   1.1512092217488654     
          11          12   1.5331551508140848     
           3          13   1.2601165513864625     
          12          13   1.1168877386290985     
           4          14   1.2460037868141223     
          14          15   1.1477054085412590     
          15          16   1.5440093395155161     
           4          17   1.2600167214650411     
          16          17   1.1131068740728669     
           5          18   1.2443871350836855     
          18          19   1.1300485735316745     
          19          20   1.5999935420490963     
           5          21   1.2530995987450193     
          20          21   1.1317631354439754     
           6          22   1.3571166819363469     
          21          22   1.3583826046146750     
          22          23  0.96078719255414513     
           9          24   1.3642725987500213     
          10          24   1.3421349914819909     
          24          25  0.96010579302110233     
          13          26   1.3610337463856619     
          14          26   1.3528479371507263     
          26          27  0.95861492179649566     
          17          28   1.3523853229830012     
          18          28   1.3577422654945288     
          28          29  0.95748913768872423     
           8          30   1.0315213177305056     
          30          31  0.97988801630464106     
          30          32  0.97096027924324591     
          30          33  0.97240364892129505     
           7          34   1.0313598307271294     
          34          35  0.97237803906269571     
          34          36  0.97118885372922370     
          34          37  0.97990764792056573     
          11          38   1.0349573979224327     
          38          39  0.96687278981010449     
          38          40  0.97496885245980391     
          38          41  0.97655805112017657     
          12          42   1.1013808346547986     
          42          43  0.95729704569150165     
          42          44   1.8920647327597644     
          44          45  0.97555521929058697     
          44          46  0.97893622090788524     
          15          47   1.0338835243268101     
          47          48  0.97258258479855031     
          47          49  0.96760752415958851     
          47          50  0.98173084809507660     
          16          51   1.0923166845639636     
          51          52  0.95692530618148419     
          51          53   1.9022239171080368     
          53          54  0.97429895183456150     
          53          55  0.97857310041976164     
          19          56   1.0320134620628942     
          56          57  0.97234804792032326     
          56          58  0.97026611875768076     
          56          59  0.97987967479146465     
          20          60   1.0312851663688229     
          60          61  0.97989999269788441     
          60          62  0.97115485737782481     
          60          63  0.97255096013521347     
           1          64  0.67634191812931421     
           1          65   1.1687713699618751     
          64          65   1.1840561903499223     
          66          67  0.97050492231786545     
          66          68  0.97042158918824306     
          66          69  0.98172826943108227     
          70          71  0.94037232473219445     
          66          72   1.0324652435354655     
          70          72   1.1884109238314540     
          70          73   1.2727982719075643     
          72          73  0.11168517176468304     
          73          74  0.95824222994385644     
           1          75  0.33027265240600251     
          73          75   1.5199398102499480     
          72          76   1.5609704813920597     
          75          76   1.2703452195993075     
          76          77  0.96426346036215049     
