    0.44073429
   -0.23359016
   -0.23297867
   -0.20512624
   -0.20572034
    0.04918404
   -0.03098885
   -0.03401272
    0.04504291
    0.04555501
   -0.02560251
   -0.03359616
    0.05239192
    0.05372702
   -0.01998998
   -0.03083475
    0.05896425
    0.05587600
   -0.02810611
   -0.02862305
    0.05346374
   -0.07010408
    0.03657792
   -0.07955924
    0.03182854
   -0.06917698
    0.03594330
   -0.06573258
    0.03761027
   -0.09795465
    0.03361380
    0.03343336
    0.03448354
   -0.09896204
    0.03628269
    0.03558807
    0.03351334
   -0.09964908
    0.03366460
    0.03464610
    0.04202225
   -0.02744921
    0.02479281
   -0.09697965
    0.03344479
    0.02301714
   -0.10050940
    0.03562473
    0.03740012
    0.04347778
   -0.02679029
    0.02677588
   -0.09732658
    0.03411767
    0.02317263
   -0.09931007
    0.03873279
    0.03581087
    0.03459217
   -0.09902046
    0.03476908
    0.03532894
    0.03697875
   -0.48075823
    0.32136588
    0.32125847
   -0.11804024
    0.05685985
    0.05658639
    0.06403179
   -0.08433335
    0.17430486
    0.03873802
    0.07301156
    0.06961234
   -0.13162954
   -0.00325752
    0.06776047
