           1           2  0.59791315679071555     
           1           3  0.59701624836279832     
           1           4  0.58387658733769310     
           1           5  0.58418605355339615     
           2           6   1.2510989803285124     
           6           7   1.1277732764899628     
           7           8   1.6087819789966236     
           2           9   1.2464030925344805     
           8           9   1.1270461677535257     
           3          10   1.2460301515781034     
          10          11   1.1505434467170854     
          11          12   1.5372714632737223     
           3          13   1.2545537660204540     
          12          13   1.1112620450358652     
           4          14   1.2347978466328431     
          14          15   1.1606725249676892     
          15          16   1.5269112626841672     
           4          17   1.2540534184832894     
          16          17   1.1214687355533517     
           5          18   1.2426542981949567     
          18          19   1.1372002540630670     
          19          20   1.5967096935717191     
           5          21   1.2427877493998982     
          20          21   1.1382810685806133     
           6          22   1.3569433486335334     
          21          22   1.3553349650818647     
          22          23  0.96221569649188554     
           9          24   1.3682192805203917     
          10          24   1.3452224491484124     
          24          25  0.96045139331019169     
          13          26   1.3655203960729390     
          14          26   1.3443842589300201     
          26          27  0.95853994112020402     
          17          28   1.3553595501483728     
          18          28   1.3588613636115534     
          28          29  0.96004183221568573     
           8          30   1.0298543869808656     
          30          31  0.98042646338501016     
          30          32  0.97248431681919079     
          30          33  0.97302464770809616     
           7          34   1.0291578649540829     
          34          35  0.97332300137825145     
          34          36  0.97312978440629283     
          34          37  0.98042009731658897     
          11          38   1.0334734627595803     
          38          39  0.97633326198310744     
          38          40  0.96723119163362126     
          38          41  0.97737929280141089     
          12          42   1.1048592093092282     
          42          43  0.95836259746852592     
          42          44   1.8865497340680615     
          44          45  0.97570109926069259     
          44          46  0.97932624397348311     
          15          47   1.0328756755530204     
          47          48  0.97613165490207665     
          47          49  0.96776472833550686     
          47          50  0.97764201614998991     
          16          51   1.1034863062774019     
          51          52  0.95835999519300252     
          51          53   1.8878241101264499     
          53          54  0.97576399277214698     
          53          55  0.97931919160563230     
          19          56   1.0293353781667094     
          56          57  0.97305862018688738     
          56          58  0.97294896692956134     
          56          59  0.98046062166305781     
          20          60   1.0288726894157161     
          60          61  0.98049327219889759     
          60          62  0.97311824329844088     
          60          63  0.97349290035132285     
           1          64  0.26291700554504704     
          64          65  0.88422488279054068     
          64          66  0.88379915815248622     
          67          68  0.97066926850414981     
          67          69  0.97125186770939176     
          67          70  0.98185322862058444     
          71          72  0.94125451879296751     
          67          73   1.0317596874553097     
          71          73   1.1886345588731757     
          71          74   1.2620243759576610     
          73          74  0.11215694735076361     
          74          75  0.95381040901036696     
           1          76  0.51007036445242160     
          74          76   1.4790327278006217     
          73          77   1.5600100188041968     
          76          77   1.2461230385186997     
          77          78  0.95871878935656418     
