    0.44122585
   -0.21193465
   -0.20947985
   -0.22645142
   -0.22888054
    0.05219929
   -0.02920660
   -0.02975189
    0.05294306
    0.05296507
   -0.02445711
   -0.03141612
    0.05757633
    0.05019561
   -0.02204993
   -0.03523252
    0.05059327
    0.04828745
   -0.03226516
   -0.03072854
    0.04956735
   -0.07094500
    0.03602647
   -0.06939726
    0.03698956
   -0.06842404
    0.04193935
   -0.07610313
    0.03254593
   -0.09901102
    0.03440029
    0.03361269
    0.03855481
   -0.09892415
    0.03718510
    0.03498520
    0.03425665
   -0.09963011
    0.03911437
    0.03447778
    0.03748976
   -0.02599099
    0.02657269
   -0.09690096
    0.03275906
    0.02411877
   -0.10090995
    0.03594294
    0.03772071
    0.04223277
   -0.02793959
    0.02318372
   -0.09727935
    0.03454744
    0.02234045
   -0.09825753
    0.03479846
    0.03547788
    0.03350671
   -0.09882292
    0.03564693
    0.03376709
    0.03548313
   -0.48094531
    0.32152055
    0.32087924
   -0.11780504
    0.05663883
    0.05639814
    0.06384225
   -0.08388057
    0.17429710
    0.03833936
    0.07283091
    0.06973146
   -0.13126502
   -0.00286437
    0.06744281
