           1           2  0.58243421389512362     
           1           3  0.57593818158579335     
           1           4  0.56481551579216926     
           1           5  0.57538166116157385     
           2           6   1.2539281854397908     
           6           7   1.1263612010544257     
           7           8   1.6102435699870832     
           2           9   1.2466790537049126     
           8           9   1.1259833867850446     
           3          10   1.2412708548266445     
          10          11   1.1537004209149357     
          11          12   1.5354360954302841     
           3          13   1.2527534588999945     
          12          13   1.1163678208112726     
           4          14   1.2338218550989866     
          14          15   1.1598059220493269     
          15          16   1.5360364734325114     
           4          17   1.2513834379574542     
          16          17   1.1242809675547401     
           5          18   1.2432496373241411     
          18          19   1.1311116167467350     
          19          20   1.6040304644547085     
           5          21   1.2466444049066123     
          20          21   1.1319787939802537     
           6          22   1.3586849000934065     
          21          22   1.3605070011749747     
          22          23  0.96164812387927601     
           9          24   1.3681545191510156     
          10          24   1.3450268032031412     
          24          25  0.96045944349220547     
          13          26   1.3648350009225094     
          14          26   1.3479951873499094     
          26          27  0.96000159051980694     
          17          28   1.3542524776592115     
          18          28   1.3634545913223783     
          28          29  0.95785889064993557     
           8          30   1.0302329103516272     
          30          31  0.97297006137296937     
          30          32  0.98026072409774723     
          30          33  0.97201161649235501     
           7          34   1.0303485658562248     
          34          35  0.97310490178459907     
          34          36  0.97175085707205278     
          34          37  0.98026032668437513     
          11          38   1.0336143510189726     
          38          39  0.96741660108898841     
          38          40  0.97581893170757428     
          38          41  0.97720562773696817     
          12          42   1.1022945295773401     
          42          43  0.95829752917295075     
          42          44   1.8897624264976149     
          44          45  0.97569793572450303     
          44          46  0.97918965341646047     
          15          47   1.0315609899267135     
          47          48  0.97054906607039149     
          47          49  0.97243450222166727     
          47          50  0.98252689285325356     
          16          51   1.0906646132967386     
          51          52  0.95763058644439325     
          51          53   1.9025959609922671     
          53          54  0.97478100965993975     
          53          55  0.97880654341775319     
          19          56   1.0304275625012695     
          56          57  0.97121392874550516     
          56          58  0.97337955145339583     
          56          59  0.98023694807059447     
          20          60   1.0302940117456618     
          60          61  0.98033188697675144     
          60          62  0.97265966330112164     
          60          63  0.97219152268630882     
           1          64  0.27363541446643258     
          64          65  0.87990153076579047     
          64          66  0.87962867776513887     
          67          68  0.98108460608241566     
          67          69  0.97865729510594202     
          67          70  0.97426909068233980     
           1          71  0.43927712796472457     
          67          71  0.99306396688351783     
          71          72  0.94263876387546364     
