    0.46449648
   -0.21847596
   -0.22954981
   -0.24502010
   -0.23486188
    0.05538498
   -0.02768030
   -0.02831537
    0.05601385
    0.05508945
   -0.02079835
   -0.03152046
    0.05384338
    0.04768579
   -0.02549237
   -0.03097971
    0.05645560
    0.05108533
   -0.02839542
   -0.02793012
    0.05449221
   -0.06758745
    0.03962220
   -0.06832502
    0.03784095
   -0.07516994
    0.03539695
   -0.07238832
    0.04290362
   -0.10001434
    0.03613040
    0.03600396
    0.03931965
   -0.10000272
    0.03724339
    0.03881214
    0.03587104
   -0.10133642
    0.03704169
    0.03787021
    0.04401710
   -0.02757132
    0.02583632
   -0.09561327
    0.03548967
    0.02515484
   -0.10001153
    0.03834270
    0.03728774
    0.03841049
   -0.02699493
    0.02699043
   -0.09413756
    0.03663365
    0.02682225
   -0.10013712
    0.03995721
    0.03655066
    0.03616063
   -0.10018312
    0.03611683
    0.03729675
    0.03910015
   -0.47989112
    0.32525847
    0.32445106
   -0.07620576
    0.07103516
    0.07452198
    0.07586408
   -0.11062342
    0.16531179
