    0.42853868
   -0.21817934
   -0.22379602
   -0.22370138
   -0.21745273
    0.05497785
   -0.02825101
   -0.02986090
    0.05270338
    0.04969704
   -0.03308833
   -0.03080304
    0.05328033
    0.05543850
   -0.03383303
   -0.02451456
    0.05197835
    0.05534703
   -0.03483413
   -0.02173466
    0.05346226
   -0.06758611
    0.03628689
   -0.07393440
    0.03383096
   -0.07129028
    0.03200721
   -0.07258203
    0.03097156
   -0.09866569
    0.03467320
    0.03833414
    0.03418399
   -0.09820989
    0.03780674
    0.03301293
    0.03419035
   -0.09996393
    0.03747049
    0.03449731
    0.04183463
   -0.02723288
    0.02274211
   -0.09720485
    0.03419850
    0.02248704
   -0.09884916
    0.03559859
    0.03323928
    0.04128133
   -0.02730512
    0.02350084
   -0.09690568
    0.03363426
    0.02211093
   -0.09771622
    0.03607352
    0.03463459
    0.03310699
   -0.09791362
    0.03352196
    0.03277433
    0.03609710
   -0.11707247
    0.05590139
    0.05604173
    0.06326433
   -0.08478246
    0.17363240
    0.03782454
    0.07412610
    0.06961784
   -0.13040817
   -0.00195259
    0.06622005
   -0.10799531
    0.04539078
    0.05759565
    0.04851426
   -0.02084135
    0.05763162
    0.05077812
   -0.06025029
   -0.07234547
    0.06420177
    0.05929957
    0.07149180
