           1           2  0.58039827686942091     
           1           3  0.57686676066504705     
           1           4  0.57390162437748959     
           1           5  0.57625209294637303     
           2           6   1.2467885628734912     
           6           7   1.1263770701257230     
           7           8   1.6098170901402118     
           2           9   1.2523798531687735     
           8           9   1.1273717482309262     
           3          10   1.2472869605365036     
          10          11   1.1327387909572908     
          11          12   1.6011698715700735     
           3          13   1.2477226433249760     
          12          13   1.1327664533749700     
           4          14   1.2586108566303722     
          14          15   1.1182022550550741     
          15          16   1.5305975171722295     
           4          17   1.2373934203320653     
          16          17   1.1570670089726729     
           5          18   1.2531047812512615     
          18          19   1.1158455355512986     
          19          20   1.5314630086263599     
           5          21   1.2455715854800065     
          20          21   1.1558748557756302     
           6          22   1.3693432831794914     
          21          22   1.3412665374665296     
          22          23  0.96069020441262254     
           9          24   1.3568681838825019     
          10          24   1.3527719665029594     
          24          25  0.96227082757902638     
          13          26   1.3570784502023046     
          14          26   1.3523202169864921     
          26          27  0.96010951577425840     
          17          28   1.3434637819821438     
          18          28   1.3614006936013154     
          28          29  0.95878503499389689     
           7          30   1.0297096942131161     
          30          31  0.97290710277663273     
          30          32  0.97283458410963219     
          30          33  0.98045487174916701     
           8          34   1.0292516578363760     
          34          35  0.97315506878384994     
          34          36  0.97317381349259313     
          34          37  0.98046662510378269     
          20          38   1.0329743088621379     
          38          39  0.96763272206687145     
          38          40  0.97645701891737824     
          38          41  0.97752287419325068     
          19          42   1.1048360896651168     
          42          43  0.95861546664838981     
          42          44   1.8861597942303008     
          44          45  0.97582109083580049     
          44          46  0.97935764672337355     
          16          47   1.0326499177860906     
          47          48  0.96812086619546955     
          47          49  0.97581957810663167     
          47          50  0.97773058191233841     
          15          51   1.1037576011849402     
          51          52  0.95816604010107642     
          51          53   1.8873559760723797     
          53          54  0.97582857601517659     
          53          55  0.97934988237669662     
          12          56   1.0294337309809654     
          56          57  0.97264097244838543     
          56          58  0.97335518632830054     
          56          59  0.98049436965383208     
          11          60   1.0289084863230800     
          60          61  0.98050463577336155     
          60          62  0.97369355599665686     
          60          63  0.97288429720689973     
          64          65  0.97117658911886640     
          64          66  0.97099259774956503     
          64          67  0.98194880957553099     
          68          69  0.94135999849102270     
          64          70   1.0316799165065198     
          68          70   1.1880987508983873     
          68          71   1.2632604359363311     
          70          71  0.11254630444516832     
          71          72  0.95367481016160871     
           1          73  0.49398327453046503     
          71          73   1.4810470697145035     
          70          74   1.5596879154158345     
          73          74   1.2480893949961762     
          74          75  0.95906832489371563     
          76          77  0.98022973306636552     
          76          78  0.97929931293585259     
          76          79  0.98642181922953975     
          76          80   1.0263374816116007     
          80          81  0.96809551282993200     
          80          82  0.97312531179096662     
           1          83  0.39574899039318284     
          80          83  0.96213819495247666     
          83          84  0.99614481556996848     
          84          85  0.97710300882531909     
          84          86  0.98072923096090325     
          84          87  0.97542669892198175     
