    0.44077115
   -0.23412168
   -0.20997023
   -0.20434777
   -0.22853519
    0.04759288
   -0.03213379
   -0.03323760
    0.04603676
    0.05064077
   -0.02244235
   -0.03057546
    0.05826467
    0.05650317
   -0.01862202
   -0.03177612
    0.05638107
    0.04959870
   -0.03130785
   -0.03163984
    0.04848124
   -0.07466528
    0.03406810
   -0.07506266
    0.03423072
   -0.06332457
    0.03858814
   -0.07135792
    0.03497909
   -0.09838191
    0.03362620
    0.03610462
    0.03316938
   -0.09848882
    0.03514179
    0.03503388
    0.03341288
   -0.10024094
    0.03242445
    0.03881132
    0.04214094
   -0.02671622
    0.02498937
   -0.09631794
    0.03567423
    0.02353492
   -0.10115531
    0.03738313
    0.03790593
    0.04362551
   -0.02681905
    0.02519744
   -0.09745609
    0.03432792
    0.02283453
   -0.09874202
    0.03583333
    0.03601254
    0.03367226
   -0.09846110
    0.03380042
    0.03463208
    0.03526394
   -0.11791427
    0.05646323
    0.05670478
    0.06391751
   -0.08421843
    0.17423922
    0.03850415
    0.07272448
    0.06966730
   -0.13155592
   -0.00315746
    0.06764522
   -0.48047370
    0.32127821
    0.32138597
