    0.44105736
   -0.23389035
   -0.20876838
   -0.20540275
   -0.22922974
    0.04746998
   -0.03221028
   -0.03308070
    0.04654062
    0.05097283
   -0.02522677
   -0.03022550
    0.05976309
    0.05625640
   -0.01857537
   -0.03210373
    0.05581561
    0.04877739
   -0.03159432
   -0.03160557
    0.04872195
   -0.07476175
    0.03386882
   -0.07461223
    0.03449320
   -0.06344220
    0.04442770
   -0.07227866
    0.03467285
   -0.09846506
    0.03353376
    0.03591709
    0.03361712
   -0.09843495
    0.03501287
    0.03499813
    0.03335186
   -0.09921660
    0.03422072
    0.03790534
    0.03749839
   -0.02553451
    0.02719766
   -0.09640899
    0.03182525
    0.02465491
   -0.10141595
    0.03588959
    0.04043940
    0.04288212
   -0.02694744
    0.02344900
   -0.09705664
    0.03575891
    0.02276385
   -0.09860991
    0.03521513
    0.03616654
    0.03355041
   -0.09842210
    0.03367239
    0.03459659
    0.03519055
   -0.11782301
    0.05646087
    0.05665845
    0.06371953
   -0.08420641
    0.17419698
    0.03848676
    0.07289087
    0.06950057
   -0.13111902
   -0.00308991
    0.06757955
   -0.48057824
    0.32145503
    0.32124307
