    0.44074223
   -0.23211945
   -0.20302626
   -0.20684514
   -0.23507929
    0.04495985
   -0.03371575
   -0.03091972
    0.04986209
    0.05428576
   -0.01971240
   -0.03075307
    0.05898884
    0.05595556
   -0.01999710
   -0.03132139
    0.05582159
    0.04830775
   -0.03122253
   -0.03399499
    0.04520391
   -0.08004565
    0.03201741
   -0.06870261
    0.03672597
   -0.06527614
    0.03741744
   -0.07049933
    0.03569468
   -0.09895620
    0.03576505
    0.03359001
    0.03624757
   -0.09798699
    0.03310140
    0.03488020
    0.03358739
   -0.10076632
    0.03694111
    0.03589949
    0.04354909
   -0.02687604
    0.02702102
   -0.09735327
    0.03398739
    0.02321137
   -0.10094436
    0.03499658
    0.03995044
    0.04257975
   -0.02678538
    0.02394778
   -0.09687300
    0.03582587
    0.02290038
   -0.09878192
    0.03558534
    0.03655953
    0.03347963
   -0.09795780
    0.03358387
    0.03467381
    0.03311862
   -0.48050727
    0.32148343
    0.32122091
   -0.11804092
    0.05681210
    0.05658127
    0.06412395
   -0.08441462
    0.17414913
    0.03873170
    0.07286419
    0.06963224
   -0.13159089
   -0.00316779
    0.06766889
