           1           2  0.57344508427455210     
           1           3  0.57608929900817263     
           1           4  0.57789043379709482     
           1           5  0.57605396812100951     
           2           6   1.2428689288248491     
           6           7   1.1329049456742204     
           7           8   1.6018166039728867     
           2           9   1.2520978112697623     
           8           9   1.1342670205839922     
           3          10   1.2487345518317274     
          10          11   1.1291101429862178     
          11          12   1.6069113563838717     
           3          13   1.2489707986330383     
          12          13   1.1286870855961493     
           4          14   1.2635629416002303     
          14          15   1.1141644960286781     
          15          16   1.5340000241117828     
           4          17   1.2385819389252180     
          16          17   1.1520366496435945     
           5          18   1.2544788354215535     
          18          19   1.1203437829624483     
          19          20   1.5357760018745841     
           5          21   1.2388524878434475     
          20          21   1.1581723503211243     
           6          22   1.3644317269140933     
          21          22   1.3405882328098662     
          22          23  0.96258667391747887     
           9          24   1.3517648672133109     
          10          24   1.3593571476333535     
          24          25  0.96238888138333134     
          13          26   1.3598513119168598     
          14          26   1.3514785180302580     
          26          27  0.96003106085350343     
          17          28   1.3499677305341555     
          18          28   1.3534729065487467     
          28          29  0.95711972020951952     
           7          30   1.0286017971570258     
          30          31  0.97342234829897034     
          30          32  0.97361207089834612     
          30          33  0.98057845035526114     
           8          34   1.0290599462472776     
          34          35  0.97249107143840918     
          34          36  0.97389399037964819     
          34          37  0.98056184385690215     
          20          38   1.0301456971198388     
          38          39  0.97186725553363906     
          38          40  0.97299527581462186     
          38          41  0.98283263040929447     
          19          42   1.0937022654674780     
          42          43  0.95805947781428968     
          42          44   1.8984669617901040     
          44          45  0.97473705807195310     
          44          46  0.97902161588296244     
          16          47   1.0333383351818368     
          47          48  0.96717493213528694     
          47          49  0.97686989669939606     
          47          50  0.97708249656521806     
          15          51   1.1058276271243490     
          51          52  0.95853292879885854     
          51          53   1.8857271348450138     
          53          54  0.97568899728866709     
          53          55  0.97936388378401329     
          12          56   1.0297245527120085     
          56          57  0.97358371040863845     
          56          58  0.97210656675752505     
          56          59  0.98048051717522477     
          11          60   1.0291648780628839     
          60          61  0.97323859103668842     
          60          62  0.98055587534676802     
          60          63  0.97324239711556093     
          64          65  0.97102480772732203     
          64          66  0.97113560028011359     
          64          67  0.98192696647352795     
          68          69  0.94135948006023051     
          64          70   1.0316457597787942     
          68          70   1.1881515786574874     
          68          71   1.2620209511842662     
          70          71  0.11243553963651455     
          71          72  0.95447727641996249     
           1          73  0.49595640158776066     
          71          73   1.4812302239038591     
          70          74   1.5603000838674450     
          73          74   1.2467443387729533     
          74          75  0.95954779597445028     
          76          77  0.98022358766688322     
          76          78  0.97660277226778447     
          76          79  0.98642822881196845     
          76          80   1.0258917235495117     
          80          81  0.97022615511236676     
          80          82  0.97332430251654856     
           1          83  0.39731022579322223     
          80          83  0.96174419839710146     
          83          84  0.99555002363089651     
          84          85  0.97908513227561977     
          84          86  0.98110350755362163     
          84          87  0.97414454216764468     
