           1           2  0.58521741434676011     
           1           3  0.58398524799918705     
           1           4  0.59624774156764426     
           1           5  0.59792400576853810     
           2           6   1.2472649711068080     
           6           7   1.1373147686902245     
           7           8   1.5979776043370260     
           2           9   1.2373096118962761     
           8           9   1.1362965593357834     
           3          10   1.2351320139935698     
          10          11   1.1626034349769998     
          11          12   1.5245435411167849     
           3          13   1.2502544818169030     
          12          13   1.1226950903803712     
           4          14   1.2397970211287965     
          14          15   1.1500554763338477     
          15          16   1.5372171575748976     
           4          17   1.2617299772277280     
          16          17   1.1130143561563404     
           5          18   1.2508005442387795     
          18          19   1.1259310319612448     
          19          20   1.6101698787892387     
           5          21   1.2497919320331352     
          20          21   1.1261155960417970     
           6          22   1.3535936100101598     
          21          22   1.3623400290097107     
          22          23  0.96200628191433646     
           9          24   1.3652138250004167     
          10          24   1.3414416288637792     
          24          25  0.96077345159661443     
          13          26   1.3605569005421236     
          14          26   1.3516507755735558     
          26          27  0.95858668357306531     
          17          28   1.3543297005897867     
          18          28   1.3604004227470454     
          28          29  0.96002826753672388     
           8          30   1.0287464626079910     
          30          31  0.97346524666096346     
          30          32  0.98044686169623574     
          30          33  0.97331606159720230     
           7          34   1.0293779417936046     
          34          35  0.97283163522425942     
          34          36  0.97311187878607308     
          34          37  0.98049496096186162     
          11          38   1.0322865010348243     
          38          39  0.97669999572752575     
          38          40  0.96823186808102746     
          38          41  0.97732175615939665     
          12          42   1.1048211858659249     
          42          43  0.95835218147499024     
          42          44   1.8865216286771598     
          44          45  0.97579662721848648     
          44          46  0.97933251882163119     
          15          47   1.0332686463709677     
          47          48  0.97595956896907343     
          47          49  0.96776524121616603     
          47          50  0.97751923790755135     
          16          51   1.1036005813348055     
          51          52  0.95825191851548974     
          51          53   1.8879124177247188     
          53          54  0.97578742238463301     
          53          55  0.97929222003817840     
          19          56   1.0298952891626980     
          56          57  0.97248676953333879     
          56          58  0.97295903916158566     
          56          59  0.98042121325333043     
          20          60   1.0295557114505032     
          60          61  0.98042376511525831     
          60          62  0.97318089895603022     
          60          63  0.97281809447433698     
           1          64  0.26212123658669900     
          64          65  0.88370918240766139     
          64          66  0.88421221599434285     
          67          68  0.97099992062050855     
          67          69  0.97091385107168982     
          67          70  0.98183847866675955     
          71          72  0.94121340206339177     
          67          73   1.0317178548788002     
          71          73   1.1887675872534096     
          71          74   1.2621240073145912     
          73          74  0.11198772398761883     
          74          75  0.95477713181170110     
           1          76  0.50917814235428638     
          74          76   1.4799577650661704     
          73          77   1.5603193222541443     
          76          77   1.2458028419049452     
          77          78  0.95767665227532472     
