    0.44063304
   -0.23361543
   -0.23290177
   -0.20514959
   -0.20563260
    0.04921340
   -0.03098753
   -0.03403109
    0.04501369
    0.04559885
   -0.02558080
   -0.03359449
    0.05235455
    0.05369483
   -0.01999662
   -0.03083422
    0.05894240
    0.05589199
   -0.02809182
   -0.02860718
    0.05350684
   -0.07006744
    0.03659498
   -0.07955608
    0.03181927
   -0.06922417
    0.03595577
   -0.06573035
    0.03760903
   -0.09794893
    0.03448183
    0.03361094
    0.03342090
   -0.09896345
    0.03630213
    0.03557897
    0.03351206
   -0.09965117
    0.03366227
    0.03466348
    0.04201871
   -0.02745108
    0.02478507
   -0.09696937
    0.03344881
    0.02301974
   -0.10051028
    0.03561614
    0.03741470
    0.04346835
   -0.02679590
    0.02676743
   -0.09732637
    0.03410845
    0.02316993
   -0.09930887
    0.03873934
    0.03580907
    0.03459682
   -0.09902200
    0.03477038
    0.03532348
    0.03700456
   -0.48079230
    0.32139249
    0.32120986
   -0.11803850
    0.05687277
    0.05656681
    0.06403171
   -0.08433685
    0.17430072
    0.03873044
    0.07304657
    0.06961225
   -0.13168035
   -0.00324421
    0.06775503
