           1           2  0.58545739849647338     
           1           3  0.58383209615963105     
           1           4  0.59622437976910458     
           1           5  0.59781462437067068     
           2           6   1.2471907648589935     
           6           7   1.1372924126390571     
           7           8   1.5980216175855548     
           2           9   1.2373335407353490     
           8           9   1.1362621040611831     
           3          10   1.2350701076268842     
          10          11   1.1626080556652840     
          11          12   1.5246071706893611     
           3          13   1.2503501603064107     
          12          13   1.1227139903618928     
           4          14   1.2398192591906327     
          14          15   1.1499830560599216     
          15          16   1.5372781195035155     
           4          17   1.2618229078712597     
          16          17   1.1129381488480325     
           5          18   1.2507745588343036     
          18          19   1.1260054669172290     
          19          20   1.6100700740815266     
           5          21   1.2497581617915647     
          20          21   1.1262016754797761     
           6          22   1.3536376660424141     
          21          22   1.3622850352997300     
          22          23  0.96201162849266142     
           9          24   1.3652578352893208     
          10          24   1.3414415301821323     
          24          25  0.96079578705661395     
          13          26   1.3604681811538561     
          14          26   1.3517351082279494     
          26          27  0.95858747111610842     
          17          28   1.3544027597804746     
          18          28   1.3603154318427186     
          28          29  0.96002902784192290     
           8          30   1.0287519819444542     
          30          31  0.98044389836180224     
          30          32  0.97332424341724599     
          30          33  0.97345074933867315     
           7          34   1.0293738933055456     
          34          35  0.97281334420449161     
          34          36  0.97313642118116661     
          34          37  0.98049163013342988     
          11          38   1.0322696190108278     
          38          39  0.97668152887218418     
          38          40  0.96825542440792423     
          38          41  0.97735641782270544     
          12          42   1.1046833131730167     
          42          43  0.95834893360127882     
          42          44   1.8866620928713100     
          44          45  0.97579908264853721     
          44          46  0.97932942832257719     
          15          47   1.0332804916122074     
          47          48  0.97595922260546086     
          47          49  0.96775705129225353     
          47          50  0.97749559813413023     
          16          51   1.1036373915126241     
          51          52  0.95824954777871652     
          51          53   1.8878735633670669     
          53          54  0.97578439669120609     
          53          55  0.97929174006743280     
          19          56   1.0298934057157789     
          56          57  0.97248312900820100     
          56          58  0.97296323951236496     
          56          59  0.98042156681397907     
          20          60   1.0295510183330085     
          60          61  0.98042451328443481     
          60          62  0.97318648400878360     
          60          63  0.97281986286367272     
           1          64  0.26215464520379272     
          64          65  0.88382015611025166     
          64          66  0.88413409383650543     
          67          68  0.97082185215990013     
          67          69  0.97109099984722969     
          67          70  0.98184016428982657     
          71          72  0.94121243452518222     
          67          73   1.0317161004947635     
          71          73   1.1887721551462200     
          71          74   1.2621180097044109     
          73          74  0.11199205753120059     
          74          75  0.95479868754388120     
           1          76  0.50927364938553299     
          74          76   1.4799136347172697     
          73          77   1.5603056608179513     
          76          77   1.2457965441079637     
          77          78  0.95767642331471914     
