    0.44065584
   -0.23352827
   -0.23294722
   -0.20504196
   -0.20577490
    0.04916403
   -0.03099465
   -0.03399596
    0.04507387
    0.04552440
   -0.02561974
   -0.03359492
    0.05239798
    0.05375251
   -0.01997182
   -0.03081020
    0.05898400
    0.05585429
   -0.02812486
   -0.02863611
    0.05343865
   -0.07012929
    0.03656809
   -0.07954550
    0.03183057
   -0.06916159
    0.03595797
   -0.06573268
    0.03760481
   -0.09795761
    0.03361252
    0.03344417
    0.03448641
   -0.09895881
    0.03626865
    0.03559318
    0.03351301
   -0.09965617
    0.03366532
    0.03463813
    0.04201479
   -0.02743996
    0.02481120
   -0.09696714
    0.03342835
    0.02302540
   -0.10051383
    0.03563787
    0.03740603
    0.04348330
   -0.02678388
    0.02677009
   -0.09732704
    0.03411722
    0.02316902
   -0.09930392
    0.03873593
    0.03578931
    0.03458517
   -0.09901904
    0.03476180
    0.03532924
    0.03696879
   -0.48076690
    0.32133260
    0.32126675
   -0.11803960
    0.05697679
    0.05647369
    0.06402474
   -0.08432765
    0.17430434
    0.03873527
    0.07303659
    0.06960632
   -0.13166396
   -0.00324258
    0.06775877
