           1           2  0.58515952385541037     
           1           3  0.58195654275631703     
           1           4  0.59853427926344360     
           1           5  0.59698429426573341     
           2           6   1.2471703619724639     
           6           7   1.1373247919191376     
           7           8   1.5980052712611694     
           2           9   1.2364517259960646     
           8           9   1.1362706375055245     
           3          10   1.2369909651936370     
          10          11   1.1631478300572795     
          11          12   1.5298152040168207     
           3          13   1.2489606485922349     
          12          13   1.1237723731885865     
           4          14   1.2380326263849273     
          14          15   1.1500460975386113     
          15          16   1.5367107767910340     
           4          17   1.2621199815744921     
          16          17   1.1128206494231967     
           5          18   1.2506410789459759     
          18          19   1.1261460701910460     
          19          20   1.6099933104545949     
           5          21   1.2500678753902494     
          20          21   1.1262238457812754     
           6          22   1.3537511278014784     
          21          22   1.3619422649549686     
          22          23  0.96204956262600771     
           9          24   1.3664722071911206     
          10          24   1.3396147170168886     
          24          25  0.96231731442111901     
          13          26   1.3589338963245359     
          14          26   1.3530338777850892     
          26          27  0.95678656372257986     
          17          28   1.3540853344220398     
          18          28   1.3604787272183259     
          28          29  0.96012370646761913     
           8          30   1.0287059844944937     
          30          31  0.98047642617779518     
          30          32  0.97297768803137930     
          30          33  0.97387872441632628     
           7          34   1.0293442630776428     
          34          35  0.97294160468332569     
          34          36  0.97302785658023261     
          34          37  0.98052502389009832     
          11          38   1.0304036351355008     
          38          39  0.97375902502346057     
          38          40  0.97103220214934571     
          38          41  0.98223014091964722     
          12          42   1.0964496940903858     
          42          43  0.95787968659824152     
          42          44   1.8956034833159863     
          44          45  0.97501060055403899     
          44          46  0.97907307604626492     
          15          47   1.0334404477421437     
          47          48  0.97632709172018362     
          47          49  0.96742345494728310     
          47          50  0.97713322499525046     
          16          51   1.1047854694412007     
          51          52  0.95849561608168565     
          51          53   1.8867318365808432     
          53          54  0.97574297735813209     
          53          55  0.97932758712942647     
          19          56   1.0298613632497615     
          56          57  0.97219984413598237     
          56          58  0.97331305252422406     
          56          59  0.98043885946999665     
          20          60   1.0295276922203287     
          60          61  0.98043351886007646     
          60          62  0.97356495539662280     
          60          63  0.97249867544424085     
           1          64  0.26152105431375217     
          64          65  0.88345653949387515     
          64          66  0.88434198646262163     
          67          68  0.97096841786991983     
          67          69  0.97097606690638794     
          67          70  0.98184898777614549     
          71          72  0.94125020098672874     
          67          73   1.0316956643101545     
          71          73   1.1887752403724259     
          71          74   1.2617485280927279     
          73          74  0.11204099412301265     
          74          75  0.95515072375694865     
           1          76  0.50998908029611412     
          74          76   1.4795695784627454     
          73          77   1.5602644146770184     
          76          77   1.2456250937230093     
          77          78  0.95780194643647554     
