    0.44147547
   -0.23437299
   -0.23273739
   -0.20482646
   -0.20591937
    0.04912540
   -0.03109505
   -0.03420450
    0.04463134
    0.04524606
   -0.02887013
   -0.03319473
    0.05426826
    0.05330644
   -0.01969001
   -0.03091772
    0.05896598
    0.05571792
   -0.02820973
   -0.02869621
    0.05339101
   -0.07015121
    0.03638480
   -0.08004932
    0.03169639
   -0.06958764
    0.04153880
   -0.06577734
    0.03754177
   -0.09796358
    0.03350385
    0.03334634
    0.03447344
   -0.09893294
    0.03626102
    0.03547666
    0.03341951
   -0.09851322
    0.03526653
    0.03398386
    0.03640772
   -0.02688837
    0.02499376
   -0.09626671
    0.03363228
    0.02424284
   -0.10090328
    0.03643673
    0.03753482
    0.04361885
   -0.02689451
    0.02666063
   -0.09744859
    0.03422278
    0.02299645
   -0.09928051
    0.03865119
    0.03574986
    0.03448879
   -0.09896284
    0.03465726
    0.03514631
    0.03701168
   -0.48118968
    0.32142552
    0.32118697
   -0.11800565
    0.05682628
    0.05648868
    0.06399000
   -0.08443238
    0.17421298
    0.03873928
    0.07316364
    0.06919318
   -0.13136867
   -0.00326293
    0.06791435
