    0.39557586
   -0.20997792
   -0.20335916
   -0.20966737
   -0.21626833
    0.04932810
   -0.03249701
   -0.03216172
    0.05127472
    0.05249267
   -0.02272947
   -0.03377898
    0.05525867
    0.05199816
   -0.02323752
   -0.03496496
    0.05264266
    0.04877506
   -0.03301448
   -0.03336808
    0.04861057
   -0.07417651
    0.03132367
   -0.07039731
    0.03214434
   -0.06975421
    0.03182073
   -0.07362853
    0.03100556
   -0.09716679
    0.03200550
    0.03414308
    0.03362226
   -0.09693837
    0.03443412
    0.03195214
    0.03212692
   -0.09898913
    0.03272805
    0.03545872
    0.04084456
   -0.02675537
    0.02300033
   -0.09844648
    0.03261400
    0.02033262
   -0.09883439
    0.03504085
    0.03381547
    0.04085943
   -0.02694119
    0.02259342
   -0.09896124
    0.03212803
    0.02000895
   -0.09682101
    0.03305124
    0.03418598
    0.03189052
   -0.09683097
    0.03199280
    0.03228339
    0.03393752
   -0.11614957
    0.05419966
    0.05454415
    0.06229538
   -0.08658849
    0.17143389
    0.03695477
    0.07461196
    0.06706248
   -0.12552966
   -0.00129332
    0.06462385
   -0.11601946
    0.05453724
    0.05423189
    0.06167581
   -0.08638233
    0.17177446
    0.03678551
    0.07492875
    0.06750649
   -0.12563730
   -0.00147803
    0.06427773
