    0.46484562
   -0.21768677
   -0.23253479
   -0.24486817
   -0.23252310
    0.05627684
   -0.02801713
   -0.02774228
    0.05549744
    0.05562233
   -0.01930129
   -0.03076432
    0.05436144
    0.05155028
   -0.02078114
   -0.03266678
    0.05066753
    0.04999734
   -0.02928074
   -0.02919130
    0.05448632
   -0.06870864
    0.03815969
   -0.06644287
    0.03964608
   -0.07153023
    0.03745721
   -0.07610866
    0.03544198
   -0.09999625
    0.03602487
    0.03870206
    0.03737148
   -0.10007683
    0.03595852
    0.03968901
    0.03602449
   -0.10194280
    0.04074531
    0.03678867
    0.04382989
   -0.02736923
    0.02530325
   -0.09464436
    0.03756187
    0.02583908
   -0.10155452
    0.03825738
    0.03802260
    0.04389064
   -0.02765518
    0.02542770
   -0.09521973
    0.03614943
    0.02555282
   -0.09928498
    0.03592057
    0.03807531
    0.03548538
   -0.09971254
    0.03538880
    0.03557476
    0.03927561
   -0.47941069
    0.32470633
    0.32528732
   -0.07625971
    0.07450361
    0.07102224
    0.07601740
   -0.11055926
    0.16542783
