           1           2  0.58517703870240212     
           1           3  0.59585249822217201     
           1           4  0.59715270443999879     
           1           5  0.58548332605039666     
           2           6   1.2459900379546192     
           6           7   1.1370927738445795     
           7           8   1.5978227915149830     
           2           9   1.2384226118748842     
           8           9   1.1369276036121243     
           3          10   1.2416211877254897     
          10          11   1.1526403865638033     
          11          12   1.5350685481393005     
           3          13   1.2571153583524821     
          12          13   1.1138238064270891     
           4          14   1.2418542343038868     
          14          15   1.1501646077783743     
          15          16   1.5368624049902699     
           4          17   1.2597235230327855     
          16          17   1.1124779695742844     
           5          18   1.2439645094073573     
          18          19   1.1356348233945031     
          19          20   1.5992436976982878     
           5          21   1.2437619295745157     
          20          21   1.1355978391002659     
           6          22   1.3550172822547775     
          21          22   1.3591547566663824     
          22          23  0.96213438891880898     
           9          24   1.3638762873670320     
          10          24   1.3447973956316368     
          24          25  0.96083328406462498     
          13          26   1.3630853700138184     
          14          26   1.3502588347437092     
          26          27  0.95846169099883727     
          17          28   1.3561206604907778     
          18          28   1.3570795590090996     
          28          29  0.96023034717087552     
           8          30   1.0289262579676255     
          30          31  0.97317811810907806     
          30          32  0.98046518250843306     
          30          33  0.97333939273322989     
           7          34   1.0291534683731329     
          34          35  0.97313214945711068     
          34          36  0.97313368557949176     
          34          37  0.98047658831937323     
          11          38   1.0326738183216122     
          38          39  0.97637086593449329     
          38          40  0.96825926937260953     
          38          41  0.97730702136859027     
          12          42   1.1045033291735193     
          42          43  0.95813524424503982     
          42          44   1.8870695275492324     
          44          45  0.97582311632144414     
          44          46  0.97930816429881351     
          15          47   1.0335945168354865     
          47          48  0.97566722448990173     
          47          49  0.96759043601627392     
          47          50  0.97745898352627536     
          16          51   1.1040831983417363     
          51          52  0.95843724029629496     
          51          53   1.8871898653481676     
          53          54  0.97579685648311942     
          53          55  0.97931780720816775     
          19          56   1.0294200632735471     
          56          57  0.97295629486083079     
          56          58  0.97292229388534035     
          56          59  0.98046734060661644     
          20          60   1.0291272203322726     
          60          61  0.98047219013011999     
          60          62  0.97307920133291226     
          60          63  0.97328039781531528     
           1          64  0.26251211656613022     
          64          65  0.88380702018162216     
          64          66  0.88394322368981526     
          67          68  0.97099170870618612     
          67          69  0.97094735692527090     
          67          70  0.98185436571211304     
          71          72  0.94119890863016631     
          67          73   1.0317367309545740     
          71          73   1.1887453944906619     
          71          74   1.2622218902616373     
          73          74  0.11221980794656591     
          74          75  0.95388156130621837     
           1          76  0.50961956592173741     
          74          76   1.4790798455060539     
          73          77   1.5599885929578858     
          76          77   1.2462607883009362     
          77          78  0.95859905914631716     
