           1           2  0.58289697048912603     
           1           3  0.57518272078888610     
           1           4  0.56613928591712936     
           1           5  0.57824331624114578     
           2           6   1.2542738436980905     
           6           7   1.1262300288053928     
           7           8   1.6106134040382867     
           2           9   1.2461886233762738     
           8           9   1.1253677279218059     
           3          10   1.2431754030272872     
          10          11   1.1553392333466823     
          11          12   1.5388714790495630     
           3          13   1.2476012252119031     
          12          13   1.1169633153245226     
           4          14   1.2341643874465920     
          14          15   1.1611274735093668     
          15          16   1.5316888965616426     
           4          17   1.2497713957612349     
          16          17   1.1242166264127122     
           5          18   1.2440482889182360     
          18          19   1.1314809273484849     
          19          20   1.6042973048245219     
           5          21   1.2464303658011611     
          20          21   1.1318987687092485     
           6          22   1.3575193024939616     
          21          22   1.3584759840731089     
          22          23  0.96188181037601650     
           9          24   1.3706860560288348     
          10          24   1.3442506934448151     
          24          25  0.96167668630777281     
          13          26   1.3656471807249853     
          14          26   1.3477301231750629     
          26          27  0.95799966104320977     
          17          28   1.3534183527931163     
          18          28   1.3626293672600873     
          28          29  0.95814951930640890     
           8          30   1.0303740292665147     
          30          31  0.98028627100515187     
          30          32  0.97152096764570506     
          30          33  0.97335809344711854     
           7          34   1.0302096549410542     
          34          35  0.97296378151851026     
          34          36  0.97205539808016583     
          34          37  0.98033333463065941     
          11          38   1.0323579238457752     
          38          39  0.97266921286396479     
          38          40  0.96965793069491268     
          38          41  0.98200670316267158     
          12          42   1.0958190569418487     
          42          43  0.95751895713766677     
          42          44   1.8967841702529298     
          44          45  0.97524627487471560     
          44          46  0.97897547408675123     
          15          47   1.0323799125995599     
          47          48  0.96938176334329829     
          47          49  0.97261695056864006     
          47          50  0.98210682351688428     
          16          51   1.0956598853437618     
          51          52  0.95779689084383668     
          51          53   1.8970721539712598     
          53          54  0.97508980167783810     
          53          55  0.97896204063178216     
          19          56   1.0301915079032256     
          56          57  0.97229103763206071     
          56          58  0.97260051535964298     
          56          59  0.98031454215542380     
          20          60   1.0300657683973342     
          60          61  0.98034459509638006     
          60          62  0.97277946176097674     
          60          63  0.97233962487596937     
           1          64  0.27321703597534491     
          64          65  0.87954724169687848     
          64          66  0.88060280285611769     
          67          68  0.97867843254944942     
          67          69  0.98115839265545379     
          67          70  0.97447215571846724     
           1          71  0.43696875653627903     
          67          71  0.99340888798799087     
          71          72  0.94214866639363171     
