           1           2  0.58231763304084738     
           1           3  0.57677539844024817     
           1           4  0.56659732484153114     
           1           5  0.57350006021599687     
           2           6   1.2543892188188250     
           6           7   1.1267198878914488     
           7           8   1.6097979870047945     
           2           9   1.2460251235440949     
           8           9   1.1263636730821833     
           3          10   1.2412150149507499     
          10          11   1.1536018304213571     
          11          12   1.5355663380570921     
           3          13   1.2530779597484558     
          12          13   1.1163626162324769     
           4          14   1.2325095451292560     
          14          15   1.1596432191236898     
          15          16   1.5289292108992856     
           4          17   1.2524905606306707     
          16          17   1.1230484589204872     
           5          18   1.2446434743101180     
          18          19   1.1312820734714313     
          19          20   1.6040214555674446     
           5          21   1.2455471389162953     
          20          21   1.1318843777786718     
           6          22   1.3575797834822430     
          21          22   1.3618119333039576     
          22          23  0.96163872630647762     
           9          24   1.3685911574985239     
          10          24   1.3448836619447182     
          24          25  0.96046392167187866     
          13          26   1.3639504355142535     
          14          26   1.3490433629926335     
          26          27  0.95858621237581365     
          17          28   1.3557272195069199     
          18          28   1.3623060620650360     
          28          29  0.95966166538077202     
           8          30   1.0302636203883442     
          30          31  0.98026204921249116     
          30          32  0.97215597570751322     
          30          33  0.97277398245458602     
           7          34   1.0303356780199429     
          34          35  0.97297042448984294     
          34          36  0.97188982837367799     
          34          37  0.98026323098656043     
          11          38   1.0336579947958082     
          38          39  0.96741628305614047     
          38          40  0.97577350661187268     
          38          41  0.97723701938367835     
          12          42   1.1019638615916529     
          42          43  0.95814433122403952     
          42          44   1.8901693521014646     
          44          45  0.97570964819514516     
          44          46  0.97917722670981966     
          15          47   1.0335927065821258     
          47          48  0.97617397672738682     
          47          49  0.96715658093223045     
          47          50  0.97716695069906234     
          16          51   1.1014769616558013     
          51          52  0.95806422250960699     
          51          53   1.8909868189924048     
          53          54  0.97564257062868798     
          53          55  0.97914713247492913     
          19          56   1.0303519219458293     
          56          57  0.97154798452788604     
          56          58  0.97317792912362844     
          56          59  0.98021564087426083     
          20          60   1.0303605064511352     
          60          61  0.97226300251592201     
          60          62  0.98028441134968158     
          60          63  0.97250868706761673     
           1          64  0.27400824592031592     
          64          65  0.87975951792184537     
          64          66  0.87959062991323478     
          67          68  0.98107346295860753     
          67          69  0.97861843479725441     
          67          70  0.97433236279432534     
           1          71  0.44036547149375277     
          67          71  0.99301949725017558     
          71          72  0.94237108726552288     
