    0.44065152
   -0.21121701
   -0.20948229
   -0.22726140
   -0.22875795
    0.05246164
   -0.02908297
   -0.02984958
    0.05274211
    0.05332352
   -0.02111847
   -0.03148209
    0.05599965
    0.05060295
   -0.02213529
   -0.03480629
    0.05113432
    0.04819500
   -0.03232458
   -0.03073898
    0.04959496
   -0.07048060
    0.03639048
   -0.06932191
    0.03694973
   -0.06864978
    0.03601361
   -0.07599550
    0.03264767
   -0.09898108
    0.03370404
    0.03451487
    0.03838742
   -0.09899237
    0.03513728
    0.03733699
    0.03434872
   -0.10069371
    0.03506431
    0.03721166
    0.04361834
   -0.02648443
    0.02532425
   -0.09741764
    0.03347206
    0.02312545
   -0.10047513
    0.03754789
    0.03497307
    0.04220512
   -0.02776187
    0.02344576
   -0.09716487
    0.03441025
    0.02251640
   -0.09828956
    0.03556712
    0.03478273
    0.03361276
   -0.09891520
    0.03386370
    0.03567180
    0.03571979
   -0.48080325
    0.32136096
    0.32132297
   -0.11783597
    0.05643646
    0.05673433
    0.06387935
   -0.08378699
    0.17439302
    0.03833213
    0.07268561
    0.07011954
   -0.13163286
   -0.00286439
    0.06727068
