           1           2  0.59739822417964394     
           1           3  0.59665011908284915     
           1           4  0.58509923074302628     
           1           5  0.58617656420035602     
           2           6   1.2525289096383332     
           6           7   1.1277918075091031     
           7           8   1.6084229014630520     
           2           9   1.2449611383427395     
           8           9   1.1275818810798715     
           3          10   1.2439050917911318     
          10          11   1.1527389886629658     
          11          12   1.5348137177665877     
           3          13   1.2548279187402516     
          12          13   1.1131390859828882     
           4          14   1.2349000423318450     
          14          15   1.1608396070678466     
          15          16   1.5259649766923367     
           4          17   1.2534115196348175     
          16          17   1.1213543977169580     
           5          18   1.2426919676345496     
          18          19   1.1352493928980385     
          19          20   1.5992289624218143     
           5          21   1.2443758511510579     
          20          21   1.1360018378004539     
           6          22   1.3573627465626834     
          21          22   1.3583690663862722     
          22          23  0.96202660757791725     
           9          24   1.3673593953916048     
          10          24   1.3432215864885277     
          24          25  0.96059150305524443     
          13          26   1.3654951367603538     
          14          26   1.3466261547762584     
          26          27  0.95850007908689494     
          17          28   1.3531586765131034     
          18          28   1.3582369081479040     
          28          29  0.96024598742837064     
           8          30   1.0294207874571726     
          30          31  0.97337081350983234     
          30          32  0.98042802393132322     
          30          33  0.97269404823432282     
           7          34   1.0295491240187347     
          34          35  0.97325267771983481     
          34          36  0.97269352175574064     
          34          37  0.98043522623033263     
          11          38   1.0329783113105824     
          38          39  0.96810846393793537     
          38          40  0.97608400426962860     
          38          41  0.97726851936314540     
          12          42   1.1050258103884651     
          42          43  0.95832289567013063     
          42          44   1.8862987970440979     
          44          45  0.97583569468215592     
          44          46  0.97933533760291525     
          15          47   1.0331495073703483     
          47          48  0.96758428417233744     
          47          49  0.97606146756237444     
          47          50  0.97749066111691685     
          16          51   1.1043805270921703     
          51          52  0.95862551006470020     
          51          53   1.8866276796129815     
          53          54  0.97577900153075758     
          53          55  0.97934129505898648     
          19          56   1.0291989411349236     
          56          57  0.97289687841824191     
          56          58  0.97328834893923122     
          56          59  0.98044709685120468     
          20          60   1.0293321680311112     
          60          61  0.98048758362792854     
          60          62  0.97299135328310915     
          60          63  0.97306583513060363     
           1          64  0.26226223254703501     
          64          65  0.88399829790198226     
          64          66  0.88392055279901682     
          67          68  0.97090964547769820     
          67          69  0.97102335948936969     
          67          70  0.98185935057155860     
          71          72  0.94114311401576445     
          67          73   1.0317757480230247     
          71          73   1.1887312906206138     
          71          74   1.2627043918338825     
          73          74  0.11246342306012662     
          74          75  0.95287165005255359     
           1          76  0.50887809955449137     
          74          76   1.4786954253185858     
          73          77   1.5595972284082824     
          76          77   1.2470272775019065     
          77          78  0.95965475954181689     
