    0.63699857
   -0.21327383
   -0.21349148
   -0.20157883
   -0.20215673
    0.06202534
   -0.02085718
   -0.02393934
    0.06124473
    0.06166956
   -0.01646171
   -0.02377147
    0.06462358
    0.06428475
   -0.01092418
   -0.02320035
    0.07720652
    0.07462082
   -0.02007090
   -0.01876142
    0.06446478
   -0.06266373
    0.04812086
   -0.06879830
    0.04692754
   -0.06142409
    0.04720317
   -0.05604800
    0.04960909
   -0.10155206
    0.04031145
    0.04535559
    0.03673050
   -0.10211854
    0.03960072
    0.04596244
    0.04012081
   -0.10312277
    0.03628736
    0.04705673
    0.04665415
   -0.02585106
    0.02821237
   -0.09262210
    0.04189832
    0.03023850
   -0.10338945
    0.03815154
    0.04886265
    0.04770761
   -0.02548483
    0.02810279
   -0.09262654
    0.04209032
    0.02979957
   -0.10224327
    0.03871566
    0.04863965
    0.04037943
   -0.10205003
    0.03941733
    0.04081221
    0.04615523
   -0.11742200
    0.05764787
    0.05800990
    0.06426355
   -0.08413496
    0.17583415
    0.03902328
    0.08560025
    0.06166164
   -0.18173523
    0.00445669
    0.05768597
   -0.16485877
   -0.29381241
