           1           2  0.57746046154267283     
           1           3  0.56979027748296351     
           1           4  0.57014402546082477     
           1           5  0.58193767330175994     
           2           6   1.2507788161292237     
           6           7   1.1299420637872686     
           7           8   1.6063977967934635     
           2           9   1.2430224225599042     
           8           9   1.1294506041387973     
           3          10   1.2370766379297422     
          10          11   1.1607497130047888     
          11          12   1.5340996062138519     
           3          13   1.2462443708613822     
          12          13   1.1225071447731958     
           4          14   1.2350029724063920     
          14          15   1.1546977088450616     
          15          16   1.5336351778443880     
           4          17   1.2560032209298468     
          16          17   1.1188788565176910     
           5          18   1.2496997454499266     
          18          19   1.1271502824985886     
          19          20   1.6086644525430540     
           5          21   1.2502398825543481     
          20          21   1.1276526966406741     
           6          22   1.3557306593968972     
          21          22   1.3605401901136671     
          22          23  0.96182382630914032     
           9          24   1.3689676011272547     
          10          24   1.3433094381512858     
          24          25  0.96187086671666766     
          13          26   1.3618247642447650     
          14          26   1.3524129617785210     
          26          27  0.95639638090785128     
          17          28   1.3568384734018017     
          18          28   1.3623101432125930     
          28          29  0.95956034243075528     
           8          30   1.0299941267540460     
          30          31  0.98029428055746370     
          30          32  0.97194452994291236     
          30          33  0.97333215776466442     
           7          34   1.0301474838644900     
          34          35  0.97268434699650141     
          34          36  0.97230558485981577     
          34          37  0.98032741578911320     
          11          38   1.0317477898797622     
          38          39  0.97316876203841796     
          38          40  0.96989831569281337     
          38          41  0.98207798210764308     
          12          42   1.0941953523106738     
          42          43  0.95744725780039797     
          42          44   1.8986141530622902     
          44          45  0.97523602845243318     
          44          46  0.97892420985700712     
          15          47   1.0342671532417123     
          47          48  0.96642191958616952     
          47          49  0.97579851652761929     
          47          50  0.97716376207936273     
          16          51   1.1021870352808272     
          51          52  0.95811325689111670     
          51          53   1.8903001426987756     
          53          54  0.97552961623314738     
          53          55  0.97913982225394203     
          19          56   1.0304352916816371     
          56          57  0.97265101872020732     
          56          58  0.97202476581962560     
          56          59  0.98026996900090968     
          20          60   1.0302109102972115     
          60          61  0.98029356376246535     
          60          62  0.97258792305180297     
          60          63  0.97242875204722345     
           1          64  0.27321354633325035     
          64          65  0.87929128103452203     
          64          66  0.87990578041396772     
          67          68  0.98110273857070152     
          67          69  0.97858938850458699     
          67          70  0.97417170604413816     
           1          71  0.44234551825232837     
          67          71  0.99288919284578625     
          71          72  0.94212491427759393     
