    0.44082456
   -0.20408345
   -0.22594643
   -0.23416417
   -0.21253899
    0.05603977
   -0.02716639
   -0.02938838
    0.05374523
    0.05060396
   -0.02305077
   -0.03394005
    0.05171941
    0.04843214
   -0.02375761
   -0.03550711
    0.04892827
    0.04986508
   -0.03079582
   -0.02815786
    0.05503702
   -0.06480184
    0.03909234
   -0.07074222
    0.03563002
   -0.07352683
    0.03354836
   -0.07592153
    0.03363501
   -0.09888623
    0.03468633
    0.03442319
    0.03759474
   -0.09953886
    0.03857601
    0.03581731
    0.03468347
   -0.10042409
    0.03730104
    0.03420375
    0.04203027
   -0.02759168
    0.02413044
   -0.09719704
    0.03443297
    0.02273629
   -0.10000584
    0.03472682
    0.03633828
    0.04195816
   -0.02820239
    0.02421714
   -0.09751697
    0.03369024
    0.02251411
   -0.09837912
    0.03704364
    0.03379165
    0.03441602
   -0.09943986
    0.03872629
    0.03442892
    0.03545796
   -0.48040865
    0.32137616
    0.32134655
   -0.11782747
    0.05640876
    0.05688607
    0.06346233
   -0.08402277
    0.17450510
    0.03842358
    0.07293608
    0.07026965
   -0.13167146
   -0.00320766
    0.06716905
