           1           2  0.56805410005170309     
           1           3  0.56636587626853763     
           1           4  0.58343939861393501     
           1           5  0.58402503278941764     
           2           6   1.2443533897850529     
           6           7   1.1379039218486866     
           7           8   1.5973919495969569     
           2           9   1.2369597031674473     
           8           9   1.1375517125358527     
           3          10   1.2419977615498861     
          10          11   1.1536806677168887     
          11          12   1.5405739026034531     
           3          13   1.2510118436303044     
          12          13   1.1170703797845305     
           4          14   1.2405289707050877     
          14          15   1.1489031083811390     
          15          16   1.5454556814027605     
           4          17   1.2597971052882206     
          16          17   1.1124756254810830     
           5          18   1.2437985576689434     
          18          19   1.1324291630577217     
          19          20   1.6021915370429027     
           5          21   1.2452790587016875     
          20          21   1.1330479670759523     
           6          22   1.3525508158709758     
          21          22   1.3540709145017826     
          22          23  0.96218580179866797     
           9          24   1.3662364560842675     
          10          24   1.3455522365575137     
          24          25  0.96183429882508420     
          13          26   1.3622781785250815     
          14          26   1.3505710496292496     
          26          27  0.95780416036114824     
          17          28   1.3563209235831324     
          18          28   1.3615258808812747     
          28          29  0.95792476782872571     
           8          30   1.0294827015610417     
          30          31  0.98044248591589245     
          30          32  0.97318409678950635     
          30          33  0.97246077389148755     
           7          34   1.0292531065749941     
          34          35  0.97292038142228421     
          34          36  0.97303311340827792     
          34          37  0.98044145485512590     
          11          38   1.0314672868981662     
          38          39  0.97270041100324367     
          38          40  0.97041518648846214     
          38          41  0.98226320282661950     
          12          42   1.0938005749407638     
          42          43  0.95758784315749501     
          42          44   1.8989701239663510     
          44          45  0.97491727670775763     
          44          46  0.97890245648155005     
          15          47   1.0323105519641027     
          47          48  0.97013944980215439     
          47          49  0.97204919120538635     
          47          50  0.98232610415841437     
          16          51   1.0943046880477101     
          51          52  0.95762939270864100     
          51          53   1.8987558825530639     
          53          54  0.97893961765861759     
          53          55  0.97488776222218054     
          19          56   1.0304418451927313     
          56          57  0.97116650996343845     
          56          58  0.97344643158418831     
          56          59  0.98035087759633410     
          20          60   1.0295048623507232     
          60          61  0.97281112150209714     
          60          62  0.98042721234745134     
          60          63  0.97310362553267871     
          64          65  0.97836980196178203     
          64          66  0.98546171947280092     
          64          67  0.97287888129592726     
          64          68   1.0254160967337340     
          68          69  0.97228766409508294     
          68          70  0.96559576967680616     
           1          71  0.46168396780118892     
          68          71  0.95733294122723345     
          71          72  0.98787070214158546     
          72          73  0.97712261474115292     
          72          74  0.97993634789551953     
          72          75  0.97480021578069620     
          76          77  0.98604235449721644     
          76          78  0.97347144784456119     
          76          79  0.97260581944367475     
          76          80   1.0250738430495470     
          80          81   1.4207644816986347     
          81          82  0.96882523179835967     
          81          83   1.4353597712022341     
          83          84  0.96462222835468248     
          83          85   1.3884168939467765     
           1          86  0.24356103851600389     
          85          86   1.0183946320516399     
          86          87  0.85640078770496209     
          80          88   1.3941604074834810     
          83          88  0.10625203521368699     
          88          89  0.96924588711713233     
          81          90  0.10676152185360224     
          85          90   1.3604819890921780     
          88          90   1.4667554278500285     
          90          91  0.96282276773305286     
