    0.42857571
   -0.21819205
   -0.22382141
   -0.22351730
   -0.21743704
    0.05502190
   -0.02819011
   -0.02987685
    0.05265187
    0.04964947
   -0.03306578
   -0.03077076
    0.05330740
    0.05545403
   -0.03385343
   -0.02455185
    0.05198704
    0.05531377
   -0.03482642
   -0.02165354
    0.05354330
   -0.06751554
    0.03634024
   -0.07409742
    0.03370323
   -0.07130338
    0.03195812
   -0.07250448
    0.03102512
   -0.09868956
    0.03469482
    0.03839746
    0.03419501
   -0.09820030
    0.03777410
    0.03301372
    0.03419485
   -0.09997783
    0.03754486
    0.03449280
    0.04183929
   -0.02723605
    0.02274892
   -0.09719446
    0.03421743
    0.02248177
   -0.09884918
    0.03559445
    0.03325028
    0.04127106
   -0.02728674
    0.02354393
   -0.09687285
    0.03356291
    0.02213721
   -0.09769375
    0.03602616
    0.03464649
    0.03308875
   -0.09789232
    0.03604486
    0.03351696
    0.03271691
   -0.11706450
    0.05592602
    0.05598395
    0.06325085
   -0.08478332
    0.17361518
    0.03779907
    0.07412011
    0.06964903
   -0.13051662
   -0.00197248
    0.06622663
   -0.10801576
    0.04540024
    0.05762608
    0.04851261
   -0.02081053
    0.05747337
    0.05077884
   -0.06019905
   -0.07236780
    0.06406812
    0.05927084
    0.07157327
