           1           2  0.58064136306408010     
           1           3  0.57663783502189847     
           1           4  0.57440649103433905     
           1           5  0.57597204266163005     
           2           6   1.2467972036378447     
           6           7   1.1262808109331459     
           7           8   1.6099116079851381     
           2           9   1.2521356740263139     
           8           9   1.1273353007435631     
           3          10   1.2472640832112678     
          10          11   1.1328748112266207     
          11          12   1.6010656649155379     
           3          13   1.2478564884918075     
          12          13   1.1329380026673628     
           4          14   1.2585957608928116     
          14          15   1.1181031236970551     
          15          16   1.5309622357847148     
           4          17   1.2372421781598946     
          16          17   1.1568904152657695     
           5          18   1.2531616614332268     
          18          19   1.1158503070547900     
          19          20   1.5314313834107214     
           5          21   1.2456912656209376     
          20          21   1.1558608899376237     
           6          22   1.3693847973747184     
          21          22   1.3411748255575686     
          22          23  0.96071176890429277     
           9          24   1.3570528694215702     
          10          24   1.3523924987767062     
          24          25  0.96228430549043775     
          13          26   1.3567506764317965     
          14          26   1.3525824534395021     
          26          27  0.96010095679060781     
          17          28   1.3436218439637524     
          18          28   1.3612499285288540     
          28          29  0.95882367752800080     
           7          30   1.0297271799900087     
          30          31  0.97286726939319934     
          30          32  0.97285241052459570     
          30          33  0.98045347772116109     
           8          34   1.0292453599818829     
          34          35  0.97316013788456279     
          34          36  0.97317339628815425     
          34          37  0.98046889231793044     
          20          38   1.0329811565366498     
          38          39  0.96761158385251445     
          38          40  0.97651053947823963     
          38          41  0.97750006511341381     
          19          42   1.1049015187751889     
          42          43  0.95865707244045484     
          42          44   1.8860951444476559     
          44          45  0.97581476333785111     
          44          46  0.97935758987161270     
          16          47   1.0326460362202718     
          47          48  0.96812938060900888     
          47          49  0.97581242173741689     
          47          50  0.97779888032227158     
          15          51   1.1034078989696439     
          51          52  0.95809898230882673     
          51          53   1.8877377811445006     
          53          54  0.97587625052441107     
          53          55  0.97934361763414723     
          12          56   1.0294349345502583     
          56          57  0.97260625934396616     
          56          58  0.97339912376004156     
          56          59  0.98048935338179044     
          11          60   1.0289125776976105     
          60          61  0.97277973650254979     
          60          62  0.98049471497602370     
          60          63  0.97381858049803094     
          64          65  0.97112279505526122     
          64          66  0.97105427609189354     
          64          67  0.98195125718839860     
          68          69  0.94136385768923270     
          64          70   1.0316756734930879     
          68          70   1.1881000156642894     
          68          71   1.2633089062884628     
          70          71  0.11255712025444331     
          71          72  0.95360627803868314     
           1          73  0.49342512514642184     
          71          73   1.4812331442152407     
          70          74   1.5596834994562871     
          73          74   1.2482111007248833     
          74          75  0.95902264834391604     
          76          77  0.98024249527360108     
          76          78  0.97914885506293969     
          76          79  0.98641944869434739     
          76          80   1.0263120514874882     
          80          81  0.96816752229321434     
          80          82  0.97313682679012659     
           1          83  0.39662372539803015     
          80          83  0.96209863018059638     
          83          84  0.99605755045614253     
          84          85  0.97711873809921412     
          84          86  0.98076942650521537     
          84          87  0.97531748043970545     
