           1           2  0.57991730082183490     
           1           3  0.57314118310929629     
           1           4  0.57757958557787581     
           1           5  0.58078658771267988     
           2           6   1.2496630311056034     
           6           7   1.1316787157331945     
           7           8   1.5991528464992002     
           2           9   1.2462888754997321     
           8           9   1.1322901499453986     
           3          10   1.2462550906763881     
          10          11   1.1540645869289783     
          11          12   1.5327810175225891     
           3          13   1.2529509236053646     
          12          13   1.1179598678615550     
           4          14   1.2409327500005378     
          14          15   1.1481190944940267     
          15          16   1.5355201317666523     
           4          17   1.2641083781545204     
          16          17   1.1155917952572407     
           5          18   1.2518796439820112     
          18          19   1.1265532562851526     
          19          20   1.6055718034673967     
           5          21   1.2513103930184037     
          20          21   1.1247521934251152     
           6          22   1.3526957943072067     
          21          22   1.3592197221662963     
          22          23  0.96117856978293337     
           9          24   1.3654799617609183     
          10          24   1.3446467635848278     
          24          25  0.95956845959314907     
          13          26   1.3586259088416486     
          14          26   1.3494764178877214     
          26          27  0.95801988280284789     
          17          28   1.3539483710348406     
          18          28   1.3629201415896184     
          28          29  0.95861680935139870     
           8          30   1.0310034523277292     
          30          31  0.97985814534571669     
          30          32  0.97132319386300903     
          30          33  0.97273430162984598     
           7          34   1.0318050373648207     
          34          35  0.97240732356209492     
          34          36  0.97054389568335986     
          34          37  0.97989965100828236     
          11          38   1.0345760362649739     
          38          39  0.97599521866154337     
          38          40  0.96591144559246778     
          38          41  0.97703102299146116     
          12          42   1.1009925377216851     
          42          43  0.95808895393648064     
          42          44   1.8924216331516099     
          44          45  0.97515434990643146     
          44          46  0.97883000454258062     
          15          47   1.0359259386835946     
          47          48  0.97566478057353390     
          47          49  0.96477319836708209     
          47          50  0.97665866823445013     
          16          51   1.1014173726508418     
          51          52  0.95801115564031813     
          51          53   1.8918612658969491     
          53          54  0.97514099515024610     
          53          55  0.97886742874935684     
          19          56   1.0319733564844742     
          56          57  0.97218433961014672     
          56          58  0.97041788868825241     
          56          59  0.97989385641231874     
          20          60   1.0320490374705618     
          60          61  0.97989600830350376     
          60          62  0.97025595260041941     
          60          63  0.97244340475545621     
          64          65  0.97060972314494376     
          64          66  0.97025298138596905     
          64          67  0.98168466863816928     
          68          69  0.94031340798432606     
          64          70   1.0325602210767622     
          68          70   1.1872751537100308     
          68          71   1.2755955174687035     
          70          71  0.11146063717732937     
          71          72  0.95914488474390658     
           1          73  0.32191356857207959     
          71          73   1.5233691802696649     
          70          74   1.5616965338739359     
          73          74   1.2720319107493292     
          74          75  0.96547587487049125     
           1          76  0.67773867575244573     
           1          77   1.1712223325133986     
          76          77   1.1831317789176010     
