    0.63701762
   -0.21316277
   -0.21356423
   -0.20168206
   -0.20209569
    0.06205751
   -0.02082517
   -0.02390234
    0.06129341
    0.06164015
   -0.01648925
   -0.02381513
    0.06455961
    0.06425297
   -0.01096038
   -0.02319642
    0.07724870
    0.07463077
   -0.02006058
   -0.01874201
    0.06446899
   -0.06262750
    0.04815033
   -0.06876955
    0.04695403
   -0.06149373
    0.04715853
   -0.05601161
    0.04962354
   -0.10156036
    0.04032414
    0.04535454
    0.03676037
   -0.10212854
    0.03963440
    0.04595820
    0.04013233
   -0.10313678
    0.03628239
    0.04706476
    0.04664725
   -0.02586268
    0.02817847
   -0.09263129
    0.04189498
    0.03022678
   -0.10337373
    0.03811309
    0.04884208
    0.04769385
   -0.02548470
    0.02811039
   -0.09262150
    0.04209124
    0.02980378
   -0.10224749
    0.03872323
    0.04864547
    0.04039083
   -0.10205977
    0.04081479
    0.04617046
    0.03944288
   -0.11742003
    0.05758835
    0.05806535
    0.06426018
   -0.08414638
    0.17583208
    0.03902124
    0.08561772
    0.06161947
   -0.18179297
    0.00446420
    0.05767614
   -0.29379804
   -0.16483894
