    0.43044895
   -0.22192190
   -0.21221259
   -0.21732586
   -0.22703746
    0.04941079
   -0.03338553
   -0.02955087
    0.05362646
    0.05626242
   -0.01896105
   -0.03164143
    0.05771615
    0.05261520
   -0.02283821
   -0.03275928
    0.05703690
    0.05161738
   -0.03193226
   -0.03359389
    0.04930216
   -0.07612935
    0.03136635
   -0.06672185
    0.03671151
   -0.07050814
    0.03333651
   -0.07149303
    0.03248810
   -0.09847565
    0.03781438
    0.03347298
    0.03465673
   -0.09730448
    0.03466825
    0.03289261
    0.03355854
   -0.10033871
    0.03936205
    0.03442161
    0.04240107
   -0.02652455
    0.02311889
   -0.09677808
    0.03538902
    0.02281854
   -0.09944082
    0.03675775
    0.03375696
    0.04155816
   -0.02681348
    0.02344711
   -0.09704676
    0.03402967
    0.02215046
   -0.09771524
    0.03582298
    0.03453546
    0.03276705
   -0.09734837
    0.03307390
    0.03274497
    0.03441159
   -0.11722951
    0.05608928
    0.05609898
    0.06348445
   -0.08507412
    0.17365954
    0.03817245
    0.07405558
    0.06903181
   -0.12970791
   -0.00190901
    0.06643218
   -0.10726864
    0.04402858
    0.06108448
    0.04072736
   -0.02062616
    0.06176823
    0.05079732
   -0.07137397
   -0.07064937
    0.05952289
    0.06482816
    0.06828662
