           1           2  0.57198801948377020     
           1           3  0.57461334630702943     
           1           4  0.57714106969953560     
           1           5  0.57593067727177139     
           2           6   1.2496549073255314     
           6           7   1.1317744503309561     
           7           8   1.6040425644229055     
           2           9   1.2474040823263066     
           8           9   1.1309869422111241     
           3          10   1.2463911792482365     
          10          11   1.1509266745528384     
          11          12   1.5364946143489462     
           3          13   1.2554379536827298     
          12          13   1.1118795238414554     
           4          14   1.2397648464469508     
          14          15   1.1564634678832391     
          15          16   1.5308754499216253     
           4          17   1.2601258201835233     
          16          17   1.1177607181575893     
           5          18   1.2482191465447534     
          18          19   1.1330694912942612     
          19          20   1.6018202282603420     
           5          21   1.2469401825204258     
          20          21   1.1338398757435399     
           6          22   1.3536442349339466     
          21          22   1.3547699097030845     
          22          23  0.96252216311284788     
           9          24   1.3642558157690430     
          10          24   1.3454396552064845     
          24          25  0.96057610269057481     
          13          26   1.3648728767942990     
          14          26   1.3424431306170856     
          26          27  0.95867816823228669     
          17          28   1.3496771185850422     
          18          28   1.3560286773769223     
          28          29  0.96048837541056464     
           8          30   1.0295918017540067     
          30          31  0.97251640807209927     
          30          32  0.98050968884513345     
          30          33  0.97328384320808192     
           7          34   1.0287262564233355     
          34          35  0.97355299781209137     
          34          36  0.97338688676554241     
          34          37  0.98051191178412278     
          11          38   1.0334271582103576     
          38          39  0.96724925141667162     
          38          40  0.97645612778075352     
          38          41  0.97735378993666033     
          12          42   1.1053135025955332     
          42          43  0.95836020872606653     
          42          44   1.8861277555851383     
          44          45  0.97573422534799958     
          44          46  0.97934545927360106     
          15          47   1.0327811372266744     
          47          48  0.96796824477241483     
          47          49  0.97594557147638339     
          47          50  0.97780576170334155     
          16          51   1.1036993846526384     
          51          52  0.95862228843095887     
          51          53   1.8873317370283929     
          53          54  0.97581221328252188     
          53          55  0.97934140605379927     
          19          56   1.0293018387387112     
          56          57  0.97306576523645560     
          56          58  0.97297062179550819     
          56          59  0.98054510507648374     
          20          60   1.0286654342970203     
          60          61  0.98052384772316836     
          60          62  0.97289718790039192     
          60          63  0.97400963480652158     
          64          65  0.97103449776942408     
          64          66  0.97110487418206681     
          64          67  0.98191946607869640     
          68          69  0.94137967261167121     
          64          70   1.0316690057348641     
          68          70   1.1881767181178686     
          68          71   1.2620357246762794     
          70          71  0.11236799529389949     
          71          72  0.95429764907658354     
           1          73  0.49639066069717408     
          71          73   1.4807585929674147     
          70          74   1.5601476930454692     
          73          74   1.2470318786252568     
          74          75  0.95954287372030489     
          76          77  0.97861508204952585     
          76          78  0.97274708559230183     
          76          79  0.98568241367534193     
          76          80   1.0256470127364616     
          80          81  0.96616415393063237     
          80          82  0.97316679939266693     
           1          83  0.41377445241732730     
          80          83  0.96066295404126978     
          83          84  0.98981385269663291     
          84          85  0.98099410234851547     
          84          86  0.97781593814783174     
          84          87  0.97539630055381910     
