           1           2  0.58242857482946542     
           1           3  0.57660367815860225     
           1           4  0.56730912803514510     
           1           5  0.57270436657772672     
           2           6   1.2545171745407606     
           6           7   1.1266873923199481     
           7           8   1.6099060128942178     
           2           9   1.2459038592817395     
           8           9   1.1262680246819088     
           3          10   1.2411943768401927     
          10          11   1.1538458590489018     
          11          12   1.5351824657606166     
           3          13   1.2530751273613385     
          12          13   1.1164007502773312     
           4          14   1.2323154457508632     
          14          15   1.1597511510078329     
          15          16   1.5288569365519187     
           4          17   1.2525122697068960     
          16          17   1.1233170841409299     
           5          18   1.2446515216342906     
          18          19   1.1311718989391282     
          19          20   1.6042246812385339     
           5          21   1.2456351198597437     
          20          21   1.1317444827651726     
           6          22   1.3574962821922880     
          21          22   1.3619295233473456     
          22          23  0.96163273564847529     
           9          24   1.3688888194969935     
          10          24   1.3445396952208373     
          24          25  0.96039423281269254     
          13          26   1.3639242719202480     
          14          26   1.3490994992121970     
          26          27  0.95841972125241015     
          17          28   1.3552122963026758     
          18          28   1.3627491669769405     
          28          29  0.95982258011440114     
           8          30   1.0302747715383336     
          30          31  0.98025394485525941     
          30          32  0.97225193541449362     
          30          33  0.97266394122322208     
           7          34   1.0303292281870711     
          34          35  0.97283890232293702     
          34          36  0.97202255536903703     
          34          37  0.98026326873675185     
          11          38   1.0336737260028865     
          38          39  0.96741269406300623     
          38          40  0.97571607040816977     
          38          41  0.97723507915215246     
          12          42   1.1021064114692016     
          42          43  0.95812844022518984     
          42          44   1.8900274513299371     
          44          45  0.97571788369425516     
          44          46  0.97918164724124579     
          15          47   1.0336562744454669     
          47          48  0.97580614385510400     
          47          49  0.97729107869853582     
          47          50  0.96712746076374523     
          16          51   1.1013641805472545     
          51          52  0.95849557293479437     
          51          53   1.8909248162966570     
          53          54  0.97555964278541341     
          53          55  0.97911364646025123     
          19          56   1.0303937463734656     
          56          57  0.97181637233625762     
          56          58  0.97283821534996973     
          56          59  0.98023186268725704     
          20          60   1.0303510296741536     
          60          61  0.98027663181156299     
          60          62  0.97243724221249983     
          60          63  0.97235069049348488     
           1          64  0.27377477396890210     
          64          65  0.87974581113376338     
          64          66  0.87952007940989196     
          67          68  0.98105207228327052     
          67          69  0.97860839981625791     
          67          70  0.97421802728132201     
           1          71  0.44157323046525859     
          67          71  0.99292151967037290     
          71          72  0.94224977361799356     
