    0.56542740
   -0.23425485
   -0.23110152
   -0.25313121
   -0.22876435
    0.06071206
   -0.02268575
   -0.02299842
    0.05942170
    0.05182855
   -0.02515313
   -0.03148496
    0.05297799
    0.05528622
   -0.01817549
   -0.02642086
    0.05606301
    0.04569686
   -0.02869767
   -0.02991652
    0.05253572
   -0.07479372
    0.04185686
   -0.07623911
    0.03993017
   -0.08291811
    0.03675888
   -0.07581995
    0.04013750
   -0.10146854
    0.03987711
    0.03879802
    0.04233264
   -0.10141958
    0.04082647
    0.04178599
    0.03851451
   -0.10024859
    0.03708232
    0.03642595
    0.04597789
   -0.02784131
    0.02422825
   -0.09758450
    0.03631314
    0.02452158
   -0.10207218
    0.04252565
    0.03841859
    0.04566093
   -0.02732037
    0.02765630
   -0.09322021
    0.03964816
    0.02864626
   -0.09994244
    0.04094245
    0.03592714
    0.03788353
   -0.09992099
    0.03930608
    0.03746892
    0.03699318
   -0.50355002
    0.31849003
    0.31929959
   -0.06224183
    0.06584896
    0.06882280
    0.07136878
   -0.18706359
    0.16622561
