    0.61015664
   -0.22859975
   -0.21445739
   -0.23366472
   -0.21540829
    0.07383013
   -0.01066823
   -0.00735191
    0.06573316
    0.06309529
   -0.01087589
   -0.01152498
    0.06157939
    0.07450845
   -0.00407975
   -0.00746354
    0.06530108
    0.06279371
   -0.01233021
   -0.00773821
    0.05743725
   -0.06261586
    0.06724179
   -0.06150595
    0.06556111
   -0.06695994
    0.06261722
   -0.05647992
    0.06757837
   -0.11196103
    0.05759152
    0.05813004
    0.05936272
   -0.11122152
    0.05705962
    0.05673509
    0.05673945
   -0.11074610
    0.05795424
    0.05149465
    0.06361127
   -0.02340273
    0.04535746
   -0.07874611
    0.06066042
    0.05665474
   -0.11214607
    0.06145582
    0.05362527
    0.06346223
   -0.02608375
    0.04679050
   -0.07803714
    0.05964906
    0.05763356
   -0.11045016
    0.05850810
    0.05469101
    0.05718572
   -0.11115884
    0.06129874
    0.05859279
    0.05783846
   -0.50333141
    0.32489510
    0.32496076
   -0.06799718
    0.08260231
    0.07608881
    0.06783388
   -0.15607335
    0.16718302
