           1           2  0.58229493498633778     
           1           3  0.57671336844553411     
           1           4  0.56722479532727199     
           1           5  0.57272004199962989     
           2           6   1.2544731184845672     
           6           7   1.1267324626274506     
           7           8   1.6098467503693095     
           2           9   1.2459207788416404     
           8           9   1.1263278238924355     
           3          10   1.2412496219714020     
          10          11   1.1536981216435669     
          11          12   1.5353682453808297     
           3          13   1.2531443113367171     
          12          13   1.1163130935882000     
           4          14   1.2323009780433458     
          14          15   1.1597966173731664     
          15          16   1.5288010280948505     
           4          17   1.2524935418024843     
          16          17   1.1233525177093644     
           5          18   1.2446028750534577     
          18          19   1.1312272077528545     
          19          20   1.6041624030611978     
           5          21   1.2455810314627258     
          20          21   1.1318030275957531     
           6          22   1.3575044485297270     
          21          22   1.3619047871505785     
          22          23  0.96163355038646126     
           9          24   1.3688222682847426     
          10          24   1.3446291582697114     
          24          25  0.96040676834749061     
          13          26   1.3639591333473431     
          14          26   1.3490923094857958     
          26          27  0.95841593307204398     
          17          28   1.3552027748246360     
          18          28   1.3627584630772713     
          28          29  0.95980932333554092     
           8          30   1.0302692006382173     
          30          31  0.97265034905632741     
          30          32  0.98025848704466256     
          30          33  0.97226942268987182     
           7          34   1.0303230304228186     
          34          35  0.97286183017508687     
          34          36  0.97200646141371549     
          34          37  0.98026544374578939     
          11          38   1.0336722082091689     
          38          39  0.96741621169052372     
          38          40  0.97572227081383878     
          38          41  0.97723940181459645     
          12          42   1.1020363973610783     
          42          43  0.95813644482530913     
          42          44   1.8901008677130109     
          44          45  0.97572150142220049     
          44          46  0.97917981230501316     
          15          47   1.0336632994692048     
          47          48  0.96712243334382086     
          47          49  0.97580038925958368     
          47          50  0.97728818749981095     
          16          51   1.1013777591959149     
          51          52  0.95848624356402534     
          51          53   1.8909123891635109     
          53          54  0.97556439375384985     
          53          55  0.97911492199399064     
          19          56   1.0303913551426453     
          56          57  0.97184110889852060     
          56          58  0.97281471828578447     
          56          59  0.98022913778794296     
          20          60   1.0303474951734457     
          60          61  0.97232129709691317     
          60          62  0.98027312355639118     
          60          63  0.97247038316525058     
           1          64  0.27380083382506154     
          64          65  0.87956331483223393     
          64          66  0.87962779821327675     
          67          68  0.98105158646753343     
          67          69  0.97861354447786109     
          67          70  0.97423046872116992     
           1          71  0.44162440321773877     
          67          71  0.99291082620911908     
          71          72  0.94226006659071593     
