           1           2  0.63471686122976656     
           1           3  0.66205363803601924     
           1           4  0.59849291499208579     
           1           5  0.67644279309406097     
           2           6   1.2237998225599043     
           6           7   1.1211675756979245     
           7           8   1.6055151434737231     
           2           9   1.2046345080466563     
           8           9   1.1196587016936581     
           3          10   1.2018824941860624     
          10          11   1.2751102505011320     
          11          12   1.3531735476084175     
           3          13   1.2334305581812255     
          12          13   1.1917029932363163     
           4          14   1.2193810751830445     
          14          15   1.1588980534868052     
          15          16   1.5085444800240682     
           4          17   1.2224923202997284     
          16          17   1.1230439364431055     
           5          18   1.2142820487269244     
          18          19   1.2127074892951297     
          19          20   1.4647404873238450     
           5          21   1.2219443724809100     
          20          21   1.2190454590956714     
           6          22   1.3959005624803391     
          21          22   1.2754888363720722     
          22          23  0.96122940562589210     
           9          24   1.4218609769127051     
          10          24   1.2434162750354185     
          24          25  0.95913343662716222     
          13          26   1.2912140925067301     
          14          26   1.3667705801971071     
          26          27  0.95660779828112530     
          17          28   1.3883464884785188     
          18          28   1.2880595362250695     
          28          29  0.95931500748436327     
           8          30   1.0316780198956674     
          30          31  0.97091967568185400     
          30          32  0.97993936707390061     
          30          33  0.97176881275303018     
           7          34   1.0316336746468220     
          34          35  0.97221625580662474     
          34          36  0.97052685085682178     
          34          37  0.97998165331226472     
          11          38   1.0343414976686938     
          38          39  0.96596195076940838     
          38          40  0.97676807402129029     
          38          41  0.97539922472472218     
          12          42   1.1384755238921973     
          42          43  0.95730808288320757     
          42          44   1.8388742040646817     
          44          45  0.97527985545246287     
          44          46  0.97983806968206355     
          15          47   1.0354681771311678     
          47          48  0.96541467436632000     
          47          49  0.97517507529870961     
          47          50  0.97631353688242384     
          16          51   1.1077922165197744     
          51          52  0.95847803974018075     
          51          53   1.8817982920686860     
          53          54  0.97521031182890416     
          53          55  0.97900689875936031     
          19          56   1.0316505565612786     
          56          57  0.97012618929023298     
          56          58  0.97278739269690040     
          56          59  0.97970891727495957     
          20          60   1.0308647002650104     
          60          61  0.97234396916661325     
          60          62  0.97988272157650669     
          60          63  0.97170884007901148     
           1          64  0.22240345799531652     
          64          65  0.89079344403374239     
          64          66  0.88987478416298615     
          67          68  0.98425943089251100     
          67          69  0.98159100491289164     
          67          70  0.97342214310003894     
           1          71  0.19223655406793508     
          67          71   1.0101814333645203     
          71          72  0.95743375366690286     
