    0.46497419
   -0.21895673
   -0.22859761
   -0.24425330
   -0.23641730
    0.05506003
   -0.02779668
   -0.02812107
    0.05611761
    0.05510175
   -0.02079982
   -0.03148070
    0.05403305
    0.04856082
   -0.02213686
   -0.03143377
    0.05400408
    0.05192982
   -0.02811188
   -0.02772773
    0.05435478
   -0.06820448
    0.03943861
   -0.06795824
    0.03808748
   -0.07423972
    0.03558237
   -0.07207914
    0.03775663
   -0.10008176
    0.03630837
    0.03606428
    0.03938688
   -0.09998029
    0.03718426
    0.03870430
    0.03593414
   -0.10135892
    0.03709949
    0.03791860
    0.04414196
   -0.02746867
    0.02570492
   -0.09558517
    0.03550427
    0.02534062
   -0.10111538
    0.03919317
    0.03575864
    0.04348840
   -0.02752664
    0.02548448
   -0.09457305
    0.03700644
    0.02585379
   -0.09991574
    0.04012650
    0.03615764
    0.03609012
   -0.10010885
    0.03903200
    0.03614631
    0.03733928
   -0.47999465
    0.32472530
    0.32519708
   -0.07620945
    0.07113498
    0.07457285
    0.07591556
   -0.11058861
    0.16530634
