    0.46498131
   -0.21901129
   -0.22851803
   -0.24424470
   -0.23647419
    0.05503590
   -0.02780927
   -0.02812350
    0.05611554
    0.05511233
   -0.02079161
   -0.03146894
    0.05407142
    0.04858461
   -0.02212901
   -0.03143884
    0.05398815
    0.05193161
   -0.02811345
   -0.02773717
    0.05432281
   -0.06823817
    0.03942694
   -0.06794499
    0.03809728
   -0.07419669
    0.03559206
   -0.07208411
    0.03775177
   -0.10008506
    0.03631098
    0.03606240
    0.03938872
   -0.09997940
    0.03718579
    0.03869330
    0.03593208
   -0.10136288
    0.03709993
    0.03792716
    0.04415077
   -0.02746293
    0.02571326
   -0.09558935
    0.03550292
    0.02534080
   -0.10111754
    0.03918891
    0.03577077
    0.04349258
   -0.02752660
    0.02548292
   -0.09457612
    0.03700255
    0.02585363
   -0.09991682
    0.04013157
    0.03615530
    0.03608669
   -0.10010629
    0.03903802
    0.03614510
    0.03732280
   -0.47999498
    0.32471767
    0.32520300
   -0.07620336
    0.07113346
    0.07457704
    0.07591404
   -0.11058866
    0.16529803
