           1           2  0.61410455644595585     
           1           3  0.69534212101014869     
           1           4  0.59584155860988064     
           1           5  0.67359272544534343     
           2           6   1.2738509664909399     
           6           7   1.1165426658541211     
           7           8   1.5920410960292082     
           2           9   1.1601722974778399     
           8           9   1.1015426215942441     
           3          10   1.2237785544674114     
          10          11   1.3045256764348037     
          11          12   1.3016445726379042     
           3          13   1.2079443412099773     
          12          13   1.1747586558217562     
           4          14   1.2730116401016207     
          14          15   1.1499403391939484     
          15          16   1.5041171983384440     
           4          17   1.1707899786768299     
          16          17   1.0952979076506557     
           5          18   1.2548686485639942     
          18          19   1.2371424925504186     
          19          20   1.4089613811777932     
           5          21   1.1897391620869728     
          20          21   1.2067346479072116     
           6          22   1.3363199215828649     
          21          22   1.3275087256155103     
          22          23  0.95798715765809606     
           9          24   1.4976921720434302     
          10          24   1.1708433700405163     
          24          25  0.95525237756605086     
          13          26   1.3453705043962068     
          14          26   1.3080796800296852     
          26          27  0.95367430231420092     
          17          28   1.4829492734395544     
          18          28   1.1967039998436237     
          28          29  0.95567116897122384     
           8          30   1.0416456222715771     
          30          31  0.96361933490209373     
          30          32  0.97727446404446772     
          30          33  0.96343438158935468     
           7          34   1.0391695066711875     
          34          35  0.96546401677800908     
          34          36  0.96496015202057306     
          34          37  0.97748746279291832     
          11          38   1.0432555774643812     
          38          39  0.95687532054077262     
          38          40  0.97305617040333692     
          38          41  0.97023945534662115     
          12          42   1.1698855013000808     
          42          43  0.95382611737212730     
          42          44   1.7915617692771062     
          44          45  0.97237481083925492     
          44          46  0.97751136108586478     
          15          47   1.0435147088517061     
          47          48  0.95726627231701866     
          47          49  0.97122737308533058     
          47          50  0.97240658174755201     
          16          51   1.1216951135113746     
          51          52  0.95493363731815495     
          51          53   1.8588129081382916     
          53          54  0.97287925616675386     
          53          55  0.97658725180525452     
          19          56   1.0407342009787699     
          56          57  0.96305755008848770     
          56          58  0.96503537838905129     
          56          59  0.97704766011238375     
          20          60   1.0454547792988012     
          60          61  0.95977732242843650     
          60          62  0.97675510655791498     
          60          63  0.96215100360117256     
           1          64  0.24483774723296492     
          64          65  0.89035021509594658     
          64          66  0.89013128709373557     
          67          68  0.98016208835174157     
          67          69  0.97984082003323592     
          67          70  0.97643576114018371     
           1          71  0.22738839734442268     
          67          71   1.0096028646650774     
          71          72  0.95909229230757997     
