           1           2  0.58232274385496485     
           1           3  0.57667974238630748     
           1           4  0.56723821106885708     
           1           5  0.57272605798376486     
           2           6   1.2544922192589916     
           6           7   1.1267057898568296     
           7           8   1.6098801383926065     
           2           9   1.2459318598316564     
           8           9   1.1263005302128202     
           3          10   1.2412273889481871     
          10          11   1.1537376015569043     
          11          12   1.5353366429747213     
           3          13   1.2531214688852879     
          12          13   1.1163497542034586     
           4          14   1.2322880080734706     
          14          15   1.1597915721893022     
          15          16   1.5288134811699785     
           4          17   1.2524851745556655     
          16          17   1.1233653822506766     
           5          18   1.2446304968265023     
          18          19   1.1312087792485108     
          19          20   1.6041853322320352     
           5          21   1.2455998709846681     
          20          21   1.1317824427819656     
           6          22   1.3575100516129985     
          21          22   1.3619127080451223     
          22          23  0.96163226749632902     
           9          24   1.3688286796140847     
          10          24   1.3446180823471896     
          24          25  0.96040068458549743     
          13          26   1.3639380367197105     
          14          26   1.3491082353057113     
          26          27  0.95841625101519534     
          17          28   1.3552119723118956     
          18          28   1.3627503591953281     
          28          29  0.95981570207900413     
           8          30   1.0302684990497177     
          30          31  0.97264105661445299     
          30          32  0.98025917775549387     
          30          33  0.97227913420617806     
           7          34   1.0303245764313982     
          34          35  0.97285481926441086     
          34          36  0.97201084940985427     
          34          37  0.98026674363385990     
          11          38   1.0336708372832313     
          38          39  0.96741462218959384     
          38          40  0.97572408851940884     
          38          41  0.97724079379824902     
          12          42   1.1020261494467896     
          42          43  0.95813522917883165     
          42          44   1.8901110086815835     
          44          45  0.97572486381280743     
          44          46  0.97917991517751846     
          15          47   1.0336625857539510     
          47          48  0.96712146008803479     
          47          49  0.97580796847132212     
          47          50  0.97728577777237047     
          16          51   1.1013505057779120     
          51          52  0.95848937469551709     
          51          53   1.8909412934342944     
          53          54  0.97556577762333063     
          53          55  0.97911456255721641     
          19          56   1.0303915333084777     
          56          57  0.97185678053747837     
          56          58  0.97279978989648863     
          56          59  0.98022713238045922     
          20          60   1.0303483171276857     
          60          61  0.97232978926589941     
          60          62  0.98027076214703768     
          60          63  0.97246245052553704     
           1          64  0.27377969991766099     
          64          65  0.87956558299772636     
          64          66  0.87965713641720522     
          67          68  0.98104985705057224     
          67          69  0.97861487861526497     
          67          70  0.97422853482465588     
           1          71  0.44168082904627998     
          67          71  0.99290646332413590     
          71          72  0.94225782132529545     
