           1           2  0.61347722816457018     
           1           3  0.60994018114292725     
           1           4  0.61095440153394565     
           1           5  0.61694385783759953     
           2           6   1.2456732576110439     
           6           7   1.1313145187503852     
           7           8   1.5865204523051415     
           2           9   1.2265367370924958     
           8           9   1.1308345309253758     
           3          10   1.2302180825070965     
          10          11   1.1591680828724751     
          11          12   1.5128499465347662     
           3          13   1.2378323936730267     
          12          13   1.1214747497732585     
           4          14   1.2227477775881401     
          14          15   1.1601437873689902     
          15          16   1.5147585481709687     
           4          17   1.2408904871588338     
          16          17   1.1239465319137274     
           5          18   1.2384638432508115     
          18          19   1.1319761550506102     
          19          20   1.5803304413949442     
           5          21   1.2264494594151394     
          20          21   1.1361144025774554     
           6          22   1.3495355187050908     
          21          22   1.3673906894656176     
          22          23  0.95732522982214618     
           9          24   1.3732803164141820     
          10          24   1.3391343961288289     
          24          25  0.95620895752284230     
          13          26   1.3658525097654648     
          14          26   1.3469705345506182     
          26          27  0.95421670684561022     
          17          28   1.3589604940378506     
          18          28   1.3567950712496248     
          28          29  0.95586097864999531     
           8          30   1.0375155990356255     
          30          31  0.96582710913326941     
          30          32  0.97771208597662329     
          30          33  0.96784306107553064     
           7          34   1.0375535092712587     
          34          35  0.96881601778315274     
          34          36  0.96490329674541520     
          34          37  0.97769140896418372     
          11          38   1.0413487849553833     
          38          39  0.95974643492402723     
          38          40  0.97276838021123668     
          38          41  0.97299947716242086     
          12          42   1.1045582640197409     
          42          43  0.95536059722346356     
          42          44   1.8855067625384960     
          44          45  0.97379404365138200     
          44          46  0.97699457100841414     
          15          47   1.0412179415740348     
          47          48  0.96004157112373922     
          47          49  0.97181689809662941     
          47          50  0.97358997616305665     
          16          51   1.1015693229221415     
          51          52  0.95625117385797043     
          51          53   1.8885713046319734     
          53          54  0.97366220634221678     
          53          55  0.97682951970476029     
          19          56   1.0382312339203195     
          56          57  0.96432793840099629     
          56          58  0.96813179029692409     
          56          59  0.97753854132936624     
          20          60   1.0376975735936091     
          60          61  0.96795724454459919     
          60          62  0.97765494331440517     
          60          63  0.96540927262331011     
           1          64  0.29550464045891678     
          64          65  0.87848911336843505     
          64          66  0.87809905506459685     
          67          68  0.97393553303376568     
          67          69  0.97560212751411435     
          67          70  0.97362479955563597     
           1          71  0.46806883956360990     
          67          71  0.99664732351945795     
          71          72  0.94053068166991938     
