    0.44053883
   -0.20870827
   -0.22443692
   -0.22846732
   -0.21428114
    0.05297501
   -0.02952926
   -0.02886929
    0.05356490
    0.05160283
   -0.02181932
   -0.03492261
    0.05054942
    0.04909961
   -0.02398681
   -0.03331425
    0.05220472
    0.05137533
   -0.02943331
   -0.03001087
    0.05255479
   -0.07001955
    0.03703665
   -0.06794891
    0.03693307
   -0.07554951
    0.03240932
   -0.07150778
    0.03534636
   -0.09906115
    0.03536527
    0.03446724
    0.03757903
   -0.09898547
    0.03337890
    0.03876591
    0.03451844
   -0.10076655
    0.03537770
    0.04227223
    0.03709273
   -0.02788162
    0.02358393
   -0.09719758
    0.03429487
    0.02257493
   -0.09992930
    0.03441532
    0.03626493
    0.04184700
   -0.02739744
    0.02435772
   -0.09693200
    0.02283631
    0.03437587
   -0.09879261
    0.03517949
    0.03745198
    0.03429844
   -0.09895656
    0.03444934
    0.03847206
    0.03342112
   -0.48030194
    0.32133423
    0.32135368
   -0.11784269
    0.05671672
    0.05640115
    0.06398011
   -0.08389550
    0.17423233
    0.03834964
    0.07251819
    0.07016033
   -0.13151630
   -0.00282644
    0.06721033
