    0.56679735
   -0.23648383
   -0.22965880
   -0.22345388
   -0.23185466
    0.04250207
   -0.03944059
   -0.03844869
    0.04224321
    0.04024654
   -0.03802734
   -0.03844406
    0.04473881
    0.04798292
   -0.03598482
   -0.03229684
    0.04751237
    0.04955831
   -0.03829187
   -0.03324423
    0.04585130
   -0.08333940
    0.03001993
   -0.08016235
    0.03132051
   -0.08158089
    0.03117180
   -0.08326345
    0.02889024
   -0.09610739
    0.03073885
    0.03144948
    0.03170654
   -0.09616998
    0.03152141
    0.03066627
    0.03185310
   -0.09617506
    0.03079049
    0.02969113
    0.04057641
   -0.02978480
    0.01825504
   -0.10512776
    0.02871950
    0.01536307
   -0.09668833
    0.03211012
    0.03042103
    0.04033032
   -0.02878785
    0.01842070
   -0.10361798
    0.03059038
    0.01603904
   -0.09615396
    0.03302871
    0.03084728
    0.03153565
   -0.09618593
    0.03220795
    0.02999348
    0.03156066
   -0.11876426
    0.05931901
    0.06035381
    0.06731360
   -0.07722139
    0.18007195
    0.04247165
    0.08118213
    0.07661934
   -0.13112282
    0.00278001
    0.07288355
   -0.11880034
    0.05955027
    0.06003414
    0.06760790
   -0.07747208
    0.17966333
    0.04248649
    0.08064280
    0.07634158
   -0.13070748
    0.00293400
    0.07335563
