           1           2  0.58593591991178395     
           1           3  0.58679179670510884     
           1           4  0.58754707490431157     
           1           5  0.58634639744957340     
           2           6   1.2449553125276709     
           6           7   1.1319033528609665     
           7           8   1.6028897372571396     
           2           9   1.2530231822830102     
           8           9   1.1326779700273533     
           3          10   1.2502598264885290     
          10          11   1.1314652440658750     
          11          12   1.6039872226426273     
           3          13   1.2505361379182536     
          12          13   1.1309264922952094     
           4          14   1.2623440975485340     
          14          15   1.1152325129105070     
          15          16   1.5305431134044172     
           4          17   1.2410382177408317     
          16          17   1.1551794081876048     
           5          18   1.2571348938992863     
          18          19   1.1156713247145833     
          19          20   1.5282169611582601     
           5          21   1.2433292923635617     
          20          21   1.1576682433785297     
           6          22   1.3637223113970962     
          21          22   1.3396873690832953     
          22          23  0.96103358474589562     
           9          24   1.3513814963085631     
          10          24   1.3559026399306824     
          24          25  0.96262337912860785     
          13          26   1.3561718761730193     
          14          26   1.3519579713859233     
          26          27  0.96051373835064158     
          17          28   1.3446078872725258     
          18          28   1.3598084285494267     
          28          29  0.95876605165200468     
           7          30   1.0284074934367837     
          30          31  0.97376462655936680     
          30          32  0.97355912352351126     
          30          33  0.98062700237455491     
           8          34   1.0283997692854578     
          34          35  0.97373511483279440     
          34          36  0.97360459204402783     
          34          37  0.98064816422676471     
          20          38   1.0320165559404459     
          38          39  0.96860034511255810     
          38          40  0.97675623315278948     
          38          41  0.97751885987519871     
          19          42   1.1074951816764185     
          42          43  0.95848195438644246     
          42          44   1.8828535478804123     
          44          45  0.97594523195652438     
          44          46  0.97949360789212236     
          16          47   1.0324487103219773     
          47          48  0.96819011087402118     
          47          49  0.97646472687143371     
          47          50  0.97766895132729892     
          15          51   1.1063477454856439     
          51          52  0.95869299093477411     
          51          53   1.8840320449021462     
          53          54  0.97587483009221465     
          53          55  0.97946481181417366     
          12          56   1.0288622087096151     
          56          57  0.97324461239722804     
          56          58  0.97350014108158411     
          56          59  0.98062341581569923     
          11          60   1.0283781306336792     
          60          61  0.98063370624967583     
          60          62  0.97362291074110496     
          60          63  0.97380278827879019     
          64          65  0.97154217968426382     
          64          66  0.97148100257951286     
          64          67  0.98215485897787436     
          68          69  0.94204786841180188     
          64          70   1.0312723033487379     
          68          70   1.1871061616850360     
          68          71   1.2610305349301942     
          70          71  0.11286269399891677     
          71          72  0.95538295323317912     
           1          73  0.49372344865018175     
          71          73   1.4857604826520563     
          70          74   1.5615221361070331     
          73          74   1.2503451985688661     
          74          75  0.96049947352893172     
          76          77  0.97164274328908462     
          76          78  0.97135739015856626     
          76          79  0.98215362428207831     
          80          81  0.94210668700243549     
          76          82   1.0312900249989421     
          80          82   1.1870163263986484     
          80          83   1.2607278889250140     
          82          83  0.11280847477623314     
          83          84  0.95536877716271307     
           1          85  0.49396053659455169     
          83          85   1.4857157073020195     
          82          86   1.5615305152357011     
          85          86   1.2502253609039691     
          86          87  0.96063413274747167     
