    0.55408639
   -0.22177069
   -0.21637241
   -0.20979123
   -0.21550134
    0.05777346
   -0.01783903
   -0.01771102
    0.05817878
    0.05894285
   -0.01702969
   -0.01614941
    0.06069640
    0.06435337
   -0.01841813
   -0.00862528
    0.06167944
    0.06334662
   -0.01922823
   -0.01015879
    0.05925293
   -0.06848505
    0.05768367
   -0.06887856
    0.05829763
   -0.06518000
    0.05781833
   -0.06470367
    0.05721900
   -0.10765445
    0.05010343
    0.04947634
    0.05139460
   -0.10771934
    0.05047286
    0.04937663
    0.05132683
   -0.10895774
    0.05238150
    0.04793087
    0.05860755
   -0.02855051
    0.03750409
   -0.08613099
    0.04887173
    0.04645430
   -0.10913763
    0.05474364
    0.04741323
    0.05855789
   -0.02862899
    0.03826749
   -0.08594592
    0.04985477
    0.04649432
   -0.10791339
    0.05136484
    0.05047589
    0.05156110
   -0.10777326
    0.05170132
    0.04908188
    0.05083870
   -0.12437434
    0.07074311
    0.07085576
    0.07293370
   -0.07044249
    0.19155997
    0.04884403
    0.07960069
    0.07314660
   -0.14462271
   -0.00141538
    0.06823094
   -0.12433570
    0.07064532
    0.07098939
    0.07296582
   -0.07039264
    0.19153016
    0.04891294
    0.07949518
    0.07326688
   -0.14436947
   -0.00131700
    0.06821929
