           1           2  0.64004869851245449     
           1           3  0.64783445368329329     
           1           4  0.66465292677308763     
           1           5  0.64943704266624347     
           2           6   1.1942941937054137     
           6           7   1.1920326609223844     
           7           8   1.4971002693025586     
           2           9   1.2285850318749387     
           8           9   1.1941810056588709     
           3          10   1.1887751118096495     
          10          11   1.2075584810530291     
          11          12   1.4819425474395473     
           3          13   1.2376372975148930     
          12          13   1.1999468266907156     
           4          14   1.2192133777230354     
          14          15   1.1762059834138452     
          15          16   1.3445632159791681     
           4          17   1.1985324956988437     
          16          17   1.2751756696202348     
           5          18   1.2203234200701492     
          18          19   1.1616527899817413     
          19          20   1.3592254212461061     
           5          21   1.1960223326761372     
          20          21   1.2678712684635176     
           6          22   1.3373436302601078     
          21          22   1.2583516688203766     
          22          23  0.96102440485109519     
           9          24   1.2901865214748396     
          10          24   1.3227794165455167     
          24          25  0.96361934215642864     
          13          26   1.2782187079086600     
          14          26   1.3218103646197539     
          26          27  0.96096910138999725     
          17          28   1.2495865596187865     
          18          28   1.3395784449348231     
          28          29  0.95615843074968143     
           7          30   1.0280871518620178     
          30          31  0.97579356333647405     
          30          32  0.97225653436234327     
          30          33  0.98089426908234478     
           8          34   1.0280765736419468     
          34          35  0.97546351598126224     
          34          36  0.97244041664669290     
          34          37  0.98093838342678052     
          20          38   1.0315690426980884     
          38          39  0.96808537890969459     
          38          40  0.97869236882978039     
          38          41  0.97546773377327878     
          19          42   1.1589005522993452     
          42          43  0.95777366526834895     
          42          44   1.8107210955668851     
          44          45  0.97552039167907068     
          44          46  0.98059360722504874     
          16          47   1.0324231833054578     
          47          48  0.96781907948482204     
          47          49  0.97713977243691896     
          47          50  0.97551724576711518     
          15          51   1.1556378006312411     
          51          52  0.95927051595325552     
          51          53   1.8138692877534932     
          53          54  0.97560986004993078     
          53          55  0.98048631859335367     
          12          56   1.0287485203177504     
          56          57  0.97221655403294016     
          56          58  0.97486679480852079     
          56          59  0.98093966261757015     
          11          60   1.0278804802924857     
          60          61  0.98079441981243132     
          60          62  0.97237720218751367     
          60          63  0.97606721997454671     
          64          65  0.97014037774940676     
          64          66  0.96992956505377526     
          64          67  0.98122645196830927     
          68          69  0.93923623939631540     
          64          70   1.0328459260849900     
          68          70   1.1880951398292672     
          68          71   1.2778833103825502     
          70          71  0.11007513665062246     
          71          72  0.95455300231373208     
           1          73  0.50696934006593319     
          71          73   1.4805951540546540     
          70          74   1.5607730763200733     
          73          74   1.2492941050972568     
          74          75  0.95987185378043172     
          76          77  0.97012184820848957     
          76          78  0.96990458048921524     
          76          79  0.98116147124096953     
          80          81  0.93937511598487045     
          76          82   1.0328971392902153     
          80          82   1.1879493986506409     
          80          83   1.2772775774968934     
          82          83  0.11029932783815934     
          83          84  0.95470139768477458     
           1          85  0.50734775427742707     
          83          85   1.4807921577714160     
          82          86   1.5607635301012175     
          85          86   1.2491912645274181     
          86          87  0.95968150273430730     
