           1           2  0.58593526242504379     
           1           3  0.58679518753464488     
           1           4  0.58754704270765556     
           1           5  0.58634726158235018     
           2           6   1.2449550840353905     
           6           7   1.1319019477662065     
           7           8   1.6028922427613963     
           2           9   1.2530254600502888     
           8           9   1.1326764557406963     
           3          10   1.2502572621205834     
          10          11   1.1314646201935934     
          11          12   1.6039877251324941     
           3          13   1.2505354825014847     
          12          13   1.1309263391520517     
           4          14   1.2623447546042725     
          14          15   1.1152312159075004     
          15          16   1.5305467108056565     
           4          17   1.2410373755650259     
          16          17   1.1551763870089511     
           5          18   1.2571357870376203     
          18          19   1.1156696153645966     
          19          20   1.5282165667003531     
           5          21   1.2433296370195392     
          20          21   1.1576664350844268     
           6          22   1.3637226581502877     
          21          22   1.3396891791249026     
          22          23  0.96103337551098478     
           9          24   1.3513799288781392     
          10          24   1.3559049963198067     
          24          25  0.96262314861325127     
          13          26   1.3561725194699288     
          14          26   1.3519581688710987     
          26          27  0.96051367099745977     
          17          28   1.3446114063809458     
          18          28   1.3598071077026301     
          28          29  0.95876534568459726     
           7          30   1.0284073240307816     
          30          31  0.97376479180452702     
          30          32  0.97355920320589762     
          30          33  0.98062681304605459     
           8          34   1.0283994634779581     
          34          35  0.97373496954373029     
          34          36  0.97360493289453065     
          34          37  0.98064800980288402     
          20          38   1.0320162640673578     
          38          39  0.96860041516317863     
          38          40  0.97675681654545943     
          38          41  0.97751874560334273     
          19          42   1.1075001242405682     
          42          43  0.95848241495083131     
          42          44   1.8828479376670093     
          44          45  0.97594542745676738     
          44          46  0.97949392678856750     
          16          47   1.0324487129040663     
          47          48  0.96819023032766682     
          47          49  0.97646502251625156     
          47          50  0.97766921247043848     
          15          51   1.1063460774513392     
          51          52  0.95869271672366163     
          51          53   1.8840336893204466     
          53          54  0.97587527744879343     
          53          55  0.97946471596044049     
          12          56   1.0288620350648880     
          56          57  0.97324386775956251     
          56          58  0.97350104435830953     
          56          59  0.98062338282812078     
          11          60   1.0283786250413207     
          60          61  0.98063359809866402     
          60          62  0.97362355694406200     
          60          63  0.97380174931755548     
          64          65  0.97154360584919708     
          64          66  0.97147965516359780     
          64          67  0.98215492212112587     
          68          69  0.94204762332731518     
          64          70   1.0312721384030763     
          68          70   1.1871071972375973     
          68          71   1.2610314402614757     
          70          71  0.11286259752971858     
          71          72  0.95538332056717090     
           1          73  0.49372189433939462     
          71          73   1.4857603119270402     
          70          74   1.5615216581477762     
          73          74   1.2503451811660402     
          74          75  0.96049914535968928     
          76          77  0.97164373770154988     
          76          78  0.97135647974044570     
          76          79  0.98215370390932155     
          80          81  0.94210642679807632     
          76          82   1.0312898808576583     
          80          82   1.1870166587662383     
          80          83   1.2607298587342555     
          82          83  0.11280833279096908     
          83          84  0.95536805223448495     
           1          85  0.49396055807278599     
          83          85   1.4857145353837153     
          82          86   1.5615301046331655     
          85          86   1.2502253365431697     
          86          87  0.96063447425268056     
