    0.44251755
   -0.21337410
   -0.20908580
   -0.22522296
   -0.22930174
    0.05151054
   -0.02945709
   -0.02976902
    0.05292546
    0.05306009
   -0.02437364
   -0.03133133
    0.05773914
    0.05055104
   -0.02479494
   -0.03500432
    0.05157296
    0.04826342
   -0.03192855
   -0.03094529
    0.04924185
   -0.07183126
    0.03555819
   -0.06944950
    0.03685268
   -0.06802825
    0.04213154
   -0.07604779
    0.03842784
   -0.09900787
    0.03430999
    0.03368359
    0.03848538
   -0.09886149
    0.03693003
    0.03488946
    0.03418631
   -0.09959456
    0.03914442
    0.03446004
    0.03744008
   -0.02576926
    0.02664401
   -0.09690380
    0.03170083
    0.02400853
   -0.09999602
    0.03802466
    0.03722592
    0.03693852
   -0.02662138
    0.02507188
   -0.09703786
    0.03088305
    0.02346569
   -0.09857325
    0.03555454
    0.03540707
    0.03353996
   -0.09874231
    0.03370591
    0.03520316
    0.03548085
   -0.48134494
    0.32155338
    0.32099554
   -0.11776409
    0.05661213
    0.05641075
    0.06368527
   -0.08392179
    0.17430376
    0.03829531
    0.07290700
    0.06969704
   -0.13136765
   -0.00286783
    0.06712335
