           1           2  0.58254528537439265     
           1           3  0.56788245954883876     
           1           4  0.56636678983500011     
           1           5  0.58224669015029074     
           2           6   1.2565861461827212     
           6           7   1.1260650855241081     
           7           8   1.6106192536633359     
           2           9   1.2445766768971858     
           8           9   1.1255409757034200     
           3          10   1.2346844005549225     
          10          11   1.1624590435782294     
          11          12   1.5265661342603909     
           3          13   1.2473657016385873     
          12          13   1.1238224840997353     
           4          14   1.2319255755932668     
          14          15   1.1593228229180526     
          15          16   1.5291334832974153     
           4          17   1.2535095274719099     
          16          17   1.1235617020673174     
           5          18   1.2499054337949480     
          18          19   1.1236998714012083     
          19          20   1.6127099060883840     
           5          21   1.2518008711841655     
          20          21   1.1240378087145539     
           6          22   1.3566099983564215     
          21          22   1.3636501721476271     
          22          23  0.96149119648723447     
           9          24   1.3700559662477083     
          10          24   1.3421239548390251     
          24          25  0.96042908740551058     
          13          26   1.3614897460552187     
          14          26   1.3501623923076573     
          26          27  0.95846443688875693     
          17          28   1.3540441013611995     
          18          28   1.3649350931297353     
          28          29  0.95969117402689030     
           8          30   1.0301067352005715     
          30          31  0.98023526280129403     
          30          32  0.97243661621190647     
          30          33  0.97273454585290664     
           7          34   1.0305686672882679     
          34          35  0.97289738267037884     
          34          36  0.97163155996964945     
          34          37  0.98026283837311889     
          11          38   1.0333140442581301     
          38          39  0.96740039629442631     
          38          40  0.97604365025065265     
          38          41  0.97728022760778377     
          12          42   1.1021091944802621     
          42          43  0.95828454840787569     
          42          44   1.8898654831920192     
          44          45  0.97569172364161183     
          44          46  0.97919177400367940     
          15          47   1.0335361471143840     
          47          48  0.96718190485447908     
          47          49  0.97595567427186181     
          47          50  0.97729110319689727     
          16          51   1.1012485071449358     
          51          52  0.95839213790055688     
          51          53   1.8911759628819034     
          53          54  0.97554249793169212     
          53          55  0.97910001543952996     
          19          56   1.0306765790421384     
          56          57  0.97190928749644701     
          56          58  0.97253134964627841     
          56          59  0.98019197898590182     
          20          60   1.0307123053664164     
          60          61  0.98023579717072207     
          60          62  0.97201842447767561     
          60          63  0.97245014565146415     
           1          64  0.27455024655641819     
          64          65  0.88004247479367437     
          64          66  0.88027950778877040     
          67          68  0.98098993920648703     
          67          69  0.97870653389214823     
          67          70  0.97448708976719467     
           1          71  0.43923101161584305     
          67          71  0.99315093645107688     
          71          72  0.94191483868190207     
