    0.46571889
   -0.21776303
   -0.24754300
   -0.24444565
   -0.21816703
    0.05727509
   -0.02680018
   -0.02869821
    0.05463503
    0.05008985
   -0.02357199
   -0.03396609
    0.04932302
    0.04842553
   -0.02247212
   -0.03089745
    0.05399692
    0.05553540
   -0.02584719
   -0.02530760
    0.05927924
   -0.06395566
    0.04150966
   -0.07200067
    0.03607391
   -0.07769164
    0.03385925
   -0.06991539
    0.03926536
   -0.09975708
    0.03611962
    0.03848884
    0.03603602
   -0.10037254
    0.03735585
    0.04003063
    0.03601586
   -0.10097311
    0.03711547
    0.03615310
    0.04300644
   -0.02828210
    0.02438096
   -0.09528493
    0.03568264
    0.02512641
   -0.10079233
    0.03907733
    0.03494543
    0.04335158
   -0.02757516
    0.02603732
   -0.09444931
    0.03703072
    0.02603034
   -0.10024352
    0.03997134
    0.03777405
    0.03679977
   -0.10052459
    0.03681478
    0.03945909
    0.03885296
   -0.47947617
    0.32495122
    0.32520886
   -0.07598631
    0.07097485
    0.07424004
    0.07613536
   -0.11181213
    0.16641814
