           1           2  0.59843408796148556     
           1           3  0.58841041348087608     
           1           4  0.58299417817642207     
           1           5  0.59609192776177711     
           2           6   1.2538651494559105     
           6           7   1.1272936039927450     
           7           8   1.6094617264172513     
           2           9   1.2449669653831938     
           8           9   1.1262291372424953     
           3          10   1.2389448724684982     
          10          11   1.1600500068104453     
          11          12   1.5275448031172847     
           3          13   1.2488666406443345     
          12          13   1.1192816465281890     
           4          14   1.2340649509795467     
          14          15   1.1603747005440541     
          15          16   1.5267047179563009     
           4          17   1.2549434116586291     
          16          17   1.1222226060834863     
           5          18   1.2477311784184022     
          18          19   1.1287724403936075     
          19          20   1.6064023165488222     
           5          21   1.2488327886098278     
          20          21   1.1296827384391379     
           6          22   1.3552494128356432     
          21          22   1.3586105523043028     
          22          23  0.96205011478677560     
           9          24   1.3699713037926804     
          10          24   1.3427211413175220     
          24          25  0.96045965214043283     
          13          26   1.3621674152427021     
          14          26   1.3455719685043455     
          26          27  0.95875723439133931     
          17          28   1.3537516211803009     
          18          28   1.3616901407150139     
          28          29  0.96012871060687122     
           8          30   1.0296429173532442     
          30          31  0.98040624257803244     
          30          32  0.97341780781891507     
          30          33  0.97243074195249624     
           7          34   1.0294073386264910     
          34          35  0.97258166587439521     
          34          36  0.97352298791654968     
          34          37  0.98044371581517598     
          11          38   1.0330321580169162     
          38          39  0.97623881975542515     
          38          40  0.96767005531271399     
          38          41  0.97740866031513551     
          12          42   1.1047435567519954     
          42          43  0.95863150991436763     
          42          44   1.8861503172735485     
          44          45  0.97579729929888970     
          44          46  0.97935057208590193     
          15          47   1.0326913335581553     
          47          48  0.96795464791358288     
          47          49  0.97626767701120576     
          47          50  0.97748998105894336     
          16          51   1.1036716352168250     
          51          52  0.95861202972407733     
          51          53   1.8877443121524471     
          53          54  0.97573690256088486     
          53          55  0.97931359377817473     
          19          56   1.0296509712756066     
          56          57  0.97292007017784465     
          56          58  0.97284528728801423     
          56          59  0.98041193938285964     
          20          60   1.0293531972713967     
          60          61  0.98045132406161195     
          60          62  0.97324882225766662     
          60          63  0.97290370555365802     
           1          64  0.26240827124482474     
          64          65  0.88471321193680807     
          64          66  0.88415561136534659     
          67          68  0.97092929461839539     
          67          69  0.97098697175819582     
          67          70  0.98183506748647464     
          71          72  0.94120059632124387     
          67          73   1.0317945784020170     
          71          73   1.1886464102925616     
          71          74   1.2624489061990882     
          73          74  0.11245957198037990     
          74          75  0.95289421683022735     
           1          76  0.50908538569722295     
          74          76   1.4787034740552782     
          73          77   1.5596528459946428     
          76          77   1.2469583452980544     
          77          78  0.95956172718487942     
