    0.44051804
   -0.20875762
   -0.22457057
   -0.22850795
   -0.21412621
    0.05297412
   -0.02952292
   -0.02887876
    0.05352624
    0.05155666
   -0.02183623
   -0.03491324
    0.05060893
    0.04906865
   -0.02401478
   -0.03330970
    0.05222236
    0.05145015
   -0.02940041
   -0.02999135
    0.05257579
   -0.07000653
    0.03703961
   -0.06801008
    0.03690177
   -0.07555000
    0.03240665
   -0.07144457
    0.03537585
   -0.09905817
    0.03447259
    0.03536633
    0.03755899
   -0.09899144
    0.03876765
    0.03339436
    0.03452288
   -0.10075017
    0.03534353
    0.03709119
    0.04226708
   -0.02787740
    0.02357718
   -0.09720092
    0.03429853
    0.02257005
   -0.09993227
    0.03626209
    0.03441003
    0.04184147
   -0.02739046
    0.02437921
   -0.09691858
    0.03437330
    0.02285000
   -0.09879883
    0.03747747
    0.03518623
    0.03430719
   -0.09895871
    0.03446620
    0.03342019
    0.03846073
   -0.48034357
    0.32138111
    0.32132253
   -0.11784412
    0.05648477
    0.05663203
    0.06398177
   -0.08389637
    0.17422812
    0.03835010
    0.07251318
    0.07015948
   -0.13152382
   -0.00282535
    0.06720872
