    0.42837958
   -0.21809571
   -0.22379369
   -0.22369962
   -0.21749071
    0.05496725
   -0.02826497
   -0.02985284
    0.05270361
    0.04969674
   -0.03310557
   -0.03082428
    0.05328498
    0.05543120
   -0.03382170
   -0.02449656
    0.05198428
    0.05537353
   -0.03483192
   -0.02179637
    0.05342440
   -0.06760117
    0.03626935
   -0.07387612
    0.03386675
   -0.07127356
    0.03201416
   -0.07262390
    0.03096646
   -0.09866015
    0.03467964
    0.03832342
    0.03416836
   -0.09821408
    0.03784269
    0.03299584
    0.03418248
   -0.09996020
    0.03742390
    0.03449876
    0.04181561
   -0.02720121
    0.02278265
   -0.09717432
    0.03414695
    0.02250715
   -0.09885754
    0.03561298
    0.03323804
    0.04126018
   -0.02729042
    0.02350868
   -0.09688352
    0.03364303
    0.02212421
   -0.09772125
    0.03608812
    0.03462864
    0.03310830
   -0.09791624
    0.03351842
    0.03277956
    0.03611491
   -0.11706944
    0.05587827
    0.05605825
    0.06325460
   -0.08477277
    0.17363438
    0.03781797
    0.07413277
    0.06964233
   -0.13039835
   -0.00194772
    0.06620528
   -0.10796783
    0.04538693
    0.05758972
    0.04850976
   -0.02084739
    0.05766912
    0.05077391
   -0.06028762
   -0.07229539
    0.06423037
    0.05929695
    0.07147875
