           1           2  0.58567298796134715     
           1           3  0.58148760227008800     
           1           4  0.59893510344080447     
           1           5  0.59707682836446185     
           2           6   1.2465969749562085     
           6           7   1.1373817118930660     
           7           8   1.5980545078162176     
           2           9   1.2363143600197923     
           8           9   1.1361718039016533     
           3          10   1.2374513215248675     
          10          11   1.1630969868817109     
          11          12   1.5295536985618501     
           3          13   1.2484923451918295     
          12          13   1.1237398875875551     
           4          14   1.2392661420426003     
          14          15   1.1507040947026337     
          15          16   1.5421833025406955     
           4          17   1.2603235539499569     
          16          17   1.1132538663834777     
           5          18   1.2493894362786291     
          18          19   1.1263400995896566     
          19          20   1.6097225219706222     
           5          21   1.2507208817105078     
          20          21   1.1265793791462368     
           6          22   1.3543284202819983     
          21          22   1.3609028829619987     
          22          23  0.96211790642725026     
           9          24   1.3665367880063759     
          10          24   1.3392559375720645     
          24          25  0.96235563065028618     
          13          26   1.3598044300022736     
          14          26   1.3516713252776726     
          26          27  0.95829653251596514     
          17          28   1.3533879498995218     
          18          28   1.3611310114371351     
          28          29  0.95823098506764859     
           8          30   1.0286934448459606     
          30          31  0.98047129551889478     
          30          32  0.97285747333720196     
          30          33  0.97403177072849645     
           7          34   1.0293194689039167     
          34          35  0.97315733074736743     
          34          36  0.97285248932783730     
          34          37  0.98053027656996472     
          11          38   1.0304075353268949     
          38          39  0.97380201216604911     
          38          40  0.97101090932766088     
          38          41  0.98222346905483759     
          12          42   1.0968792840193851     
          42          43  0.95794073423440351     
          42          44   1.8951033450908967     
          44          45  0.97516686163473132     
          44          46  0.97910879195037381     
          15          47   1.0316377580875522     
          47          48  0.97046676192390668     
          47          49  0.97267570249625313     
          47          50  0.98236764020880485     
          16          51   1.0965968930617800     
          51          52  0.95798067906315754     
          51          53   1.8957382377638641     
          53          54  0.97486046910749924     
          53          55  0.97907112305900679     
          19          56   1.0299461538654715     
          56          57  0.97188973210939111     
          56          58  0.97349051108718010     
          56          59  0.98048179602875429     
          20          60   1.0294483512789419     
          60          61  0.98048765699511919     
          60          62  0.97369897858209220     
          60          63  0.97249167164213435     
           1          64  0.26102427991222654     
          64          65  0.88355233697929192     
          64          66  0.88436575957483499     
          67          68  0.97092450162489841     
          67          69  0.97106126354014277     
          67          70  0.98187930499739529     
          71          72  0.94126474088427980     
          67          73   1.0316620468315008     
          71          73   1.1887911254292687     
          71          74   1.2615361488325321     
          73          74  0.11202397577062029     
          74          75  0.95538279163901518     
           1          76  0.50982244695965417     
          74          76   1.4795363533355121     
          73          77   1.5602561416072840     
          76          77   1.2455083932009039     
          77          78  0.95788491260478970     
