    0.44206989
   -0.23463252
   -0.23283073
   -0.20456176
   -0.20583123
    0.04892693
   -0.03118002
   -0.03428863
    0.04447630
    0.04516384
   -0.02885172
   -0.03317842
    0.05433855
    0.05296807
   -0.02311335
   -0.03032738
    0.06102366
    0.05521256
   -0.02821731
   -0.02895632
    0.05317690
   -0.07029323
    0.03614831
   -0.08026378
    0.03149631
   -0.06972141
    0.04136261
   -0.06587273
    0.04302633
   -0.09793541
    0.03342364
    0.03337681
    0.03434005
   -0.09890462
    0.03622115
    0.03537174
    0.03334702
   -0.09845860
    0.03523735
    0.03392500
    0.03630460
   -0.02666153
    0.02502129
   -0.09626879
    0.03256089
    0.02405825
   -0.09990937
    0.03872153
    0.03669896
    0.03773133
   -0.02628436
    0.02512473
   -0.09606232
    0.03642564
    0.02416957
   -0.09955754
    0.03911804
    0.03568805
    0.03451861
   -0.09892448
    0.03456897
    0.03492437
    0.03693627
   -0.48129022
    0.32128877
    0.32113175
   -0.11795276
    0.05678477
    0.05645776
    0.06381677
   -0.08450021
    0.17418173
    0.03867320
    0.07322867
    0.06913229
   -0.13141028
   -0.00327671
    0.06761789
