           1           2  0.58564190459934384     
           1           3  0.58295210988897961     
           1           4  0.59678233512855594     
           1           5  0.59744807415670886     
           2           6   1.2466940336968082     
           6           7   1.1373918085644574     
           7           8   1.5979987176642652     
           2           9   1.2371962720414560     
           8           9   1.1362450664748998     
           3          10   1.2354445039467756     
          10          11   1.1625815799011174     
          11          12   1.5243026513721816     
           3          13   1.2501955592424092     
          12          13   1.1226825241449321     
           4          14   1.2410728757170115     
          14          15   1.1505608800218632     
          15          16   1.5426718795207801     
           4          17   1.2600348021396781     
          16          17   1.1132205660845493     
           5          18   1.2500549626495654     
          18          19   1.1262445999396804     
          19          20   1.6097444061673751     
           5          21   1.2503525104108464     
          20          21   1.1265659409924829     
           6          22   1.3541765034501039     
          21          22   1.3613912328016198     
          22          23  0.96206204017809549     
           9          24   1.3652486471840957     
          10          24   1.3413221117148166     
          24          25  0.96076374769567841     
          13          26   1.3612173137012586     
          14          26   1.3502884169159017     
          26          27  0.95976497984235709     
          17          28   1.3541834338677690     
          18          28   1.3604716169224915     
          28          29  0.95818481668203315     
           8          30   1.0287273802086445     
          30          31  0.98044522663930223     
          30          32  0.97313992027814733     
          30          33  0.97366433879913705     
           7          34   1.0293420819332124     
          34          35  0.97299083213919380     
          34          36  0.97299372291122088     
          34          37  0.98050086445057127     
          11          38   1.0322821927638144     
          38          39  0.97666890219292657     
          38          40  0.96825076418793365     
          38          41  0.97734781740039844     
          12          42   1.1051065104368367     
          42          43  0.95831849571995265     
          42          44   1.8862019792913842     
          44          45  0.97579678815723958     
          44          46  0.97934744734827350     
          15          47   1.0315342894966302     
          47          48  0.97009917682440205     
          47          49  0.97339930223215809     
          47          50  0.98215146112815355     
          16          51   1.0956392558226145     
          51          52  0.95773104338613602     
          51          53   1.8966889265245235     
          53          54  0.97487177510018230     
          53          55  0.97904266095101300     
          19          56   1.0299732123151804     
          56          57  0.97213518554919509     
          56          58  0.97316889317801014     
          56          59  0.98046247843148504     
          20          60   1.0294671181696040     
          60          61  0.98047108871565958     
          60          62  0.97339440992471304     
          60          63  0.97273543145251473     
           1          64  0.26185484296119971     
          64          65  0.88370772014853949     
          64          66  0.88423488894717739     
          67          68  0.97104999295885153     
          67          69  0.97090577837844905     
          67          70  0.98187285136758962     
          71          72  0.94122765520945562     
          67          73   1.0316787228711901     
          71          73   1.1887756997820063     
          71          74   1.2618838509083545     
          73          74  0.11196852472622112     
          74          75  0.95505977607663539     
           1          76  0.50934241311024520     
          74          76   1.4798200252183913     
          73          77   1.5603075045733261     
          76          77   1.2456628110245869     
          77          78  0.95781195876443359     
