    0.44078678
   -0.23392140
   -0.23306141
   -0.20477375
   -0.20561004
    0.04898852
   -0.03110105
   -0.03412451
    0.04483474
    0.04549234
   -0.02558525
   -0.03362330
    0.05254534
    0.05341811
   -0.02338793
   -0.03027899
    0.06100679
    0.05543606
   -0.02813832
   -0.02889128
    0.05325464
   -0.07021854
    0.03637017
   -0.07976946
    0.03164793
   -0.06941935
    0.03568290
   -0.06599218
    0.04315459
   -0.09792387
    0.03352390
    0.03346928
    0.03434106
   -0.09892896
    0.03624291
    0.03546127
    0.03343832
   -0.09956006
    0.03359910
    0.03452868
    0.04197334
   -0.02760930
    0.02518155
   -0.09720155
    0.03320709
    0.02275504
   -0.09948836
    0.03831408
    0.03635951
    0.03755473
   -0.02617367
    0.02509173
   -0.09593927
    0.03637482
    0.02431593
   -0.09957496
    0.03916864
    0.03577427
    0.03460968
   -0.09897709
    0.03467366
    0.03507822
    0.03692566
   -0.48083464
    0.32131936
    0.32117538
   -0.11798929
    0.05678629
    0.05659274
    0.06384476
   -0.08440832
    0.17427320
    0.03865793
    0.07309928
    0.06956096
   -0.13157566
   -0.00324960
    0.06744005
