           1           2  0.58535504855514009     
           1           3  0.58388296405275386     
           1           4  0.59631315229657711     
           1           5  0.59784264765495787     
           2           6   1.2471805367495161     
           6           7   1.1373294297494270     
           7           8   1.5979717486863607     
           2           9   1.2372917358449849     
           8           9   1.1363034690971090     
           3          10   1.2351086262581312     
          10          11   1.1626040043832904     
          11          12   1.5245550959369307     
           3          13   1.2503455709742322     
          12          13   1.1226721127831345     
           4          14   1.2397916545611665     
          14          15   1.1500378636029496     
          15          16   1.5372120091274935     
           4          17   1.2617742952807920     
          16          17   1.1129676566314619     
           5          18   1.2507771276146966     
          18          19   1.1260170037319359     
          19          20   1.6100553957603292     
           5          21   1.2497052614817874     
          20          21   1.1262227401465630     
           6          22   1.3536216106420549     
          21          22   1.3623085028295516     
          22          23  0.96200889451086602     
           9          24   1.3652322366716314     
          10          24   1.3414424702764411     
          24          25  0.96079319480826542     
          13          26   1.3605204804014743     
          14          26   1.3516894076552228     
          26          27  0.95857105053294578     
          17          28   1.3543818632675648     
          18          28   1.3603406382824963     
          28          29  0.96003312166457300     
           8          30   1.0287501327641237     
          30          31  0.98044287740739011     
          30          32  0.97331574136904808     
          30          33  0.97346278939498132     
           7          34   1.0293722711060382     
          34          35  0.97281904510485628     
          34          36  0.97312936800823580     
          34          37  0.98049089972294667     
          11          38   1.0322744847985392     
          38          39  0.97669712480385629     
          38          40  0.96824541325068680     
          38          41  0.97733722788419253     
          12          42   1.1048140480083022     
          42          43  0.95835176054343763     
          42          44   1.8865309143688558     
          44          45  0.97579411331272226     
          44          46  0.97933359016906352     
          15          47   1.0332791602346181     
          47          48  0.97598442229952509     
          47          49  0.96774627877812480     
          47          50  0.97748505310368095     
          16          51   1.1036665669628569     
          51          52  0.95826016859733176     
          51          53   1.8878387399562540     
          53          54  0.97578823310320395     
          53          55  0.97929211181925513     
          19          56   1.0298939314351900     
          56          57  0.97248595863984932     
          56          58  0.97295945125378758     
          56          59  0.98042217681072541     
          20          60   1.0295473107212607     
          60          61  0.97283429159750667     
          60          62  0.98042581780598748     
          60          63  0.97317490437106680     
           1          64  0.26213351588315931     
          64          65  0.88376794646162415     
          64          66  0.88415542557429594     
          67          68  0.97093075679027585     
          67          69  0.97098084149686159     
          67          70  0.98184079351635789     
          71          72  0.94121195766380406     
          67          73   1.0317178173063786     
          71          73   1.1887718719972076     
          71          74   1.2621292604665286     
          73          74  0.11199737834512240     
          74          75  0.95478957263558806     
           1          76  0.50928283965017829     
          74          76   1.4798912299456171     
          73          77   1.5602939672701677     
          76          77   1.2458089788858682     
          77          78  0.95767931761911940     
