    0.44070036
   -0.23364170
   -0.23287717
   -0.20503215
   -0.20579436
    0.04913157
   -0.03101003
   -0.03401687
    0.04504899
    0.04555316
   -0.02559875
   -0.03357867
    0.05243251
    0.05376427
   -0.01996597
   -0.03082913
    0.05896687
    0.05586492
   -0.02811076
   -0.02863653
    0.05342533
   -0.07015977
    0.03656430
   -0.07955228
    0.03182827
   -0.06912709
    0.03596681
   -0.06573255
    0.03761110
   -0.09795318
    0.03361114
    0.03342709
    0.03448387
   -0.09895894
    0.03627004
    0.03558671
    0.03350997
   -0.09965059
    0.03366530
    0.03465213
    0.04202115
   -0.02744326
    0.02480581
   -0.09698056
    0.03344322
    0.02302031
   -0.10051433
    0.03563587
    0.03740727
    0.04349305
   -0.02678947
    0.02677766
   -0.09732923
    0.03411491
    0.02317123
   -0.09930837
    0.03872897
    0.03580998
    0.03458891
   -0.09901863
    0.03696671
    0.03476695
    0.03532706
   -0.48079741
    0.32137188
    0.32125217
   -0.11803221
    0.05691582
    0.05652587
    0.06402272
   -0.08432863
    0.17430483
    0.03873344
    0.07303227
    0.06961527
   -0.13166176
   -0.00323620
    0.06774846
