    0.44064277
   -0.21010103
   -0.21085189
   -0.22796495
   -0.22769278
    0.05296601
   -0.02885279
   -0.02969274
    0.05297149
    0.05303029
   -0.02142975
   -0.03184144
    0.05541256
    0.04984623
   -0.02241067
   -0.03486918
    0.05122165
    0.04816269
   -0.03227929
   -0.03048336
    0.05023843
   -0.06976098
    0.03662310
   -0.06931718
    0.03705935
   -0.06938460
    0.03569124
   -0.07598207
    0.03261723
   -0.09897471
    0.03313588
    0.03458139
    0.03900454
   -0.09904149
    0.03510725
    0.03757033
    0.03440817
   -0.10064703
    0.03287745
    0.03996530
    0.04215363
   -0.02709362
    0.02422280
   -0.09682044
    0.03571620
    0.02310484
   -0.10054428
    0.03722904
    0.03533365
    0.04208849
   -0.02783174
    0.02341582
   -0.09714479
    0.03440315
    0.02246195
   -0.09827616
    0.03549560
    0.03483685
    0.03364100
   -0.09894704
    0.03564885
    0.03388249
    0.03595374
   -0.11782033
    0.05647490
    0.05659976
    0.06387295
   -0.08386939
    0.17433360
    0.03831440
    0.07267371
    0.06997675
   -0.13156810
   -0.00288488
    0.06737637
   -0.48060067
    0.32112084
    0.32151466
