           1           2  0.59876013093004654     
           1           3  0.59496886651449199     
           1           4  0.58535447509786276     
           1           5  0.58637423644421549     
           2           6   1.2528846309745336     
           6           7   1.1272841759755958     
           7           8   1.6090725227345988     
           2           9   1.2447303997172883     
           8           9   1.1270287409979083     
           3          10   1.2439702978337386     
          10          11   1.1534853002875347     
          11          12   1.5347786371906302     
           3          13   1.2544127530605775     
          12          13   1.1137222171217775     
           4          14   1.2345448544870079     
          14          15   1.1610057357184229     
          15          16   1.5256691769080235     
           4          17   1.2532514733151308     
          16          17   1.1215408742796398     
           5          18   1.2430231123474016     
          18          19   1.1349446282780431     
          19          20   1.5995890373300545     
           5          21   1.2447633162498044     
          20          21   1.1356933700268002     
           6          22   1.3574565344205927     
          21          22   1.3583884721375981     
          22          23  0.96201678556993686     
           9          24   1.3681431134934992     
          10          24   1.3423606153656904     
          24          25  0.96056476668902091     
          13          26   1.3653392184599404     
          14          26   1.3466677829937981     
          26          27  0.95846841758334389     
          17          28   1.3532712918946241     
          18          28   1.3581293491967761     
          28          29  0.96030039980778448     
           8          30   1.0294291609712780     
          30          31  0.97311304105757868     
          30          32  0.98041527120986116     
          30          33  0.97295072110357739     
           7          34   1.0295834910688162     
          34          35  0.97308513214383607     
          34          36  0.97282217202103138     
          34          37  0.98043558290252597     
          11          38   1.0329949242197052     
          38          39  0.97662512161158288     
          38          40  0.96741521472313519     
          38          41  0.97745999389997251     
          12          42   1.1044923920116436     
          42          43  0.95838256225718021     
          42          44   1.8869249548504439     
          44          45  0.97567490103866805     
          44          46  0.97930693388556533     
          15          47   1.0330939674412485     
          47          48  0.96758086023516976     
          47          49  0.97617700940741559     
          47          50  0.97739642650121905     
          16          51   1.1046202382480670     
          51          52  0.95871369564354869     
          51          53   1.8864013052645581     
          53          54  0.97577320503135689     
          53          55  0.97935106468717525     
          19          56   1.0291908458849341     
          56          57  0.97313190061124200     
          56          58  0.97308151695835854     
          56          59  0.98045163716800965     
          20          60   1.0293647796223875     
          60          61  0.97328348104215734     
          60          62  0.98049232014497567     
          60          63  0.97275365634782407     
          64          65  0.97082793376732890     
          64          66  0.97112333138104423     
          64          67  0.98185940899568824     
          68          69  0.94116287467909854     
          64          70   1.0317660571220482     
          68          70   1.1886751227615155     
          68          71   1.2625839041730620     
          70          71  0.11249914514193496     
          71          72  0.95293634178595721     
           1          73  0.50863168201190556     
          71          73   1.4787649952143229     
          70          74   1.5596105646256031     
          73          74   1.2470884187788442     
          74          75  0.95961017193759890     
           1          76  0.26242576910136944     
          76          77  0.88444746539270980     
          76          78  0.88379497070875757     
