    0.39343151
   -0.20961352
   -0.20857300
   -0.20921174
   -0.21041257
    0.04895328
   -0.03352831
   -0.03105318
    0.05166204
    0.05219604
   -0.02226310
   -0.03590691
    0.05231948
    0.04961959
   -0.02497685
   -0.03337022
    0.05501105
    0.05177268
   -0.03070859
   -0.03384271
    0.04897495
   -0.07639234
    0.03000567
   -0.06852026
    0.03330993
   -0.07527772
    0.02962671
   -0.06845054
    0.03306279
   -0.09737418
    0.03210578
    0.03494935
    0.03356823
   -0.09670558
    0.03183868
    0.03379947
    0.03203988
   -0.09901256
    0.03360914
    0.03502642
    0.04099054
   -0.02708961
    0.02174777
   -0.09910862
    0.03190156
    0.02005202
   -0.09827416
    0.03275088
    0.03384256
    0.04090117
   -0.02643657
    0.02323392
   -0.09843683
    0.03209701
    0.02036239
   -0.09732312
    0.03405164
    0.03528116
    0.03205323
   -0.09664783
    0.03181799
    0.03215089
    0.03353885
   -0.11595965
    0.05452674
    0.05425707
    0.06144658
   -0.08621914
    0.17201835
    0.03664635
    0.07529942
    0.06822456
   -0.12591956
   -0.00155224
    0.06476137
   -0.11605808
    0.05450149
    0.05427989
    0.06207078
   -0.08653147
    0.17151126
    0.03684568
    0.07483716
    0.06777310
   -0.12554175
   -0.00124327
    0.06487969
