           1           2  0.58928645123770729     
           1           3  0.58830768086224994     
           1           4  0.58623545370146235     
           1           5  0.58780409628260322     
           2           6   1.2530418641629211     
           6           7   1.1308376243918559     
           7           8   1.6053332161066638     
           2           9   1.2464746796449078     
           8           9   1.1297385234083162     
           3          10   1.2442970775082680     
          10          11   1.1576084186152682     
          11          12   1.5278842646022803     
           3          13   1.2556403144233170     
          12          13   1.1154688339984140     
           4          14   1.2393507382108497     
          14          15   1.1576423490420586     
          15          16   1.5277711976400572     
           4          17   1.2623665842053085     
          16          17   1.1171126199752393     
           5          18   1.2507661731714952     
          18          19   1.1308769593632793     
          19          20   1.6037869361202080     
           5          21   1.2496204359814507     
          20          21   1.1317561624459651     
           6          22   1.3505385638312641     
          21          22   1.3534088454211006     
          22          23  0.96273276959228815     
           9          24   1.3663927657749189     
          10          24   1.3405315037051071     
          24          25  0.96079703827278196     
          13          26   1.3587925247133261     
          14          26   1.3413210020525881     
          26          27  0.95897943270070940     
          17          28   1.3522403648976282     
          18          28   1.3582231491443959     
          28          29  0.96033229782432838     
           8          30   1.0288505039089844     
          30          31  0.98061105430504747     
          30          32  0.97325990409958385     
          30          33  0.97354058814989208     
           7          34   1.0282490994540403     
          34          35  0.97405324151167727     
          34          36  0.97348805610817313     
          34          37  0.98062766272740942     
          11          38   1.0324639538165254     
          38          39  0.97640522978770328     
          38          40  0.96825633135151312     
          38          41  0.97764942868418736     
          12          42   1.1075025016407845     
          42          43  0.95852612866550380     
          42          44   1.8824569900910855     
          44          45  0.97597388798997531     
          44          46  0.97950912459384087     
          15          47   1.0319849491935147     
          47          48  0.97681159798607753     
          47          49  0.96856837511486515     
          47          50  0.97751665572290791     
          16          51   1.1068972649374755     
          51          52  0.95864131074900794     
          51          53   1.8836011308340810     
          53          54  0.97588758078532001     
          53          55  0.97947261334752733     
          19          56   1.0290216431434538     
          56          57  0.97316137736411124     
          56          58  0.97339438771407361     
          56          59  0.98061335355819346     
          20          60   1.0281966747169666     
          60          61  0.97388855624328796     
          60          62  0.98063857016398903     
          60          63  0.97373993082907473     
          64          65  0.97150708134910047     
          64          66  0.97158636155698874     
          64          67  0.98227589425922435     
          68          69  0.94189774993609521     
          64          70   1.0312117210569061     
          68          70   1.1869559190401815     
          68          71   1.2625850425615359     
          70          71  0.11257582038564998     
          71          72  0.95430178576182267     
           1          73  0.48970697115890688     
          71          73   1.4874430608064892     
          70          74   1.5616423984691321     
          73          74   1.2510544846717135     
          74          75  0.96018295021796485     
          76          77  0.97143803403286777     
          76          78  0.97154658460810506     
          76          79  0.98215864126484187     
          80          81  0.94206062299594817     
          76          82   1.0313145274364039     
          80          82   1.1867913791361839     
          80          83   1.2616491904100928     
          82          83  0.11276136885028058     
          83          84  0.95456765158845580     
           1          85  0.49039335124692995     
          83          85   1.4872215880806761     
          82          86   1.5617144167040438     
          85          86   1.2510036147974855     
          86          87  0.96019740347732641     
