           1           2  0.58054661265094887     
           1           3  0.57678830142878301     
           1           4  0.57399009392421962     
           1           5  0.57628929432872955     
           2           6   1.2467676342270608     
           6           7   1.1263608631891464     
           7           8   1.6098400932824550     
           2           9   1.2523643244013818     
           8           9   1.1273542505645575     
           3          10   1.2473065766913627     
          10          11   1.1327735997332065     
          11          12   1.6011430578633026     
           3          13   1.2477350638611624     
          12          13   1.1327838584500260     
           4          14   1.2585510360496557     
          14          15   1.1182165329135028     
          15          16   1.5307073988012787     
           4          17   1.2373605440124853     
          16          17   1.1570481477759065     
           5          18   1.2531286122021035     
          18          19   1.1158358210448065     
          19          20   1.5316170240500062     
           5          21   1.2455920650049694     
          20          21   1.1558092879383906     
           6          22   1.3693453266241822     
          21          22   1.3412836284828509     
          22          23  0.96071741460933302     
           9          24   1.3568782500831928     
          10          24   1.3527632810330461     
          24          25  0.96227217701365531     
          13          26   1.3570725141727082     
          14          26   1.3522895287819270     
          26          27  0.96011951510485183     
          17          28   1.3434772278022553     
          18          28   1.3613894018439421     
          28          29  0.95881345443246691     
           7          30   1.0297142619495827     
          30          31  0.97293319600308803     
          30          32  0.97280236941967158     
          30          33  0.98045483224654284     
           8          34   1.0292516590511374     
          34          35  0.97313832782223197     
          34          36  0.97318758521826088     
          34          37  0.98046620630343861     
          20          38   1.0329654984231067     
          38          39  0.96765273497079418     
          38          40  0.97642979435918364     
          38          41  0.97756560976217999     
          19          42   1.1046648469109663     
          42          43  0.95860929844015286     
          42          44   1.8863356578100587     
          44          45  0.97582628655309411     
          44          46  0.97935349184841058     
          16          47   1.0326385641850659     
          47          48  0.96812864470126692     
          47          49  0.97582047327524057     
          47          50  0.97776492972648343     
          15          51   1.1035946669955825     
          51          52  0.95816068144523026     
          51          53   1.8875289415572136     
          53          54  0.97584082578814768     
          53          55  0.97934667468116610     
          12          56   1.0294323006475001     
          56          57  0.97262374544951602     
          56          58  0.97337448901386847     
          56          59  0.98049520950598967     
          11          60   1.0289090829932792     
          60          61  0.98050454571389212     
          60          62  0.97375683346827735     
          60          63  0.97282636462632277     
          64          65  0.97110055337491352     
          64          66  0.97106992958661831     
          64          67  0.98195010223636647     
          68          69  0.94135987956440803     
          64          70   1.0316783900272981     
          68          70   1.1880997077306128     
          68          71   1.2632740205240938     
          70          71  0.11254636539198232     
          71          72  0.95365879534610609     
           1          73  0.49390948251794659     
          71          73   1.4810809439702508     
          70          74   1.5596876169032381     
          73          74   1.2481154673615082     
          74          75  0.95906768593959613     
          76          77  0.98023100252000539     
          76          78  0.97932281466974525     
          76          79  0.98642924430017020     
          76          80   1.0263367718853473     
          80          81  0.96807150637616246     
          80          82  0.97312807371715160     
           1          83  0.39554070633845650     
          80          83  0.96218012426453814     
          83          84  0.99616723216799175     
          84          85  0.97710448225462032     
          84          86  0.98073283528380328     
          84          87  0.97542884124622020     
