    0.42849889
   -0.21811983
   -0.22383364
   -0.22372020
   -0.21741695
    0.05498544
   -0.02823488
   -0.02985513
    0.05269801
    0.04969052
   -0.03309128
   -0.03081485
    0.05328753
    0.05542952
   -0.03384874
   -0.02453488
    0.05196305
    0.05535658
   -0.03482291
   -0.02174094
    0.05345419
   -0.06756892
    0.03630518
   -0.07393217
    0.03383279
   -0.07129457
    0.03199330
   -0.07258592
    0.03096608
   -0.09867320
    0.03469415
    0.03833980
    0.03418431
   -0.09821165
    0.03781745
    0.03300796
    0.03419273
   -0.09997417
    0.03746008
    0.03450915
    0.04183884
   -0.02721410
    0.02277036
   -0.09719029
    0.03417274
    0.02249715
   -0.09884399
    0.03559645
    0.03323494
    0.04126115
   -0.02729870
    0.02350075
   -0.09689067
    0.03362797
    0.02212082
   -0.09771206
    0.03608314
    0.03461884
    0.03310032
   -0.09791116
    0.03351478
    0.03276284
    0.03610788
   -0.11707203
    0.05593442
    0.05600330
    0.06326028
   -0.08477735
    0.17363151
    0.03782069
    0.07412627
    0.06962809
   -0.13041454
   -0.00195509
    0.06622849
   -0.10797809
    0.04538962
    0.05760861
    0.04850324
   -0.02083043
    0.05763066
    0.05076883
   -0.06028103
   -0.07231967
    0.06418706
    0.05928650
    0.07148080
