    0.44065623
   -0.21109974
   -0.23319981
   -0.22732128
   -0.20521609
    0.05520529
   -0.02783582
   -0.03093793
    0.05015635
    0.04650122
   -0.02484917
   -0.03447724
    0.05121607
    0.04907624
   -0.02318865
   -0.03387836
    0.05278988
    0.05359910
   -0.02913690
   -0.02746628
    0.05594444
   -0.06482628
    0.03912324
   -0.07535193
    0.03407228
   -0.07332184
    0.03371325
   -0.07115446
    0.03509842
   -0.09846401
    0.03453218
    0.03342139
    0.03676586
   -0.09949718
    0.03887939
    0.03557027
    0.03436138
   -0.10006921
    0.03470070
    0.03487015
    0.04212074
   -0.02747444
    0.02364760
   -0.09716462
    0.03348072
    0.02271825
   -0.10002222
    0.03376272
    0.03724493
    0.04206557
   -0.02773053
    0.02476719
   -0.09701268
    0.03428388
    0.02281990
   -0.09882733
    0.03729392
    0.03548112
    0.03458879
   -0.09949125
    0.03477754
    0.03569387
    0.03844403
   -0.48058936
    0.32137147
    0.32126466
   -0.11792596
    0.05679282
    0.05648177
    0.06394716
   -0.08409389
    0.17432941
    0.03853518
    0.07286439
    0.06981859
   -0.13167967
   -0.00304478
    0.06749932
