    0.46515524
   -0.21883956
   -0.22888700
   -0.24451388
   -0.23597951
    0.05517073
   -0.02776456
   -0.02819000
    0.05607708
    0.05511404
   -0.02076993
   -0.03146879
    0.05396732
    0.04838511
   -0.02199041
   -0.03152236
    0.05430409
    0.05171161
   -0.02826974
   -0.02768728
    0.05446350
   -0.06791474
    0.03955833
   -0.06798421
    0.03808280
   -0.07449778
    0.03558193
   -0.07225515
    0.03752649
   -0.10007563
    0.03606597
    0.03939508
    0.03626329
   -0.09999614
    0.03719758
    0.03878511
    0.03593637
   -0.10137440
    0.03708984
    0.03794953
    0.04413654
   -0.02769033
    0.02632443
   -0.09558665
    0.03545993
    0.02530567
   -0.10096872
    0.03602292
    0.03852475
    0.04395911
   -0.02776070
    0.02733130
   -0.09541585
    0.03587455
    0.02564993
   -0.09986800
    0.03955274
    0.03658153
    0.03607579
   -0.10015101
    0.03912513
    0.03616856
    0.03736546
   -0.47984920
    0.32524665
    0.32467300
   -0.07613122
    0.07110752
    0.07457275
    0.07585477
   -0.11070153
    0.16541021
