           1           2  0.58234063529997282     
           1           3  0.57668338361770655     
           1           4  0.56651399664677282     
           1           5  0.57348277177765616     
           2           6   1.2544727758100489     
           6           7   1.1266661790119239     
           7           8   1.6098634008285184     
           2           9   1.2460481315188621     
           8           9   1.1263069871487783     
           3          10   1.2411660210006508     
          10          11   1.1536592835337642     
          11          12   1.5355852406916635     
           3          13   1.2530023043845635     
          12          13   1.1164556114022437     
           4          14   1.2325093918188796     
          14          15   1.1596301422845361     
          15          16   1.5290055886499594     
           4          17   1.2525031778383018     
          16          17   1.1230977743415125     
           5          18   1.2446914628170829     
          18          19   1.1312151362324858     
          19          20   1.6041105425465054     
           5          21   1.2456043300674167     
          20          21   1.1318033176864359     
           6          22   1.3575657588244419     
          21          22   1.3618639624103897     
          22          23  0.96163249751828239     
           9          24   1.3686261753595563     
          10          24   1.3448269500084225     
          24          25  0.96045722660986477     
          13          26   1.3639360659930138     
          14          26   1.3490606247369814     
          26          27  0.95859110858760710     
          17          28   1.3557133970973285     
          18          28   1.3623383424888345     
          28          29  0.95966396833792011     
           8          30   1.0302651186884157     
          30          31  0.98025818242385454     
          30          32  0.97215070962643280     
          30          33  0.97277975624124680     
           7          34   1.0303435899675146     
          34          35  0.97296192737985310     
          34          36  0.97188755024437801     
          34          37  0.98026027249879222     
          11          38   1.0336520028365495     
          38          39  0.96742791388155280     
          38          40  0.97574970902116742     
          38          41  0.97726158897048543     
          12          42   1.1018019187642143     
          42          43  0.95813314359803514     
          42          44   1.8903371405622833     
          44          45  0.97571922789581134     
          44          46  0.97917408966218589     
          15          47   1.0335894497705023     
          47          48  0.97614680348075411     
          47          49  0.96716850704578161     
          47          50  0.97718675698506452     
          16          51   1.1013378482758063     
          51          52  0.95805038381079022     
          51          53   1.8911333175494942     
          53          54  0.97564752151519807     
          53          55  0.97914365270579107     
          19          56   1.0303527454312236     
          56          57  0.97157895090227131     
          56          58  0.97314439866384916     
          56          59  0.98021659350717838     
          20          60   1.0303674895556247     
          60          61  0.97228079812471424     
          60          62  0.98028280704121817     
          60          63  0.97248370183966593     
           1          64  0.27403048306097649     
          64          65  0.87978090577618284     
          64          66  0.87957690049323745     
          67          68  0.98107256007242327     
          67          69  0.97861518606441367     
          67          70  0.97429581189601788     
           1          71  0.44057092346092497     
          67          71  0.99298532226224046     
          71          72  0.94237358660551329     
