    0.42536234
   -0.21825244
   -0.21705394
   -0.22307099
   -0.22594140
    0.05283185
   -0.02958248
   -0.02862840
    0.05455556
    0.05275813
   -0.02213500
   -0.03463055
    0.05561530
    0.05190711
   -0.02482919
   -0.03361046
    0.05516092
    0.05113375
   -0.03180817
   -0.03172676
    0.05098013
   -0.07251139
    0.03488023
   -0.06834608
    0.03571917
   -0.07290330
    0.03038207
   -0.07135287
    0.03296344
   -0.09852235
    0.03412128
    0.03461365
    0.03793037
   -0.09830515
    0.03803647
    0.03316592
    0.03416495
   -0.09983637
    0.03687102
    0.03437696
    0.04180367
   -0.02717158
    0.02271869
   -0.09727943
    0.03392552
    0.02232860
   -0.09864059
    0.03533246
    0.03322040
    0.04108715
   -0.02716673
    0.02361327
   -0.09693140
    0.03352847
    0.02208908
   -0.09768330
    0.03568702
    0.03473104
    0.03337132
   -0.09795688
    0.03695171
    0.03352413
    0.03298512
   -0.11713161
    0.05595913
    0.05613790
    0.06335011
   -0.08458635
    0.17375199
    0.03789601
    0.07414215
    0.06969176
   -0.12925370
   -0.00185895
    0.06630746
   -0.10908818
    0.04759194
    0.05373228
    0.04539533
   -0.01979797
    0.06379640
    0.05337525
   -0.05945816
   -0.07131444
    0.06308314
    0.06048917
    0.06923827
