           1           2  0.58051933441767878     
           1           3  0.57662575890447643     
           1           4  0.57410219043407829     
           1           5  0.57628055463063621     
           2           6   1.2468361634827936     
           6           7   1.1263837479061944     
           7           8   1.6098033245875449     
           2           9   1.2523269604363065     
           8           9   1.1273865491130124     
           3          10   1.2471126397844521     
          10          11   1.1327276534488411     
          11          12   1.6012132241882922     
           3          13   1.2479209240183495     
          12          13   1.1328629353106399     
           4          14   1.2589502193173590     
          14          15   1.1180796076741466     
          15          16   1.5307027542507865     
           4          17   1.2372368601886501     
          16          17   1.1570131570168922     
           5          18   1.2530227539759085     
          18          19   1.1157587728142848     
          19          20   1.5317231643166076     
           5          21   1.2456670022077900     
          20          21   1.1557298155938029     
           6          22   1.3692805354448514     
          21          22   1.3413462636615283     
          22          23  0.96069501655500700     
           9          24   1.3568429946834362     
          10          24   1.3525014376167515     
          24          25  0.96228483830212375     
          13          26   1.3567104017267222     
          14          26   1.3526913222102068     
          26          27  0.96011989231071770     
          17          28   1.3435620040936196     
          18          28   1.3613390640036700     
          28          29  0.95881032991713933     
           7          30   1.0297267394640433     
          30          31  0.97291045881591265     
          30          32  0.97280829647403044     
          30          33  0.98045439165417503     
           8          34   1.0292351880167585     
          34          35  0.97313282813959978     
          34          36  0.97321306201687141     
          34          37  0.98046705166075898     
          20          38   1.0329917080735960     
          38          39  0.96763357569873343     
          38          40  0.97639920570049077     
          38          41  0.97758010983019106     
          19          42   1.1045979293776325     
          42          43  0.95859551484162187     
          42          44   1.8864125602615001     
          44          45  0.97582786008669209     
          44          46  0.97935129349011485     
          16          47   1.0326470465910769     
          47          48  0.96810341668810918     
          47          49  0.97586884414031205     
          47          50  0.97772242462987657     
          15          51   1.1037327299545101     
          51          52  0.95815704271939461     
          51          53   1.8873903212090430     
          53          54  0.97583533063376404     
          53          55  0.97934998621857960     
          12          56   1.0294297695429127     
          56          57  0.97265223533380651     
          56          58  0.97335222626009099     
          56          59  0.98049446869361578     
          11          60   1.0289026278856541     
          60          61  0.98050157815137506     
          60          62  0.97378693890056967     
          60          63  0.97280890034241752     
          64          65  0.97110032056435536     
          64          66  0.97107566341932783     
          64          67  0.98195056044755136     
          68          69  0.94136649035085129     
          64          70   1.0316762352769109     
          68          70   1.1880868276837080     
          68          71   1.2632446649197802     
          70          71  0.11254410125841333     
          71          72  0.95361393732599176     
           1          73  0.49389221803063554     
          71          73   1.4811186065098980     
          70          74   1.5597191213643906     
          73          74   1.2480821574625598     
          74          75  0.95899147591724920     
          76          77  0.98024599787190869     
          76          78  0.97894074188920543     
          76          79  0.98642687320249400     
          76          80   1.0263076846332184     
          80          81  0.96833734720171760     
          80          82  0.97313400186387766     
           1          83  0.39599003926414567     
          80          83  0.96213201036799023     
          83          84  0.99609139151758530     
          84          85  0.97718250217972746     
          84          86  0.98076569989213125     
          84          87  0.97526309960001345     
