    0.44075834
   -0.23290700
   -0.23320112
   -0.20603875
   -0.20498793
    0.04957425
   -0.03088008
   -0.03410504
    0.04476539
    0.04577110
   -0.02560910
   -0.03380220
    0.05202137
    0.05330390
   -0.02009371
   -0.03089299
    0.05888429
    0.05589271
   -0.02812280
   -0.02848713
    0.05379738
   -0.06949853
    0.03677765
   -0.07953179
    0.03181683
   -0.06988812
    0.03564622
   -0.06583845
    0.03754837
   -0.09794171
    0.03365726
    0.03286949
    0.03497982
   -0.09900788
    0.03647109
    0.03557706
    0.03353944
   -0.09962218
    0.03626243
    0.03224871
    0.04142368
   -0.02769072
    0.02474019
   -0.09680099
    0.03428568
    0.02312697
   -0.10060086
    0.03608534
    0.03708655
    0.04342178
   -0.02684887
    0.02672886
   -0.09731491
    0.03411165
    0.02312123
   -0.09928871
    0.03875754
    0.03573578
    0.03459486
   -0.09904916
    0.03477205
    0.03527273
    0.03720430
   -0.48061247
    0.32140203
    0.32127754
   -0.11802732
    0.05678665
    0.05656998
    0.06403002
   -0.08441973
    0.17425037
    0.03871401
    0.07298170
    0.06943204
   -0.13156170
   -0.00329308
    0.06788841
