    0.42844559
   -0.21811433
   -0.22380454
   -0.22376019
   -0.21749907
    0.05495357
   -0.02827468
   -0.02983172
    0.05272896
    0.04971769
   -0.03310849
   -0.03084148
    0.05328405
    0.05541661
   -0.03383572
   -0.02451452
    0.05197151
    0.05538161
   -0.03482378
   -0.02180972
    0.05338675
   -0.06764122
    0.03624466
   -0.07381248
    0.03391373
   -0.07124789
    0.03203293
   -0.07263129
    0.03091841
   -0.09865566
    0.03467326
    0.03831032
    0.03417576
   -0.09822086
    0.03786057
    0.03300600
    0.03418518
   -0.09995009
    0.03739501
    0.03449628
    0.04182384
   -0.02721397
    0.02276619
   -0.09719303
    0.03414920
    0.02249349
   -0.09883983
    0.03559689
    0.03323127
    0.04124315
   -0.02728872
    0.02350483
   -0.09687129
    0.03364893
    0.02213050
   -0.09772975
    0.03612724
    0.03461013
    0.03310982
   -0.09792292
    0.03351253
    0.03278422
    0.03615180
   -0.11707402
    0.05591008
    0.05603897
    0.06326332
   -0.08476755
    0.17364203
    0.03782569
    0.07413415
    0.06963239
   -0.13035946
   -0.00193498
    0.06620484
   -0.10794744
    0.04537487
    0.05757797
    0.04850738
   -0.02087195
    0.05773200
    0.05076964
   -0.06029911
   -0.07229829
    0.06425436
    0.05930144
    0.07143844
