    0.44062401
   -0.23375951
   -0.20954218
   -0.20472195
   -0.22881295
    0.04771448
   -0.03203970
   -0.03310681
    0.04631417
    0.05084038
   -0.02214212
   -0.03046878
    0.05847266
    0.05634439
   -0.01878133
   -0.03180912
    0.05628899
    0.04930876
   -0.03141026
   -0.03165555
    0.04853188
   -0.07457881
    0.03414008
   -0.07494020
    0.03431199
   -0.06351475
    0.03847086
   -0.07151372
    0.03494818
   -0.09841544
    0.03364477
    0.03372930
    0.03568302
   -0.09849740
    0.03510539
    0.03515857
    0.03343728
   -0.10020086
    0.03567302
    0.03485746
    0.04351354
   -0.02644929
    0.02675772
   -0.09726760
    0.03331484
    0.02339364
   -0.10101182
    0.03717632
    0.03769341
    0.04359028
   -0.02680003
    0.02519936
   -0.09743675
    0.03431836
    0.02288433
   -0.09874208
    0.03591241
    0.03589175
    0.03368446
   -0.09848825
    0.03380712
    0.03534365
    0.03461019
   -0.48056068
    0.32133485
    0.32134346
   -0.11792512
    0.05677064
    0.05648728
    0.06392300
   -0.08412342
    0.17430336
    0.03851804
    0.07276358
    0.06982469
   -0.13164579
   -0.00310893
    0.06751128
