           1           2  0.58547760182889252     
           1           3  0.58387340796105380     
           1           4  0.59619770263847693     
           1           5  0.59778476682337345     
           2           6   1.2472206816265277     
           6           7   1.1372779861370321     
           7           8   1.5980292254734170     
           2           9   1.2372983329979468     
           8           9   1.1362580678137930     
           3          10   1.2350415687070690     
          10          11   1.1626624491353561     
          11          12   1.5245285146973566     
           3          13   1.2503047162044005     
          12          13   1.1227535730176441     
           4          14   1.2397697971016313     
          14          15   1.1500377400651982     
          15          16   1.5372396833901172     
           4          17   1.2617794280390480     
          16          17   1.1130081815735053     
           5          18   1.2508141895364493     
          18          19   1.1259618531082360     
          19          20   1.6101231611301960     
           5          21   1.2498072237630331     
          20          21   1.1261511834498157     
           6          22   1.3536289149432243     
          21          22   1.3623110115576020     
          22          23  0.96200893620066885     
           9          24   1.3652672954331493     
          10          24   1.3414302209567024     
          24          25  0.96077995531265881     
          13          26   1.3604652161301007     
          14          26   1.3517174709889976     
          26          27  0.95858150925673868     
          17          28   1.3543820027207820     
          18          28   1.3603297664531067     
          28          29  0.96003929970551805     
           8          30   1.0287493747941250     
          30          31  0.98044298662435714     
          30          32  0.97332830101740220     
          30          33  0.97344845577235239     
           7          34   1.0293801802860689     
          34          35  0.97280719954399153     
          34          36  0.97313603482395750     
          34          37  0.98048997670387172     
          11          38   1.0322758071054741     
          38          39  0.97669978001832525     
          38          40  0.96824264644092506     
          38          41  0.97733776908054082     
          12          42   1.1047244742107567     
          42          43  0.95835596781181109     
          42          44   1.8866168721609919     
          44          45  0.97580252607852946     
          44          46  0.97933130351991882     
          15          47   1.0332775378159749     
          47          48  0.97598260832628425     
          47          49  0.96775081853881628     
          47          50  0.97748603788263999     
          16          51   1.1035890672610302     
          51          52  0.95825589825056778     
          51          53   1.8879244549116536     
          53          54  0.97578937727505155     
          53          55  0.97929112689791342     
          19          56   1.0298924912029161     
          56          57  0.97246679319461671     
          56          58  0.97298054012405455     
          56          59  0.98042088845266928     
          20          60   1.0295570934667728     
          60          61  0.98042330596901250     
          60          62  0.97319636087233397     
          60          63  0.97280415170898671     
           1          64  0.26209412221669320     
          64          65  0.88374082390945941     
          64          66  0.88418766840555629     
          67          68  0.97073665516192031     
          67          69  0.97117708386616131     
          67          70  0.98183879730484069     
          71          72  0.94121190062991278     
          67          73   1.0317158588883706     
          71          73   1.1887728092869920     
          71          74   1.2621209190619658     
          73          74  0.11199595869572219     
          74          75  0.95480386471661727     
           1          76  0.50931208092526803     
          74          76   1.4798887201850845     
          73          77   1.5603002125213676     
          76          77   1.2457995820314374     
          77          78  0.95767066489492991     
