           1           2  0.58541025602812002     
           1           3  0.58378129261473888     
           1           4  0.59615514835224492     
           1           5  0.59784573960317833     
           2           6   1.2472623136941350     
           6           7   1.1372758224071164     
           7           8   1.5980422871148794     
           2           9   1.2373324394141729     
           8           9   1.1362273900408653     
           3          10   1.2350804017861532     
          10          11   1.1626619131857363     
          11          12   1.5245230810674097     
           3          13   1.2503195442292261     
          12          13   1.1227228190318956     
           4          14   1.2397622695895103     
          14          15   1.1500699826220075     
          15          16   1.5371971059842864     
           4          17   1.2617412746870360     
          16          17   1.1130423921368562     
           5          18   1.2508433390035574     
          18          19   1.1259218141880245     
          19          20   1.6101644710313165     
           5          21   1.2497999922126577     
          20          21   1.1261287007615872     
           6          22   1.3536209900653198     
          21          22   1.3623290788062334     
          22          23  0.96201033086067378     
           9          24   1.3652640066404684     
          10          24   1.3414299063793884     
          24          25  0.96077784050243054     
          13          26   1.3604831309697911     
          14          26   1.3516865602994965     
          26          27  0.95857413506013511     
          17          28   1.3543499005479813     
          18          28   1.3603650377894509     
          28          29  0.96003762280506699     
           8          30   1.0287538999145340     
          30          31  0.98044023260629953     
          30          32  0.97330950591874466     
          30          33  0.97346595624941901     
           7          34   1.0293792593126807     
          34          35  0.97280878996806130     
          34          36  0.97313564764583449     
          34          37  0.98048963871854766     
          11          38   1.0322737633020544     
          38          39  0.97669643999899391     
          38          40  0.96823969047322345     
          38          41  0.97734397543702278     
          12          42   1.1047714292871269     
          42          43  0.95834964754557739     
          42          44   1.8865678492368883     
          44          45  0.97580142741368525     
          44          46  0.97933216041654436     
          15          47   1.0332768363584408     
          47          48  0.97597619569126559     
          47          49  0.96774974325703544     
          47          50  0.97749021542361036     
          16          51   1.1035927262212104     
          51          52  0.95825620317585614     
          51          53   1.8879174236247191     
          53          54  0.97578483213880851     
          53          55  0.97929123745930657     
          19          56   1.0298995038840577     
          56          57  0.97249326326549557     
          56          58  0.97295025241649824     
          56          59  0.98042004737635124     
          20          60   1.0295553324559810     
          60          61  0.98042389444174094     
          60          62  0.97318236058453633     
          60          63  0.97281812037800530     
           1          64  0.26215869766630828     
          64          65  0.88377867967688961     
          64          66  0.88418582240165455     
          67          68  0.97095082687697687     
          67          69  0.97096310610121717     
          67          70  0.98183919889491167     
          71          72  0.94121242182538656     
          67          73   1.0317146427156139     
          71          73   1.1887695435637309     
          71          74   1.2621063112809063     
          73          74  0.11199028848692899     
          74          75  0.95481323921945682     
           1          76  0.50942783484606202     
          74          76   1.4798585893807190     
          73          77   1.5603124898517140     
          76          77   1.2457582702967873     
          77          78  0.95767188141374737     
