           1           2  0.59778802735386216     
           1           3  0.58521626153928752     
           1           4  0.58279287423778559     
           1           5  0.59851359533361781     
           2           6   1.2550758170181473     
           6           7   1.1273168488302434     
           7           8   1.6090722227544612     
           2           9   1.2432647294723891     
           8           9   1.1267983198817206     
           3          10   1.2362274939544611     
          10          11   1.1630989326724661     
          11          12   1.5242793008765012     
           3          13   1.2488420574205841     
          12          13   1.1218703956475258     
           4          14   1.2342102387880747     
          14          15   1.1603144096317501     
          15          16   1.5261814160881904     
           4          17   1.2549020590034246     
          16          17   1.1220085531731945     
           5          18   1.2481461621422447     
          18          19   1.1260774495712922     
          19          20   1.6097999132049514     
           5          21   1.2512285375351500     
          20          21   1.1266017450959711     
           6          22   1.3557824842912680     
          21          22   1.3611388813355243     
          22          23  0.96186816729403546     
           9          24   1.3690936365399431     
          10          24   1.3400836548025603     
          24          25  0.96062338125529534     
          13          26   1.3624101497401504     
          14          26   1.3480185587103402     
          26          27  0.95852247419756420     
          17          28   1.3516068463615472     
          18          28   1.3617337084701746     
          28          29  0.96009617740898900     
           8          30   1.0292001144241545     
          30          31  0.97287554776522300     
          30          32  0.98040307131645221     
          30          33  0.97352445477007199     
           7          34   1.0298476528961105     
          34          35  0.97218668256320928     
          34          36  0.97335587126689016     
          34          37  0.98044241088393846     
          11          38   1.0325040970021659     
          38          39  0.97657380999267818     
          38          40  0.96808827248688101     
          38          41  0.97727074179664186     
          12          42   1.1052324822341042     
          42          43  0.95852393126965141     
          42          44   1.8858154033829257     
          44          45  0.97581355879868092     
          44          46  0.97935626308212342     
          15          47   1.0328836169723437     
          47          48  0.96779860230095816     
          47          49  0.97631799596941438     
          47          50  0.97736700739205329     
          16          51   1.1043415518971276     
          51          52  0.95858889998289998     
          51          53   1.8870242718955521     
          53          54  0.97575089346093591     
          53          55  0.97932987498990998     
          19          56   1.0295623160639313     
          56          57  0.97319372923345959     
          56          58  0.97271424001627427     
          56          59  0.98039236235123417     
          20          60   1.0298203832359427     
          60          61  0.98045052651167630     
          60          62  0.97305625131363871     
          60          63  0.97254879340847855     
           1          64  0.26258518638433725     
          64          65  0.88402534190806970     
          64          66  0.88426328438956392     
          67          68  0.97093736785207096     
          67          69  0.97099447474269018     
          67          70  0.98188731381268424     
          71          72  0.94118824416803948     
          67          73   1.0317341408641101     
          71          73   1.1887448428729313     
          71          74   1.2623388302670870     
          73          74  0.11215790648234290     
          74          75  0.95379013838314242     
           1          76  0.50963367013464744     
          74          76   1.4791237240821660     
          73          77   1.5599332673428294     
          76          77   1.2462294765690165     
          77          78  0.95886619886409130     
