           1           2  0.58946063608773480     
           1           3  0.58658005872664720     
           1           4  0.58487890772823592     
           1           5  0.58758643982122793     
           2           6   1.2551550933453022     
           6           7   1.1284993626965243     
           7           8   1.6079551620321557     
           2           9   1.2461371309295490     
           8           9   1.1279498610137753     
           3          10   1.2456701215745689     
          10          11   1.1584229105650354     
          11          12   1.5330372325413866     
           3          13   1.2545421657588185     
          12          13   1.1166599138037392     
           4          14   1.2372837890912540     
          14          15   1.1601494373003776     
          15          16   1.5236162851522987     
           4          17   1.2617658316286864     
          16          17   1.1187634526931116     
           5          18   1.2487762880778832     
          18          19   1.1308359835219755     
          19          20   1.6042101369455732     
           5          21   1.2513087730611472     
          20          21   1.1312299894405897     
           6          22   1.3534085163724363     
          21          22   1.3545782094210390     
          22          23  0.96256160331184459     
           9          24   1.3669709072714831     
          10          24   1.3367503243555183     
          24          25  0.96251519085780779     
          13          26   1.3590412246071701     
          14          26   1.3437505974564865     
          26          27  0.95702635977493045     
          17          28   1.3485621482875993     
          18          28   1.3583004420472395     
          28          29  0.96043531926260417     
           8          30   1.0286680097681187     
          30          31  0.98064643925026374     
          30          32  0.97367492614922257     
          30          33  0.97339431554451283     
           7          34   1.0286680342661849     
          34          35  0.97386228465247204     
          34          36  0.98064011348925295     
          34          37  0.97318940986612668     
          11          38   1.0303886099180368     
          38          39  0.97142033526821148     
          38          40  0.97334139202775138     
          38          41  0.98255168394324699     
          12          42   1.0989754956724107     
          42          43  0.95806179158175697     
          42          44   1.8917038428151094     
          44          45  0.97518838152703025     
          44          46  0.97924150203444904     
          15          47   1.0323557394539546     
          47          48  0.96805709857451494     
          47          49  0.97706088411795977     
          47          50  0.97718354619347736     
          16          51   1.1089394681039753     
          51          52  0.95892051439460413     
          51          53   1.8812423511312533     
          53          54  0.97584982815734600     
          53          55  0.97953514299366806     
          19          56   1.0285968869133031     
          56          57  0.97402703400068225     
          56          58  0.97309206711718099     
          56          59  0.98060823583877055     
          20          60   1.0286051882303064     
          60          61  0.98066919865714597     
          60          62  0.97350856307258071     
          60          63  0.97361661141405476     
          64          65  0.97168847970090977     
          64          66  0.97143869616824496     
          64          67  0.98227942430084336     
          68          69  0.94195914736273323     
          64          70   1.0311793832582121     
          68          70   1.1871276532281509     
          68          71   1.2616729329511815     
          70          71  0.11268101972753304     
          71          72  0.95514389744502859     
           1          73  0.49270631612625537     
          71          73   1.4860858548160156     
          70          74   1.5614588117409158     
          73          74   1.2504645395777529     
          74          75  0.96050487296232612     
          76          77  0.97169059792024526     
          76          78  0.97141915769775034     
          76          79  0.98226485507766492     
          80          81  0.94202504511086094     
          76          82   1.0311907334117063     
          80          82   1.1870464022653415     
          80          83   1.2611956537180744     
          82          83  0.11270579738536728     
          83          84  0.95520939656666848     
           1          85  0.49304329798867697     
          83          85   1.4858690100658722     
          82          86   1.5615305829800255     
          85          86   1.2502933531234908     
          86          87  0.96038780099053056     
