    0.39594503
   -0.20478975
   -0.20863647
   -0.21502627
   -0.21069731
    0.05192525
   -0.03127326
   -0.03154028
    0.05212477
    0.05158941
   -0.02648135
   -0.03461571
    0.05426761
    0.04915629
   -0.02424176
   -0.03582335
    0.05178824
    0.04945916
   -0.03238270
   -0.03207201
    0.05138439
   -0.07125875
    0.03206396
   -0.07084517
    0.03202151
   -0.07290437
    0.03733064
   -0.07373270
    0.03104616
   -0.09725114
    0.03217229
    0.03332061
    0.03437871
   -0.09722446
    0.03414042
    0.03211689
    0.03359015
   -0.09789493
    0.03494323
    0.03458015
    0.03510205
   -0.02577392
    0.02362283
   -0.09792549
    0.02865192
    0.02126527
   -0.09877831
    0.03463586
    0.03420243
    0.04051803
   -0.02708031
    0.02109706
   -0.09882832
    0.03241025
    0.01996556
   -0.09681642
    0.03494377
    0.03218147
    0.03211017
   -0.09716681
    0.03205723
    0.03385951
    0.03374104
   -0.11596533
    0.05415070
    0.05450178
    0.06144007
   -0.08630771
    0.17188379
    0.03666471
    0.07519394
    0.06776271
   -0.12583317
   -0.00159325
    0.06435387
   -0.11598568
    0.05416753
    0.05451485
    0.06151008
   -0.08653669
    0.17168596
    0.03670427
    0.07493700
    0.06723874
   -0.12586842
   -0.00166918
    0.06440143
