    0.44100038
   -0.21060878
   -0.20460588
   -0.22773520
   -0.23413120
    0.05047429
   -0.03052476
   -0.02798878
    0.05519267
    0.05613959
   -0.01900154
   -0.03189460
    0.05628062
    0.04954309
   -0.02338287
   -0.03390777
    0.05179759
    0.04798362
   -0.03189348
   -0.03312015
    0.04636770
   -0.07549296
    0.03442479
   -0.06432473
    0.03900629
   -0.07091524
    0.03479741
   -0.07372356
    0.03378672
   -0.09946081
    0.03517843
    0.03447093
    0.03916588
   -0.09853992
    0.03323261
    0.03721511
    0.03448977
   -0.10111918
    0.03492177
    0.03984422
    0.04273657
   -0.02697588
    0.02380366
   -0.09686256
    0.03566116
    0.02301922
   -0.10039887
    0.03672291
    0.03543402
    0.04202685
   -0.02752747
    0.02348504
   -0.09700515
    0.03447642
    0.02248791
   -0.09837867
    0.03569741
    0.03530003
    0.03340411
   -0.09837696
    0.03323086
    0.03367779
    0.03595582
   -0.48048995
    0.32111716
    0.32160014
   -0.11785110
    0.05678550
    0.05650670
    0.06385702
   -0.08417150
    0.17417668
    0.03855101
    0.07269216
    0.06983732
   -0.13158952
   -0.00299132
    0.06743340
