    0.46597809
   -0.21963904
   -0.22869557
   -0.24312917
   -0.23688314
    0.05463022
   -0.02794436
   -0.02805029
    0.05615023
    0.05517341
   -0.02075459
   -0.03149433
    0.05407639
    0.04870858
   -0.02465739
   -0.03121207
    0.05510584
    0.05190326
   -0.02774184
   -0.02784338
    0.05418013
   -0.06874378
    0.03908533
   -0.06807480
    0.03795978
   -0.07433472
    0.03566412
   -0.07228584
    0.04341404
   -0.10007069
    0.03600097
    0.03936051
    0.03634559
   -0.09993436
    0.03704311
    0.03858538
    0.03588884
   -0.10129945
    0.03702702
    0.03790597
    0.04415151
   -0.02767964
    0.02623510
   -0.09575792
    0.03533364
    0.02518794
   -0.10010846
    0.03803010
    0.03839611
    0.03859568
   -0.02620692
    0.02819965
   -0.09505349
    0.03231880
    0.02680326
   -0.10023641
    0.04019414
    0.03680673
    0.03618204
   -0.10005173
    0.03883471
    0.03614080
    0.03721952
   -0.48041730
    0.32508368
    0.32488510
   -0.07609226
    0.07098984
    0.07453282
    0.07595016
   -0.11102183
    0.16515663
