           1           2  0.58541435734177338     
           1           3  0.58381468422467853     
           1           4  0.59622704294522888     
           1           5  0.59775829116526935     
           2           6   1.2471880833336459     
           6           7   1.1372921166961916     
           7           8   1.5980115837248003     
           2           9   1.2372939768880575     
           8           9   1.1362753549896094     
           3          10   1.2351120259340638     
          10          11   1.1626207158143003     
          11          12   1.5245448947450904     
           3          13   1.2503475268933266     
          12          13   1.1226985926476207     
           4          14   1.2398049676484233     
          14          15   1.1500355878241915     
          15          16   1.5372030293384367     
           4          17   1.2617595813871390     
          16          17   1.1129785282076348     
           5          18   1.2507933583811290     
          18          19   1.1260088837123825     
          19          20   1.6100757480569177     
           5          21   1.2497886942615093     
          20          21   1.1261871571279720     
           6          22   1.3536497670698555     
          21          22   1.3622708957157446     
          22          23  0.96201038525791005     
           9          24   1.3652584688171743     
          10          24   1.3414354473066383     
          24          25  0.96077634598727768     
          13          26   1.3605055483607640     
          14          26   1.3516993440703440     
          26          27  0.95854633854207161     
          17          28   1.3543948422139538     
          18          28   1.3603228344518052     
          28          29  0.96003348405467859     
           8          30   1.0287493501537641     
          30          31  0.98044195431965875     
          30          32  0.97333267566495885     
          30          33  0.97344517240669970     
           7          34   1.0293756446246021     
          34          35  0.97281172395050419     
          34          36  0.97313566817269015     
          34          37  0.98048917017677240     
          11          38   1.0322788938678971     
          38          39  0.97671313277802696     
          38          40  0.96823146213991085     
          38          41  0.97733019845069924     
          12          42   1.1047901524216437     
          42          43  0.95834204202143891     
          42          44   1.8865622054315820     
          44          45  0.97580017746976555     
          44          46  0.97933103661010978     
          15          47   1.0332831343448297     
          47          48  0.97599094333966074     
          47          49  0.96773689501710680     
          47          50  0.97747114111148337     
          16          51   1.1036657959114564     
          51          52  0.95825911671898867     
          51          53   1.8878423852397110     
          53          54  0.97578843499844892     
          53          55  0.97929294400988853     
          19          56   1.0298933480298416     
          56          57  0.97245158835396994     
          56          58  0.97299460338747923     
          56          59  0.98042021201508056     
          20          60   1.0295544877731846     
          60          61  0.98042173537257604     
          60          62  0.97320549175141058     
          60          63  0.97279974189089735     
           1          64  0.26217736537627084     
          64          65  0.88377428440563355     
          64          66  0.88416380695723007     
          67          68  0.97095367604868832     
          67          69  0.97096033027500328     
          67          70  0.98183635237677380     
          71          72  0.94121608890996422     
          67          73   1.0317185926943688     
          71          73   1.1887733333924191     
          71          74   1.2620600678448932     
          73          74  0.11198150188961771     
          74          75  0.95481507812180078     
           1          76  0.50937054796856118     
          74          76   1.4799171962795432     
          73          77   1.5603365290350628     
          76          77   1.2457361856238780     
          77          78  0.95764889499567707     
