           1           2  0.58062835834071935     
           1           3  0.57686253577249447     
           1           4  0.57410041127302647     
           1           5  0.57627123089034471     
           2           6   1.2467722565240116     
           6           7   1.1263771905866373     
           7           8   1.6098249374568083     
           2           9   1.2523312089529655     
           8           9   1.1273614775389449     
           3          10   1.2472651201642724     
          10          11   1.1327808362411278     
          11          12   1.6011134852965776     
           3          13   1.2477370819554068     
          12          13   1.1328113004735432     
           4          14   1.2585510630217946     
          14          15   1.1182021464350933     
          15          16   1.5308005869750549     
           4          17   1.2373541276565714     
          16          17   1.1570049335436692     
           5          18   1.2531355331139329     
          18          19   1.1158456398247891     
          19          20   1.5316859502168589     
           5          21   1.2456000241749678     
          20          21   1.1557759321619119     
           6          22   1.3693204155354384     
          21          22   1.3413191078208799     
          22          23  0.96071132789529379     
           9          24   1.3568819563571839     
          10          24   1.3527184089566731     
          24          25  0.96227686434815973     
          13          26   1.3570392544954950     
          14          26   1.3523520280811101     
          26          27  0.96013040671952199     
          17          28   1.3435258314327005     
          18          28   1.3613796420785571     
          28          29  0.95883094896261156     
           7          30   1.0297131380534610     
          30          31  0.97292816277451322     
          30          32  0.97280548715503901     
          30          33  0.98045519235230205     
           8          34   1.0292514071090095     
          34          35  0.97313809638948234     
          34          36  0.97319089463469099     
          34          37  0.98046639862419993     
          20          38   1.0329695517935920     
          38          39  0.96765350354276536     
          38          40  0.97642057504199231     
          38          41  0.97757285643407499     
          19          42   1.1045631082227600     
          42          43  0.95860150130037325     
          42          44   1.8864475948981339     
          44          45  0.97583144856295267     
          44          46  0.97935134716767747     
          16          47   1.0326337389995992     
          47          48  0.96813504058383271     
          47          49  0.97581779547026448     
          47          50  0.97777903307347591     
          15          51   1.1034953046998937     
          51          52  0.95816110493790241     
          51          53   1.8876361523678513     
          53          54  0.97584581152497185     
          53          55  0.97934455332164239     
          12          56   1.0294312761244293     
          56          57  0.97259693891125498     
          56          58  0.97340022436348939     
          56          59  0.98049895649521335     
          11          60   1.0289065397451242     
          60          61  0.98050897686226945     
          60          62  0.97375344173825451     
          60          63  0.97283316862609204     
          64          65  0.97107522042760652     
          64          66  0.97109468273400412     
          64          67  0.98195257501776734     
          68          69  0.94135807142751171     
          64          70   1.0316764704712775     
          68          70   1.1881007928234508     
          68          71   1.2632976772424853     
          70          71  0.11254614256380370     
          71          72  0.95362543715940096     
           1          73  0.49390015900061723     
          71          73   1.4810719060093678     
          70          74   1.5596759153566526     
          73          74   1.2481284678098510     
          74          75  0.95908923331573581     
          76          77  0.98022761784741130     
          76          78  0.97928465137712251     
          76          79  0.98642058111702957     
          76          80   1.0263419246605143     
          80          81  0.96813591137647914     
          80          82  0.97312761436380013     
           1          83  0.39522807071596316     
          80          83  0.96220350377223107     
          83          84  0.99620090402791051     
          84          85  0.97711889674708241     
          84          86  0.98073679133397640     
          84          87  0.97541876886559564     
