    0.42846294
   -0.21810728
   -0.22383593
   -0.22366784
   -0.21741292
    0.05498532
   -0.02823752
   -0.02986609
    0.05268567
    0.04967547
   -0.03310114
   -0.03081530
    0.05328297
    0.05543232
   -0.03384836
   -0.02453689
    0.05196806
    0.05535728
   -0.03482637
   -0.02173766
    0.05346928
   -0.06755731
    0.03631378
   -0.07394863
    0.03381609
   -0.07129407
    0.03199170
   -0.07257315
    0.03098528
   -0.09867338
    0.03469386
    0.03834246
    0.03418115
   -0.09820927
    0.03781247
    0.03299928
    0.03419319
   -0.09997767
    0.03747093
    0.03450856
    0.04183407
   -0.02720615
    0.02277843
   -0.09717985
    0.03417059
    0.02250313
   -0.09884942
    0.03560023
    0.03324322
    0.04125434
   -0.02728847
    0.02350225
   -0.09688333
    0.03363083
    0.02212834
   -0.09771111
    0.03608326
    0.03462519
    0.03309259
   -0.09790901
    0.03351651
    0.03275032
    0.03610517
   -0.11707074
    0.05594675
    0.05598990
    0.06325644
   -0.08477774
    0.17363431
    0.03781997
    0.07412676
    0.06965040
   -0.13042626
   -0.00194699
    0.06620875
   -0.10799370
    0.04538226
    0.05763056
    0.04851012
   -0.02079233
    0.05756172
    0.05077285
   -0.06031232
   -0.07230989
    0.06416846
    0.05928139
    0.07149694
