    0.42852983
   -0.21819978
   -0.22382075
   -0.22350843
   -0.21739007
    0.05502067
   -0.02820028
   -0.02990609
    0.05264481
    0.04964890
   -0.03305760
   -0.03075823
    0.05330821
    0.05546417
   -0.03383612
   -0.02452757
    0.05199039
    0.05530028
   -0.03484617
   -0.02165341
    0.05355101
   -0.06748962
    0.03636276
   -0.07412875
    0.03369781
   -0.07132922
    0.03196661
   -0.07252858
    0.03105823
   -0.09868520
    0.03469331
    0.03838764
    0.03418210
   -0.09819352
    0.03776095
    0.03299080
    0.03419130
   -0.10000280
    0.03755510
    0.03450802
    0.04185043
   -0.02723108
    0.02277286
   -0.09718276
    0.03420877
    0.02248756
   -0.09886823
    0.03560530
    0.03326401
    0.04129106
   -0.02728535
    0.02352878
   -0.09690413
    0.03358682
    0.02213043
   -0.09769884
    0.03308692
    0.03602627
    0.03466283
   -0.09790097
    0.03604856
    0.03352034
    0.03273976
   -0.11706806
    0.05593916
    0.05597705
    0.06324915
   -0.08479085
    0.17361496
    0.03781074
    0.07410190
    0.06965335
   -0.13049924
   -0.00198725
    0.06624356
   -0.10803233
    0.04540385
    0.05766558
    0.04849716
   -0.02077357
    0.05745177
    0.05077512
   -0.06028186
   -0.07234191
    0.06406681
    0.05926950
    0.07156531
