           1           2  0.58227976447828134     
           1           3  0.58185119991982637     
           1           4  0.56666597784112349     
           1           5  0.56718640774586104     
           2           6   1.2519322862457274     
           6           7   1.1267332441813167     
           7           8   1.6099768582755019     
           2           9   1.2486703359023594     
           8           9   1.1260344468257903     
           3          10   1.2470735801202415     
          10          11   1.1456849816096915     
          11          12   1.5438239982802926     
           3          13   1.2564084897736039     
          12          13   1.1096828860365486     
           4          14   1.2345925599176255     
          14          15   1.1599184797722877     
          15          16   1.5284501249683482     
           4          17   1.2503076860402620     
          16          17   1.1227072727440872     
           5          18   1.2410171215744135     
          18          19   1.1391448921089387     
          19          20   1.5953416390401811     
           5          21   1.2398635620651681     
          20          21   1.1396470809096770     
           6          22   1.3585480300962014     
          21          22   1.3565113667470152     
          22          23  0.96194020246223289     
           9          24   1.3676168559046566     
          10          24   1.3494560712130950     
          24          25  0.96006410416558885     
          13          26   1.3677178607301568     
          14          26   1.3479314358260472     
          26          27  0.95839040046534418     
          17          28   1.3572612069787651     
          18          28   1.3580296042971980     
          28          29  0.95996176690672819     
           8          30   1.0305685118223844     
          30          31  0.98024306655134330     
          30          32  0.97157767739255141     
          30          33  0.97294818141576889     
           7          34   1.0300377087756523     
          34          35  0.97265195667059912     
          34          36  0.97260943207657546     
          34          37  0.98026099012898338     
          11          38   1.0343680267592894     
          38          39  0.96685094667731064     
          38          40  0.97543035617344287     
          38          41  0.97718087152155753     
          12          42   1.1019140456481848     
          42          43  0.95822605073156297     
          42          44   1.8904919173023349     
          44          45  0.97557043869759497     
          44          46  0.97911313845479453     
          15          47   1.0340976392506451     
          47          48  0.96655631669575603     
          47          49  0.97588377224619238     
          47          50  0.97736608011430381     
          16          51   1.1016713553908755     
          51          52  0.95830838545790065     
          51          53   1.8905535388898651     
          53          54  0.97558838729502895     
          53          55  0.97915239681906607     
          19          56   1.0298354239027718     
          56          57  0.97291685639993064     
          56          58  0.97231873435194571     
          56          59  0.98029574995951096     
          20          60   1.0297117732201533     
          60          61  0.98033931788854500     
          60          62  0.97279932384530954     
          60          63  0.97260203283743996     
           1          64  0.27457989211758249     
          64          65  0.88001631865660346     
          64          66  0.87942794183917172     
          67          68  0.98100788095931857     
          67          69  0.97448143644562524     
          67          70  0.97871103036364326     
           1          71  0.43947142357668645     
          67          71  0.99314658239943665     
          71          72  0.94199006369234817     
