    0.46601639
   -0.21859360
   -0.21498271
   -0.24433740
   -0.25067691
    0.05425157
   -0.02872526
   -0.02701598
    0.05698619
    0.05972098
   -0.01685333
   -0.02818799
    0.05909710
    0.05158694
   -0.02023811
   -0.03288064
    0.05111104
    0.04633286
   -0.03156754
   -0.03191115
    0.04884441
   -0.07328548
    0.03601811
   -0.06322145
    0.04137498
   -0.06830578
    0.03953949
   -0.07804836
    0.03406723
   -0.10033544
    0.03605836
    0.03967721
    0.03756785
   -0.09973907
    0.03577243
    0.03855601
    0.03603562
   -0.10228612
    0.04075377
    0.03829323
    0.04494638
   -0.02639231
    0.02623195
   -0.09487940
    0.03747738
    0.02614340
   -0.10173619
    0.04134747
    0.03610151
    0.04359400
   -0.02808227
    0.02477436
   -0.09521827
    0.03715228
    0.02536568
   -0.09894333
    0.03647404
    0.03607428
    0.03481789
   -0.09927983
    0.03495900
    0.03710660
    0.03543456
   -0.47990169
    0.32506401
    0.32510292
   -0.07606621
    0.07083320
    0.07611291
    0.07430174
   -0.11162943
    0.16624386
