    0.42771273
   -0.21805266
   -0.22437329
   -0.22327294
   -0.21707282
    0.05487423
   -0.02844386
   -0.02998956
    0.05273661
    0.04975330
   -0.03310613
   -0.03082344
    0.05313090
    0.05538596
   -0.03390601
   -0.02410354
    0.05195204
    0.05695864
   -0.03472476
   -0.02476957
    0.05339926
   -0.06775968
    0.03617098
   -0.07413654
    0.03361072
   -0.07175551
    0.03181088
   -0.07285243
    0.03677867
   -0.09863310
    0.03472910
    0.03808327
    0.03401439
   -0.09813581
    0.03773880
    0.03289192
    0.03405449
   -0.09904106
    0.03746688
    0.03592581
    0.03646374
   -0.02635004
    0.02467679
   -0.09647198
    0.03183000
    0.02363088
   -0.09927923
    0.03583293
    0.03411839
    0.04131694
   -0.02730661
    0.02326732
   -0.09705025
    0.03374393
    0.02192051
   -0.09765549
    0.03591196
    0.03454094
    0.03304451
   -0.09785965
    0.03592985
    0.03344715
    0.03279627
   -0.11710668
    0.05579396
    0.05606863
    0.06327785
   -0.08488238
    0.17362012
    0.03777184
    0.07415682
    0.06953260
   -0.13028355
   -0.00201183
    0.06607294
   -0.10804654
    0.04531866
    0.05760325
    0.04837703
   -0.02073500
    0.05794805
    0.05065993
   -0.06096002
   -0.07202321
    0.06408447
    0.05906940
    0.07196794
