           1           2  0.58018897751490095     
           1           3  0.57673956766788881     
           1           4  0.57419168910718599     
           1           5  0.57682232452605164     
           2           6   1.2465378149656832     
           6           7   1.1265090303689875     
           7           8   1.6097835881225384     
           2           9   1.2531815246883700     
           8           9   1.1272991725504424     
           3          10   1.2471517666884220     
          10          11   1.1323647350859738     
          11          12   1.6011971911116907     
           3          13   1.2474754157805472     
          12          13   1.1328253314932488     
           4          14   1.2595892938095594     
          14          15   1.1181672556101092     
          15          16   1.5301203392295948     
           4          17   1.2364574888295015     
          16          17   1.1573397165168346     
           5          18   1.2510849511939475     
          18          19   1.1165119875159784     
          19          20   1.5376568804100355     
           5          21   1.2470804406425575     
          20          21   1.1560933000970075     
           6          22   1.3701034748410816     
          21          22   1.3401033432725025     
          22          23  0.96205269848755792     
           9          24   1.3564485183085984     
          10          24   1.3530386451466674     
          24          25  0.96229223964882871     
          13          26   1.3571280916823443     
          14          26   1.3520246280451462     
          26          27  0.96017728745230801     
          17          28   1.3442565553656485     
          18          28   1.3604380225640649     
          28          29  0.95684288493459191     
           7          30   1.0296415828889389     
          30          31  0.97330659812156195     
          30          32  0.97252748654017607     
          30          33  0.98049428535124827     
           8          34   1.0292079306392319     
          34          35  0.97312458890479447     
          34          36  0.97324604399809678     
          34          37  0.98048510952045409     
          20          38   1.0311688541815553     
          38          39  0.97043240683588050     
          38          40  0.97333031284653904     
          38          41  0.98247918590758854     
          19          42   1.0950855290794621     
          42          43  0.95786508171611695     
          42          44   1.8964561734915832     
          44          45  0.97513820186503886     
          44          46  0.97906861454304051     
          16          47   1.0327775533044858     
          47          48  0.96785052358808021     
          47          49  0.97608811917826555     
          47          50  0.97747499009074468     
          15          51   1.1045045779083413     
          51          52  0.95834452058221020     
          51          53   1.8866293560674336     
          53          54  0.97581713192255037     
          53          55  0.97937776488940864     
          12          56   1.0293991437785124     
          56          57  0.97292647144722100     
          56          58  0.97310169880443675     
          56          59  0.98049649340824141     
          11          60   1.0289005818608847     
          60          61  0.97314185202876247     
          60          62  0.98049897252821294     
          60          63  0.97343966527462744     
          64          65  0.97118531478484438     
          64          66  0.97102075256207399     
          64          67  0.98194796411291474     
          68          69  0.94136816919011179     
          64          70   1.0316488519084719     
          68          70   1.1881180345483469     
          68          71   1.2629574217766777     
          70          71  0.11256574830380636     
          71          72  0.95383684351434472     
           1          73  0.49490334018087173     
          71          73   1.4807862225374617     
          70          74   1.5597511190616635     
          73          74   1.2478704210193654     
          74          75  0.95902447136952995     
          76          77  0.98022167634583901     
          76          78  0.97893600316300455     
          76          79  0.98644666574213435     
          76          80   1.0264089428857019     
          80          81  0.96830048533215929     
          80          82  0.97311633291885058     
           1          83  0.39031357961809698     
          80          83  0.96254011074137136     
          83          84  0.99646439355165806     
          84          85  0.97755159575829642     
          84          86  0.98072664833552292     
          84          87  0.97518898920343045     
