    0.44062385
   -0.23357535
   -0.23288297
   -0.20502328
   -0.20577463
    0.04915578
   -0.03100545
   -0.03401069
    0.04505720
    0.04554945
   -0.02560306
   -0.03358262
    0.05240596
    0.05375287
   -0.01996933
   -0.03081305
    0.05897313
    0.05586283
   -0.02811909
   -0.02863855
    0.05344035
   -0.07013800
    0.03655730
   -0.07954368
    0.03182885
   -0.06915383
    0.03597612
   -0.06573516
    0.03760179
   -0.09795393
    0.03448594
    0.03360898
    0.03343044
   -0.09895607
    0.03627006
    0.03557915
    0.03350979
   -0.09965910
    0.03366272
    0.03464874
    0.04201927
   -0.02743887
    0.02481144
   -0.09696372
    0.03343772
    0.02302664
   -0.10052114
    0.03564288
    0.03741599
    0.04347685
   -0.02678218
    0.02677388
   -0.09732209
    0.03411375
    0.02317222
   -0.09930494
    0.03873594
    0.03579360
    0.03458446
   -0.09901556
    0.03697072
    0.03476112
    0.03531899
   -0.48076605
    0.32133857
    0.32125578
   -0.11803800
    0.05687938
    0.05656308
    0.06402817
   -0.08433205
    0.17429967
    0.03873157
    0.07303841
    0.06960779
   -0.13167820
   -0.00323930
    0.06776077
