           1           2  0.58542870793904722     
           1           3  0.58387259227648691     
           1           4  0.59626069470263998     
           1           5  0.59780316314965443     
           2           6   1.2471963433378461     
           6           7   1.1373140848731984     
           7           8   1.5979885644030163     
           2           9   1.2373133462362502     
           8           9   1.1362915515450038     
           3          10   1.2351023936070005     
          10          11   1.1625825599214730     
          11          12   1.5246258423093131     
           3          13   1.2503491583002859     
          12          13   1.1226846964311701     
           4          14   1.2398387013974579     
          14          15   1.1499480996299665     
          15          16   1.5373518882682706     
           4          17   1.2617942379215508     
          16          17   1.1129271072087032     
           5          18   1.2507909913894488     
          18          19   1.1260087854265775     
          19          20   1.6100715982108214     
           5          21   1.2497590459332115     
          20          21   1.1261989783191926     
           6          22   1.3536242648409795     
          21          22   1.3622919227215375     
          22          23  0.96201273790878394     
           9          24   1.3652306842648994     
          10          24   1.3414582313474968     
          24          25  0.96079392273319009     
          13          26   1.3604829511331125     
          14          26   1.3517377136803523     
          26          27  0.95859903997451779     
          17          28   1.3544066045224636     
          18          28   1.3603099914908496     
          28          29  0.96003523046671191     
           8          30   1.0287489115347437     
          30          31  0.97346735114047489     
          30          32  0.98044403088694709     
          30          33  0.97331065320496812     
           7          34   1.0293719527114988     
          34          35  0.97283113683369493     
          34          36  0.97312075504791529     
          34          37  0.98049221951295007     
          11          38   1.0322720143073560     
          38          39  0.97668080882589503     
          38          40  0.96825309208124466     
          38          41  0.97735255928467113     
          12          42   1.1047147670148929     
          42          43  0.95834854114036827     
          42          44   1.8866286233748777     
          44          45  0.97579739337621230     
          44          46  0.97932944080434470     
          15          47   1.0332733078409966     
          47          48  0.97594689758717601     
          47          49  0.96776857095918900     
          47          50  0.97751962823280791     
          16          51   1.1035607522817068     
          51          52  0.95824919352165128     
          51          53   1.8879532972216755     
          53          54  0.97578607204219958     
          53          55  0.97929009654322718     
          19          56   1.0298927671973892     
          56          57  0.97248394624332135     
          56          58  0.97296276260287662     
          56          59  0.98042225411355255     
          20          60   1.0295494123082947     
          60          61  0.97281643784261673     
          60          62  0.98042486986147337     
          60          63  0.97319184424225713     
           1          64  0.26215036203670045     
          64          65  0.88381893048257920     
          64          66  0.88414455368318623     
          67          68  0.97099097145099822     
          67          69  0.97092267729938753     
          67          70  0.98183884094418583     
          71          72  0.94121383626902011     
          67          73   1.0317182170377006     
          71          73   1.1887573964063531     
          71          74   1.2621302311051221     
          73          74  0.11199399148982692     
          74          75  0.95478782363178205     
           1          76  0.50922371260335775     
          74          76   1.4799261850149126     
          73          77   1.5603132049468282     
          76          77   1.2458098036082894     
          77          78  0.95767092209372473     
