    0.44056169
   -0.20960901
   -0.21158301
   -0.22808572
   -0.22726678
    0.05317712
   -0.02878236
   -0.02970254
    0.05297082
    0.05302585
   -0.02143228
   -0.03188267
    0.05521299
    0.04973947
   -0.02243590
   -0.03480256
    0.05162717
    0.04782898
   -0.03242864
   -0.03042920
    0.05047846
   -0.06935121
    0.03677002
   -0.06936933
    0.03704290
   -0.06993137
    0.03565000
   -0.07611321
    0.03258376
   -0.09895986
    0.03457809
    0.03900467
    0.03310161
   -0.09905608
    0.03511701
    0.03768253
    0.03439724
   -0.10063759
    0.03286984
    0.03997621
    0.04213771
   -0.02690763
    0.02366433
   -0.09680017
    0.03573275
    0.02312871
   -0.10025700
    0.03470368
    0.03735222
    0.04211087
   -0.02769146
    0.02350511
   -0.09724334
    0.03432708
    0.02260633
   -0.09823843
    0.03491485
    0.03527409
    0.03366064
   -0.09899054
    0.03389226
    0.03600975
    0.03574359
   -0.11776012
    0.05638838
    0.05671311
    0.06369527
   -0.08386065
    0.17432621
    0.03826420
    0.07266241
    0.07005785
   -0.13140018
   -0.00288475
    0.06726670
   -0.48034105
    0.32122308
    0.32147703
