    0.44067400
   -0.23362350
   -0.23285530
   -0.20505201
   -0.20578118
    0.04914274
   -0.03101110
   -0.03401221
    0.04505185
    0.04554687
   -0.02559575
   -0.03357420
    0.05242461
    0.05375826
   -0.01996791
   -0.03082122
    0.05897011
    0.05585914
   -0.02812056
   -0.02864143
    0.05342691
   -0.07015151
    0.03654849
   -0.07954380
    0.03184693
   -0.06913184
    0.03596654
   -0.06574172
    0.03760674
   -0.09795660
    0.03448192
    0.03360827
    0.03344115
   -0.09895506
    0.03626367
    0.03557793
    0.03351036
   -0.09966348
    0.03366622
    0.03465674
    0.04202198
   -0.02743783
    0.02481126
   -0.09696934
    0.03343997
    0.02302627
   -0.10051268
    0.03563637
    0.03740878
    0.04348495
   -0.02679027
    0.02676644
   -0.09733088
    0.03411615
    0.02316507
   -0.09930643
    0.03873649
    0.03579661
    0.03458452
   -0.09901603
    0.03476192
    0.03531933
    0.03696856
   -0.48076768
    0.32137122
    0.32123780
   -0.11803979
    0.05690062
    0.05654711
    0.06403194
   -0.08433246
    0.17430212
    0.03873535
    0.07303884
    0.06957924
   -0.13164603
   -0.00324854
    0.06777998
