    0.46590594
   -0.21979433
   -0.22848295
   -0.24305529
   -0.23698665
    0.05455567
   -0.02797669
   -0.02806909
    0.05612690
    0.05520330
   -0.02072037
   -0.03146042
    0.05417027
    0.04877981
   -0.02464212
   -0.03121262
    0.05508177
    0.05192757
   -0.02775068
   -0.02787877
    0.05408698
   -0.06884164
    0.03904714
   -0.06807024
    0.03796506
   -0.07423429
    0.03569614
   -0.07228214
    0.04338315
   -0.10006937
    0.03598670
    0.03935698
    0.03634305
   -0.09992422
    0.03704265
    0.03854791
    0.03587792
   -0.10130180
    0.03703222
    0.03791619
    0.04417162
   -0.02767810
    0.02626222
   -0.09577070
    0.03533738
    0.02518194
   -0.10011143
    0.03800775
    0.03843545
    0.03860226
   -0.02617801
    0.02820834
   -0.09502256
    0.03231136
    0.02681666
   -0.10023630
    0.04019675
    0.03680225
    0.03617081
   -0.10004428
    0.03883860
    0.03613132
    0.03717851
   -0.48039629
    0.32513420
    0.32483796
   -0.07608197
    0.07098950
    0.07453966
    0.07596094
   -0.11105065
    0.16517519
