    0.44068470
   -0.23132134
   -0.20251455
   -0.20775367
   -0.23533872
    0.04485198
   -0.03368597
   -0.03075817
    0.05029189
    0.05455851
   -0.01961196
   -0.03074461
    0.05898442
    0.05584016
   -0.02008588
   -0.03147647
    0.05540968
    0.04806580
   -0.03128971
   -0.03393653
    0.04529706
   -0.08010744
    0.03202685
   -0.06824190
    0.03691613
   -0.06534355
    0.03737209
   -0.07104818
    0.03548646
   -0.09899599
    0.03361719
    0.03642243
    0.03576256
   -0.09799163
    0.03311786
    0.03486491
    0.03363124
   -0.10081640
    0.03693518
    0.03604793
    0.04357076
   -0.02683236
    0.02701751
   -0.09736068
    0.03395564
    0.02321381
   -0.10094265
    0.03501532
    0.03986506
    0.04254045
   -0.02680943
    0.02394491
   -0.09688358
    0.02289365
    0.03574425
   -0.09873599
    0.03555738
    0.03641061
    0.03344905
   -0.09795497
    0.03355611
    0.03468451
    0.03309712
   -0.48031306
    0.32159233
    0.32120997
   -0.11804067
    0.05685412
    0.05652914
    0.06412495
   -0.08442190
    0.17414835
    0.03873178
    0.07281821
    0.06964073
   -0.13149125
   -0.00318580
    0.06768427
