    0.44103526
   -0.21073563
   -0.20451158
   -0.22766515
   -0.23420805
    0.05041557
   -0.03054614
   -0.02799951
    0.05517708
    0.05613968
   -0.01899767
   -0.03186851
    0.05633994
    0.04959484
   -0.02336634
   -0.03390840
    0.05178053
    0.04800948
   -0.03188602
   -0.03313683
    0.04630480
   -0.07557428
    0.03439006
   -0.06433788
    0.03900740
   -0.07083170
    0.03483633
   -0.07371063
    0.03378781
   -0.09946088
    0.03446465
    0.03916051
    0.03517680
   -0.09853526
    0.03323042
    0.03718944
    0.03448790
   -0.10112574
    0.03491815
    0.03985107
    0.04273937
   -0.02696427
    0.02381800
   -0.09685234
    0.03566608
    0.02302860
   -0.10040697
    0.03672188
    0.03546321
    0.04203078
   -0.02752336
    0.02348741
   -0.09700307
    0.03447432
    0.02249180
   -0.09837914
    0.03569380
    0.03530437
    0.03339924
   -0.09837088
    0.03322615
    0.03367540
    0.03592740
   -0.48050645
    0.32111379
    0.32160551
   -0.11785376
    0.05676809
    0.05652936
    0.06386053
   -0.08417791
    0.17417698
    0.03855576
    0.07268387
    0.06982236
   -0.13156067
   -0.00299993
    0.06744312
