           1           2  0.59830113965303855     
           1           3  0.59681101651960544     
           1           4  0.58473851112448683     
           1           5  0.58408508533880110     
           2           6   1.2509415063115965     
           6           7   1.1276926629961630     
           7           8   1.6088801077851111     
           2           9   1.2463397807107366     
           8           9   1.1269889754528206     
           3          10   1.2461113053682307     
          10          11   1.1504989733217970     
          11          12   1.5374944885443669     
           3          13   1.2545050063189025     
          12          13   1.1113621939241329     
           4          14   1.2345216783986763     
          14          15   1.1609944280168376     
          15          16   1.5255995828594839     
           4          17   1.2538505387804419     
          16          17   1.1215587050982267     
           5          18   1.2426484658119357     
          18          19   1.1372860058564134     
          19          20   1.5966320803095124     
           5          21   1.2428572596671899     
          20          21   1.1383249012556707     
           6          22   1.3571412972018952     
          21          22   1.3551733012134972     
          22          23  0.96221278670710630     
           9          24   1.3683437053435248     
          10          24   1.3451127792798612     
          24          25  0.96049748187378836     
          13          26   1.3654682404005707     
          14          26   1.3443271816328901     
          26          27  0.95848466508778918     
          17          28   1.3553343017911850     
          18          28   1.3588497524644036     
          28          29  0.96010887566471115     
           8          30   1.0298534617903234     
          30          31  0.98042846760911750     
          30          32  0.97251557689852419     
          30          33  0.97299972396021128     
           7          34   1.0291635318733590     
          34          35  0.97322274258755859     
          34          36  0.97321927228483740     
          34          37  0.98042001706913673     
          11          38   1.0334480290644756     
          38          39  0.97636795253095165     
          38          40  0.96724604989184260     
          38          41  0.97742071249619245     
          12          42   1.1045186363182242     
          42          43  0.95832776262822295     
          42          44   1.8869029630875345     
          44          45  0.97571762843663534     
          44          46  0.97931808228640171     
          15          47   1.0329545715544504     
          47          48  0.96766093672612741     
          47          49  0.97637038641485951     
          47          50  0.97727183328729472     
          16          51   1.1049373322029765     
          51          52  0.95863856808060754     
          51          53   1.8862600553376163     
          53          54  0.97575043903225456     
          53          55  0.97935771298450858     
          19          56   1.0293301764697109     
          56          57  0.97331123399340158     
          56          58  0.97271163184189913     
          56          59  0.98046446886292993     
          20          60   1.0288665309350740     
          60          61  0.97349020096351735     
          60          62  0.98050686830549538     
          60          63  0.97313310961236499     
           1          64  0.26267415262963989     
          64          65  0.88430222696967309     
          64          66  0.88373500807447825     
          67          68  0.97094603187024975     
          67          69  0.97097088399819387     
          67          70  0.98186474476273433     
          71          72  0.94124079081420475     
          67          73   1.0317518204992622     
          71          73   1.1886620470663063     
          71          74   1.2621592578988825     
          73          74  0.11217654714627681     
          74          75  0.95385154512903636     
           1          76  0.50989186882907245     
          74          76   1.4790063718517017     
          73          77   1.5599784488572364     
          76          77   1.2461979510128478     
          77          78  0.95872949888518144     
