    0.42588558
   -0.22968045
   -0.22758704
   -0.21104470
   -0.21681624
    0.05097730
   -0.03270723
   -0.03418266
    0.04846435
    0.04881171
   -0.03399243
   -0.03071240
    0.05206403
    0.05847712
   -0.03059001
   -0.01985434
    0.05571800
    0.05792855
   -0.03290498
   -0.02673862
    0.05224299
   -0.07148624
    0.03259524
   -0.07779513
    0.03036992
   -0.06769847
    0.03562495
   -0.06820118
    0.04069399
   -0.09745401
    0.03422801
    0.03433850
    0.03252447
   -0.09671770
    0.03380737
    0.03244926
    0.03247175
   -0.09841956
    0.03548525
    0.03536451
    0.03644692
   -0.02675893
    0.02411156
   -0.09601401
    0.03562237
    0.02395408
   -0.10058428
    0.03981468
    0.03487827
    0.04231951
   -0.02628272
    0.02382702
   -0.09670052
    0.03572429
    0.02265154
   -0.09816499
    0.03311324
    0.03707897
    0.03505796
   -0.09721719
    0.03325159
    0.03271148
    0.03440990
   -0.11727881
    0.05581873
    0.05625660
    0.06351348
   -0.08522683
    0.17361456
    0.03812947
    0.07413099
    0.06915206
   -0.12903332
   -0.00206581
    0.06659184
   -0.10934297
    0.04722508
    0.04527357
    0.05436487
   -0.01982980
    0.05410538
    0.06308772
   -0.05912832
   -0.07138470
    0.06023844
    0.06237026
    0.07022737
