           1           2  0.57427579115301897     
           1           3  0.57422061785016332     
           1           4  0.57963345848598358     
           1           5  0.57686088157098536     
           2           6   1.2422205736058505     
           6           7   1.1333749626847760     
           7           8   1.6020791295034811     
           2           9   1.2505650764017822     
           8           9   1.1337448199971765     
           3          10   1.2456771249632443     
          10          11   1.1340250942736456     
          11          12   1.6011510764589554     
           3          13   1.2493080242179393     
          12          13   1.1334387968643020     
           4          14   1.2627086426575018     
          14          15   1.1124716745393382     
          15          16   1.5373646931791238     
           4          17   1.2406892974871628     
          16          17   1.1502534264059410     
           5          18   1.2547647004311708     
          18          19   1.1169007469941767     
          19          20   1.5374775708678576     
           5          21   1.2427919627483661     
          20          21   1.1559512839573731     
           6          22   1.3656373697291275     
          21          22   1.3420796793256644     
          22          23  0.96230616490572329     
           9          24   1.3518215047459612     
          10          24   1.3557644989477144     
          24          25  0.96256096864169938     
          13          26   1.3569948728384871     
          14          26   1.3568587531679583     
          26          27  0.96012343486185858     
          17          28   1.3493063057780541     
          18          28   1.3586502319963447     
          28          29  0.95668665181140322     
           7          30   1.0289500387926902     
          30          31  0.97322920156079051     
          30          32  0.97324537765645036     
          30          33  0.98058387326909302     
           8          34   1.0285408178318756     
          34          35  0.97406038796094407     
          34          36  0.97296620015127699     
          34          37  0.98054796551704171     
          20          38   1.0308273024966190     
          38          39  0.97049444130123264     
          38          40  0.97392492049467516     
          38          41  0.98219023078164747     
          19          42   1.0959736337015473     
          42          43  0.95784832208358939     
          42          44   1.8959461178035995     
          44          45  0.97490019906712522     
          44          46  0.97907179619577844     
          16          47   1.0335062302466471     
          47          48  0.96715587301552608     
          47          49  0.97616610558016947     
          47          50  0.97733368424984191     
          15          51   1.1045874240781248     
          51          52  0.95855595609705113     
          51          53   1.8869591912143970     
          53          54  0.97566760195130386     
          53          55  0.97932847237053389     
          12          56   1.0295407110472026     
          56          57  0.98052813633858416     
          56          58  0.97286183793429648     
          56          59  0.97288699857235716     
          11          60   1.0286088412672247     
          60          61  0.98053707493719244     
          60          62  0.97348121272064325     
          60          63  0.97356448744560264     
          64          65  0.97120978801040536     
          64          66  0.97098217124674202     
          64          67  0.98191615621560446     
          68          69  0.94139531674658095     
          64          70   1.0316229717513197     
          68          70   1.1880632641090467     
          68          71   1.2618705068018721     
          70          71  0.11240058001219236     
          71          72  0.95424066656515039     
           1          73  0.49784020912913851     
          71          73   1.4808791876873857     
          70          74   1.5603389506687197     
          73          74   1.2465343477111548     
          74          75  0.95920056216918093     
          76          77  0.97939769169145463     
          76          78  0.98429845961460205     
          76          79  0.98538391604185716     
          76          80   1.0248919044983993     
          80          81  0.96948275370935810     
          80          82  0.96632170960982089     
           1          83  0.39296771396346153     
          80          83  0.96905467068944795     
          83          84  0.99552352077231887     
          84          85  0.97970531928235915     
          84          86  0.97747178574184734     
          84          87  0.97489604906147376     
