    0.44059249
   -0.20976433
   -0.21131091
   -0.22800083
   -0.22750537
    0.05309484
   -0.02880896
   -0.02969361
    0.05297620
    0.05303149
   -0.02143625
   -0.03184172
    0.05533213
    0.04983000
   -0.02242016
   -0.03481576
    0.05159309
    0.04787648
   -0.03243079
   -0.03047340
    0.05034537
   -0.06949898
    0.03671521
   -0.06935562
    0.03704848
   -0.06974648
    0.03572030
   -0.07609461
    0.03257188
   -0.09896592
    0.03311196
    0.03458186
    0.03899457
   -0.09905077
    0.03512974
    0.03763778
    0.03439516
   -0.10065098
    0.03285603
    0.04000966
    0.04213507
   -0.02688438
    0.02367882
   -0.09676952
    0.03575818
    0.02314882
   -0.10028385
    0.03471368
    0.03739927
    0.04212311
   -0.02767998
    0.02350688
   -0.09724628
    0.03433020
    0.02261181
   -0.09823794
    0.03490541
    0.03528309
    0.03364735
   -0.09898239
    0.03574745
    0.03388824
    0.03595090
   -0.48040774
    0.32120614
    0.32145540
   -0.11775842
    0.05633593
    0.05676779
    0.06368435
   -0.08388547
    0.17432665
    0.03829366
    0.07265423
    0.07002577
   -0.13140048
   -0.00290855
    0.06728751
