    0.43017502
   -0.22997673
   -0.21745587
   -0.21183331
   -0.22462403
    0.04880936
   -0.03408198
   -0.03265649
    0.05085356
    0.05234623
   -0.02338608
   -0.03308763
    0.05641158
    0.05597392
   -0.01981518
   -0.03045066
    0.05872647
    0.05218392
   -0.03079504
   -0.03288699
    0.05063033
   -0.07759386
    0.02995341
   -0.07137534
    0.03271771
   -0.06784246
    0.03527876
   -0.06847716
    0.03503723
   -0.09756098
    0.03458423
    0.03276201
    0.03421830
   -0.09681163
    0.03408574
    0.03263188
    0.03259736
   -0.09942723
    0.03604270
    0.03386445
    0.04190367
   -0.02683032
    0.02364203
   -0.09669521
    0.03403575
    0.02288727
   -0.10022874
    0.03996654
    0.03401514
    0.04226837
   -0.02627126
    0.02391994
   -0.09651791
    0.03581817
    0.02287589
   -0.09831615
    0.03698718
    0.03488294
    0.03326445
   -0.09717428
    0.03323883
    0.03236692
    0.03482121
   -0.10817243
    0.04523121
    0.04888530
    0.05808286
   -0.02085660
    0.05022488
    0.05672497
   -0.05947643
   -0.07251845
    0.05891539
    0.06350634
    0.07170340
   -0.11725899
    0.05601351
    0.05619706
    0.06354600
   -0.08526338
    0.17364724
    0.03824880
    0.07435186
    0.06867902
   -0.12979462
   -0.00185489
    0.06663198
