           1           2  0.61868498299938579     
           1           3  0.63141404387446420     
           1           4  0.61892697243284067     
           1           5  0.61913347288498144     
           2           6   1.2379031840017503     
           6           7   1.1363160295894676     
           7           8   1.5976477155321669     
           2           9   1.2390925298231799     
           8           9   1.1346259294546657     
           3          10   1.2367933271000233     
          10          11   1.1465484816872402     
          11          12   1.5427512164639743     
           3          13   1.2485102423011767     
          12          13   1.1110508264389976     
           4          14   1.2356137264027396     
          14          15   1.1558727999516956     
          15          16   1.5370451292300082     
           4          17   1.2446977079113857     
          16          17   1.1195431078101379     
           5          18   1.2368132872515507     
          18          19   1.1366872172628195     
          19          20   1.5966936483655803     
           5          21   1.2278731800900191     
          20          21   1.1375054202448236     
           6          22   1.3547435849593388     
          21          22   1.3557429191185553     
          22          23  0.96156453901153494     
           9          24   1.3662090666569255     
          10          24   1.3560900142377499     
          24          25  0.95972393919862187     
          13          26   1.3722768311276994     
          14          26   1.3492471224734355     
          26          27  0.95958326264801652     
          17          28   1.3614535456946999     
          18          28   1.3633018642413417     
          28          29  0.95715846986311770     
           8          30   1.0311223141365649     
          30          31  0.98007236372812523     
          30          32  0.97308920318425851     
          30          33  0.97066933386690968     
           7          34   1.0300311306166678     
          34          35  0.97181934940831294     
          34          36  0.97312316935768939     
          34          37  0.98016091522505644     
          11          38   1.0345565032537651     
          38          39  0.97532577724249425     
          38          40  0.96656431844170310     
          38          41  0.97708913333670089     
          12          42   1.1007817396955535     
          42          43  0.95824839204451162     
          42          44   1.8919480219719416     
          44          45  0.97542979597625179     
          44          46  0.97898131151055623     
          15          47   1.0329632577894252     
          47          48  0.97191732711042267     
          47          49  0.96933447857894417     
          47          50  0.98197447064054122     
          16          51   1.0949739373267786     
          51          52  0.95753315616223156     
          51          53   1.8980537214090771     
          53          54  0.97499518941670149     
          53          55  0.97884216327981699     
          19          56   1.0313404436278011     
          56          57  0.97159578371479383     
          56          58  0.97170880636214352     
          56          59  0.98012428136246776     
          20          60   1.0301629642090804     
          60          61  0.98009310923745718     
          60          62  0.97195170922309526     
          60          63  0.97285073238853426     
           1          64  0.36665986389232635     
          64          65  0.79170797125543713     
          64          66  0.88479931416628854     
          67          68  0.90193974556497269     
          67          69  0.87759935368029585     
