           1           2  0.58692803282178030     
           1           3  0.58758668356547905     
           1           4  0.58537721506242046     
           1           5  0.58570340961164125     
           2           6   1.2537497897406238     
           6           7   1.1307890556980822     
           7           8   1.6053276469128794     
           2           9   1.2456823525381850     
           8           9   1.1299129859299453     
           3          10   1.2469049753176669     
          10          11   1.1559204393011955     
          11          12   1.5357258036462935     
           3          13   1.2545440448292011     
          12          13   1.1144471849235364     
           4          14   1.2409283671612126     
          14          15   1.1585932097272906     
          15          16   1.5316647579018392     
           4          17   1.2594461512713437     
          16          17   1.1178840482046035     
           5          18   1.2474658370680671     
          18          19   1.1330095807363991     
          19          20   1.6017154745094060     
           5          21   1.2502453005126744     
          20          21   1.1333947407171348     
           6          22   1.3529217660328789     
          21          22   1.3539159838811734     
          22          23  0.96271056501439112     
           9          24   1.3653924453011477     
          10          24   1.3382193497767236     
          24          25  0.96253426817314502     
          13          26   1.3622293839319761     
          14          26   1.3416484066349459     
          26          27  0.95879846656401568     
          17          28   1.3503484087777247     
          18          28   1.3569440728593443     
          28          29  0.95887245921778130     
           8          30   1.0285970498564025     
          30          31  0.97424194985433032     
          30          32  0.98066706943722548     
          30          33  0.97292206682376758     
           7          34   1.0283753660556043     
          34          35  0.97396113672124207     
          34          36  0.97343927478260339     
          34          37  0.98069533632892925     
          11          38   1.0305090243550543     
          38          39  0.97402319922042868     
          38          40  0.97084734852490095     
          38          41  0.98224467251176473     
          12          42   1.0995726042078879     
          42          43  0.95806219009758520     
          42          44   1.8913223887107731     
          44          45  0.97529659060069840     
          44          46  0.97928046239409861     
          15          47   1.0307452161572355     
          47          48  0.97092461113480244     
          47          49  0.97339142753069341     
          47          50  0.98241871428923422     
          16          51   1.0998107029595725     
          51          52  0.95825299417998244     
          51          53   1.8910766785126205     
          53          54  0.97520820170598077     
          53          55  0.97928342768750187     
          19          56   1.0286504103915879     
          56          57  0.97293264361329390     
          56          58  0.97403837142453642     
          56          59  0.98068862179451555     
          20          60   1.0283002140217488     
          60          61  0.98069774347339789     
          60          62  0.97429470779779082     
          60          63  0.97324570924645892     
          64          65  0.97170268268571069     
          64          66  0.97140024958062676     
          64          67  0.98225142112555663     
          68          69  0.94206767268758074     
          64          70   1.0312055834742746     
          68          70   1.1871110064873709     
          68          71   1.2606714069413987     
          70          71  0.11275668736384677     
          71          72  0.95553724522388761     
           1          73  0.49402273155903037     
          71          73   1.4854112190520923     
          70          74   1.5614462241204010     
          73          74   1.2500930829373851     
          74          75  0.96097699867695652     
          76          77  0.97125874679831103     
          76          78  0.97180096738715371     
          76          79  0.98218284547310108     
          80          81  0.94212877942161111     
          76          82   1.0312439679601155     
          80          82   1.1870893532345150     
          80          83   1.2603714631466219     
          82          83  0.11287657440328516     
          83          84  0.95573650244194752     
           1          85  0.49396496355465880     
          83          85   1.4854774067295018     
          82          86   1.5614979330552738     
          85          86   1.2501215222561086     
          86          87  0.96082324982179024     
