    0.39773313
   -0.21057082
   -0.20378306
   -0.20971573
   -0.21624807
    0.04923295
   -0.03259700
   -0.03230196
    0.05102947
    0.05220440
   -0.02597085
   -0.03339942
    0.05682616
    0.05125130
   -0.02644990
   -0.03454730
    0.05452378
    0.04816903
   -0.03302621
   -0.03350445
    0.04856915
   -0.07424207
    0.03103122
   -0.07093381
    0.03178076
   -0.07045871
    0.03754478
   -0.07378391
    0.03673322
   -0.09712201
    0.03351592
    0.03178140
    0.03401558
   -0.09688807
    0.03183127
    0.03436436
    0.03191532
   -0.09784051
    0.03468813
    0.03462958
    0.03517071
   -0.02582632
    0.02299705
   -0.09743666
    0.03097419
    0.02117657
   -0.09809677
    0.03560279
    0.03519504
    0.03513713
   -0.02617792
    0.02248637
   -0.09766870
    0.03123652
    0.02086884
   -0.09708423
    0.03475348
    0.03284350
    0.03187448
   -0.09680530
    0.03183112
    0.03363250
    0.03242344
   -0.11594351
    0.05399677
    0.05465365
    0.06156590
   -0.08654153
    0.17156883
    0.03680052
    0.07470163
    0.06715254
   -0.12540159
   -0.00121904
    0.06410641
   -0.11602709
    0.05469075
    0.05397020
    0.06194276
   -0.08662881
    0.17137059
    0.03689664
    0.07456474
    0.06710254
   -0.12536917
   -0.00112847
    0.06407986
