           1           2  0.57359302458223960     
           1           3  0.57550340810837874     
           1           4  0.57869380161128314     
           1           5  0.57441474166468753     
           2           6   1.2429235810166719     
           6           7   1.1336509024168726     
           7           8   1.6019239342131355     
           2           9   1.2510195327911626     
           8           9   1.1333258136132607     
           3          10   1.2456746852286473     
          10          11   1.1331407295351783     
          11          12   1.6014613323292892     
           3          13   1.2485666318533508     
          12          13   1.1332360642311521     
           4          14   1.2615702734057184     
          14          15   1.1133356907332659     
          15          16   1.5358205035474288     
           4          17   1.2408685629263558     
          16          17   1.1515349863389606     
           5          18   1.2538856319290528     
          18          19   1.1160422339605391     
          19          20   1.5378678086330768     
           5          21   1.2432929611235140     
          20          21   1.1552215614777785     
           6          22   1.3653697269425589     
          21          22   1.3413310521706399     
          22          23  0.96237086296431640     
           9          24   1.3525967516429636     
          10          24   1.3547736334498119     
          24          25  0.96268268262680434     
          13          26   1.3532609061724665     
          14          26   1.3560267634058027     
          26          27  0.96036806435250122     
          17          28   1.3477422303037634     
          18          28   1.3604425470790251     
          28          29  0.95666790230533905     
           7          30   1.0289963958264554     
          30          31  0.97374216847138417     
          30          32  0.97269919430325091     
          30          33  0.98060431526096659     
           8          34   1.0285920014492831     
          34          35  0.97402543568011490     
          34          36  0.97299223838984839     
          34          37  0.98058759391356931     
          20          38   1.0309374047231907     
          38          39  0.97032934344896393     
          38          40  0.97408970337286083     
          38          41  0.98204279908437020     
          19          42   1.0969462550763462     
          42          43  0.95786710492865168     
          42          44   1.8950557477134491     
          44          45  0.97487832214598302     
          44          46  0.97909357816637566     
          16          47   1.0335446722334758     
          47          48  0.96714388829173892     
          47          49  0.97602016062754893     
          47          50  0.97736422705632275     
          15          51   1.1048801461224129     
          51          52  0.95866674605816615     
          51          53   1.8864990245746160     
          53          54  0.97566820763747208     
          53          55  0.97934062412116241     
          12          56   1.0294647451970238     
          56          57  0.97256885775400592     
          56          58  0.97326973022306917     
          56          59  0.98055899313051409     
          11          60   1.0286787453287516     
          60          61  0.98053821247276196     
          60          62  0.97297560242749626     
          60          63  0.97406280150612456     
          64          65  0.97121267000878997     
          64          66  0.97093073396340834     
          64          67  0.98189948857058695     
          68          69  0.94136697490306442     
          64          70   1.0316594066802158     
          68          70   1.1882015814548250     
          68          71   1.2617758749800243     
          70          71  0.11242051444994508     
          71          72  0.95488109597461635     
           1          73  0.49581222473934361     
          71          73   1.4811681705507063     
          70          74   1.5602874806353515     
          73          74   1.2467002537160092     
          74          75  0.95973425798843293     
          76          77  0.98033310610332669     
          76          78  0.98633071399787142     
          76          79  0.97732155245434149     
          76          80   1.0260128145461493     
          80          81  0.97334681072154061     
          80          82  0.96968316691302558     
           1          83  0.39939457634784920     
          80          83  0.96162739984960099     
          83          84  0.99545934529516744     
          84          85  0.98118434261882548     
          84          86  0.97881787892850758     
          84          87  0.97416477205244678     
