    0.44066158
   -0.23380892
   -0.20975226
   -0.20458834
   -0.22875157
    0.04774557
   -0.03202049
   -0.03311584
    0.04626354
    0.05075114
   -0.02219658
   -0.03048738
    0.05845023
    0.05635417
   -0.01877394
   -0.03177118
    0.05636873
    0.04936739
   -0.03139519
   -0.03165404
    0.04851750
   -0.07456327
    0.03414733
   -0.07504970
    0.03427666
   -0.06352713
    0.03845838
   -0.07141538
    0.03498634
   -0.09841025
    0.03564896
    0.03364520
    0.03373742
   -0.09850163
    0.03510216
    0.03517482
    0.03343793
   -0.10019112
    0.03564897
    0.03483487
    0.04349548
   -0.02645241
    0.02675707
   -0.09726607
    0.03330359
    0.02339470
   -0.10101004
    0.03718035
    0.03768612
    0.04360198
   -0.02678950
    0.02523172
   -0.09743199
    0.03432338
    0.02289526
   -0.09874724
    0.03594429
    0.03588122
    0.03368927
   -0.09849149
    0.03381359
    0.03534980
    0.03461072
   -0.48056220
    0.32137153
    0.32132067
   -0.11792604
    0.05689053
    0.05637667
    0.06391543
   -0.08412277
    0.17430467
    0.03851399
    0.07274557
    0.06984116
   -0.13162951
   -0.00311481
    0.06750062
