    0.44021756
   -0.20982629
   -0.20699356
   -0.22806755
   -0.23137508
    0.05096907
   -0.03069922
   -0.02780437
    0.05530945
    0.05558768
   -0.02785839
   -0.02952150
    0.05232471
    0.05335282
   -0.03401209
   -0.02595901
    0.04910014
    0.05244449
   -0.03418675
   -0.02763846
    0.04741761
   -0.07464305
    0.03441739
   -0.06514453
    0.03879169
   -0.07296261
    0.04027074
   -0.07377502
    0.03944672
   -0.09850738
    0.03291682
    0.03746570
    0.03441736
   -0.09941956
    0.03889874
    0.03535557
    0.03428266
   -0.09910779
    0.03721946
    0.03395338
    0.03646192
   -0.02650139
    0.02454790
   -0.09633960
    0.02393788
    0.03197746
   -0.09924884
    0.03649257
    0.03648772
    0.03663742
   -0.02664080
    0.02475731
   -0.09658484
    0.03268477
    0.02387274
   -0.09895450
    0.03539358
    0.03447292
    0.03734387
   -0.09941179
    0.03822721
    0.03456695
    0.03546171
   -0.48077728
    0.32160413
    0.32123648
   -0.11782660
    0.05650649
    0.05646379
    0.06373805
   -0.08435325
    0.17407422
    0.03831757
    0.07253457
    0.06980151
   -0.13163654
   -0.00315547
    0.06717255
