    0.39521851
   -0.21051442
   -0.20368996
   -0.20901795
   -0.21586505
    0.04931670
   -0.03253954
   -0.03225852
    0.05123943
    0.05220091
   -0.02608098
   -0.03336473
    0.05713445
    0.05159716
   -0.02626670
   -0.03461897
    0.05424762
    0.04855420
   -0.03283434
   -0.03369461
    0.04843974
   -0.07443655
    0.03104886
   -0.07111576
    0.03183414
   -0.07046875
    0.03768586
   -0.07370713
    0.03745099
   -0.09712368
    0.03360069
    0.03182379
    0.03393793
   -0.09687155
    0.03186964
    0.03435173
    0.03196174
   -0.09783679
    0.03459729
    0.03459509
    0.03517755
   -0.02590044
    0.02297571
   -0.09733507
    0.03165694
    0.02127313
   -0.09807348
    0.03527829
    0.03558469
    0.03516035
   -0.02534747
    0.02363007
   -0.09781765
    0.02789512
    0.02101507
   -0.09706215
    0.03471438
    0.03323459
    0.03185437
   -0.09676375
    0.03187753
    0.03193169
    0.03390085
   -0.11604303
    0.05434646
    0.05416101
    0.06193237
   -0.08678663
    0.17132946
    0.03674598
    0.07461751
    0.06697977
   -0.12557593
   -0.00156709
    0.06435749
   -0.11591854
    0.05400693
    0.05453859
    0.06147800
   -0.08645392
    0.17162281
    0.03669946
    0.07478301
    0.06780238
   -0.12509714
   -0.00135369
    0.06413395
