           1           2  0.58680157003792788     
           1           3  0.58707591671209669     
           1           4  0.58513182264689501     
           1           5  0.58591065306703638     
           2           6   1.2534259376219992     
           6           7   1.1305529382972226     
           7           8   1.6054534268934029     
           2           9   1.2464274928965331     
           8           9   1.1298919024682439     
           3          10   1.2467221349860742     
          10          11   1.1552830205277367     
          11          12   1.5371821063594138     
           3          13   1.2554746602176561     
          12          13   1.1143334787592623     
           4          14   1.2414205985036426     
          14          15   1.1580681903136629     
          15          16   1.5330813062895858     
           4          17   1.2600958466731333     
          16          17   1.1181423267236330     
           5          18   1.2478175264260292     
          18          19   1.1329341246187163     
          19          20   1.6015779700564523     
           5          21   1.2506335114077105     
          20          21   1.1334783816172651     
           6          22   1.3536651205715349     
          21          22   1.3530688878133259     
          22          23  0.96266960317886885     
           9          24   1.3646563482926473     
          10          24   1.3391768241118245     
          24          25  0.96250403706087007     
          13          26   1.3616551097158087     
          14          26   1.3417517544572926     
          26          27  0.95863747622490558     
          17          28   1.3495222697234797     
          18          28   1.3571425634279999     
          28          29  0.95873570586418022     
           8          30   1.0285951062771592     
          30          31  0.97382738647664535     
          30          32  0.98066950771163341     
          30          33  0.97329822027096136     
           7          34   1.0283812241818937     
          34          35  0.97350712617991186     
          34          36  0.97388040387884744     
          34          37  0.98066319551217873     
          11          38   1.0304208799088408     
          38          39  0.97403152142518923     
          38          40  0.97091035984718843     
          38          41  0.98233531203822755     
          12          42   1.0980394380489127     
          42          43  0.95794982382182048     
          42          44   1.8929954942784959     
          44          45  0.97516042027003491     
          44          46  0.97922500172369542     
          15          47   1.0307575400275160     
          47          48  0.97379379382799436     
          47          49  0.97061338940582909     
          47          50  0.98235284801839784     
          16          51   1.0972528721486556     
          51          52  0.95782737398548912     
          51          53   1.8935709389982975     
          53          54  0.97524377747563551     
          53          55  0.97921624787547967     
          19          56   1.0286938081363191     
          56          57  0.97377016178318976     
          56          58  0.97311482994182774     
          56          59  0.98067959437376151     
          20          60   1.0282389908173397     
          60          61  0.97358136361440184     
          60          62  0.98070848048726567     
          60          63  0.97398149569373738     
          64          65  0.97153937721019523     
          64          66  0.97156923581377241     
          64          67  0.98219339084662716     
          68          69  0.94214089807213230     
          64          70   1.0312153718042398     
          68          70   1.1869217575028783     
          68          71   1.2605605466144343     
          70          71  0.11286216110533479     
          71          72  0.95539514267140746     
           1          73  0.49365346671269739     
          71          73   1.4856818335097417     
          70          74   1.5616201816410216     
          73          74   1.2501862872092473     
          74          75  0.96038308797656713     
          76          77  0.97164985351455735     
          76          78  0.97147544141671571     
          76          79  0.98226389844313378     
          80          81  0.94205123224049547     
          76          82   1.0311952519797398     
          80          82   1.1870840276288452     
          80          83   1.2610108132345144     
          82          83  0.11273150178423294     
          83          84  0.95529624971784666     
           1          85  0.49444173596156987     
          83          85   1.4855885704085083     
          82          86   1.5614573108698144     
          85          86   1.2502059742269247     
          86          87  0.96068624615961018     
