    0.44216886
   -0.23488205
   -0.23267096
   -0.20431125
   -0.20609241
    0.04880080
   -0.03123194
   -0.03429039
    0.04448901
    0.04511202
   -0.02885646
   -0.03313411
    0.05443725
    0.05307881
   -0.02305232
   -0.03029374
    0.06105442
    0.05518573
   -0.02822887
   -0.02900319
    0.05307829
   -0.07045033
    0.03607637
   -0.08029286
    0.03149132
   -0.06953795
    0.04141433
   -0.06584725
    0.04302581
   -0.09793604
    0.03341172
    0.03337471
    0.03434757
   -0.09889149
    0.03617643
    0.03535672
    0.03333823
   -0.09846089
    0.03522547
    0.03393853
    0.03632087
   -0.02664566
    0.02504081
   -0.09626557
    0.03255737
    0.02407310
   -0.09992745
    0.03878121
    0.03671338
    0.03774772
   -0.02627250
    0.02513317
   -0.09605160
    0.03643687
    0.02417632
   -0.09956289
    0.03911473
    0.03569506
    0.03450711
   -0.09891081
    0.03455826
    0.03490005
    0.03690251
   -0.48135063
    0.32129238
    0.32114113
   -0.11795179
    0.05671903
    0.05652627
    0.06381509
   -0.08449135
    0.17418730
    0.03867116
    0.07321721
    0.06916041
   -0.13139931
   -0.00326657
    0.06758969
