           1           2  0.58554507885665952     
           1           3  0.58162951090098103     
           1           4  0.59916196553037038     
           1           5  0.59686789872076296     
           2           6   1.2465153419045838     
           6           7   1.1374644958410880     
           7           8   1.5979672782850050     
           2           9   1.2362683499542171     
           8           9   1.1362457296781592     
           3          10   1.2374552271232080     
          10          11   1.1630663290179040     
          11          12   1.5295612798159248     
           3          13   1.2484852203007075     
          12          13   1.1237397319440112     
           4          14   1.2392951177802241     
          14          15   1.1505974057898196     
          15          16   1.5423071647336646     
           4          17   1.2603460634453620     
          16          17   1.1131349369303973     
           5          18   1.2493278239603429     
          18          19   1.1264526882955186     
          19          20   1.6096065767967447     
           5          21   1.2506702774153811     
          20          21   1.1266751259215544     
           6          22   1.3543163035531394     
          21          22   1.3608659161550996     
          22          23  0.96212302534658656     
           9          24   1.3665329908929120     
          10          24   1.3392281026663391     
          24          25  0.96234829312844428     
          13          26   1.3598039734397938     
          14          26   1.3517246767174556     
          26          27  0.95831410144928109     
          17          28   1.3534598369972362     
          18          28   1.3610900377128665     
          28          29  0.95823949644264084     
           8          30   1.0286930857024377     
          30          31  0.98047853329291879     
          30          32  0.97285351969893552     
          30          33  0.97403168795295070     
           7          34   1.0293057444988412     
          34          35  0.97311635577634026     
          34          36  0.97290438847974736     
          34          37  0.98053916104921812     
          11          38   1.0304180562708825     
          38          39  0.97383986034895509     
          38          40  0.97097475427309976     
          38          41  0.98219379745470281     
          12          42   1.0968767993286750     
          42          43  0.95791533737949397     
          42          44   1.8951321975766968     
          44          45  0.97517787324399197     
          44          46  0.97910793616863390     
          15          47   1.0316475072870748     
          47          48  0.97045641281263872     
          47          49  0.97267604869471924     
          47          50  0.98237096832115978     
          16          51   1.0966126934973348     
          51          52  0.95798714201876556     
          51          53   1.8957166638521303     
          53          54  0.97487404817769829     
          53          55  0.97907246825266647     
          19          56   1.0299451279120431     
          56          57  0.97187375740761661     
          56          58  0.97350761371506844     
          56          59  0.98048628301007246     
          20          60   1.0294384636784275     
          60          61  0.98049196233542457     
          60          62  0.97371520486746910     
          60          63  0.97248731775804020     
           1          64  0.26095794667029670     
          64          65  0.88355240796986978     
          64          66  0.88431839372747434     
          67          68  0.97104403189107114     
          67          69  0.97094057466944828     
          67          70  0.98188087480597241     
          71          72  0.94126213050430108     
          67          73   1.0316611963286277     
          71          73   1.1887883237012664     
          71          74   1.2615640164719970     
          73          74  0.11202874609321369     
          74          75  0.95536889750309084     
           1          76  0.50994002999827082     
          74          76   1.4794575856710137     
          73          77   1.5602386756524995     
          76          77   1.2455018064896135     
          77          78  0.95791453749379574     
