           1           2  0.59748619429960481     
           1           3  0.59531407087208799     
           1           4  0.58692508004069288     
           1           5  0.58553213887241740     
           2           6   1.2518792755592911     
           6           7   1.1279217687328895     
           7           8   1.6084448994442455     
           2           9   1.2447339020664865     
           8           9   1.1275773578281942     
           3          10   1.2446754258229329     
          10          11   1.1526788308046678     
          11          12   1.5345153559362597     
           3          13   1.2545645129983045     
          12          13   1.1130596441295058     
           4          14   1.2363546054761172     
          14          15   1.1617418337526426     
          15          16   1.5302772781074128     
           4          17   1.2508736691636948     
          16          17   1.1217344792662034     
           5          18   1.2417059881996309     
          18          19   1.1354776111599936     
          19          20   1.5990523920026580     
           5          21   1.2450692054097816     
          20          21   1.1363079334217292     
           6          22   1.3579843952301467     
          21          22   1.3573478062356146     
          22          23  0.96207281738411810     
           9          24   1.3677529506178816     
          10          24   1.3427787289364235     
          24          25  0.96054152744901544     
          13          26   1.3665930479149060     
          14          26   1.3447580855835080     
          26          27  0.95986899054792763     
          17          28   1.3526593996099348     
          18          28   1.3589260744734162     
          28          29  0.95844601335963053     
           8          30   1.0294278552000651     
          30          31  0.97312756977923187     
          30          32  0.98042872718147767     
          30          33  0.97292612971274783     
           7          34   1.0295044003666320     
          34          35  0.97305178181255303     
          34          36  0.97294724082971973     
          34          37  0.98044353713537546     
          11          38   1.0330087764743903     
          38          39  0.96810063906795540     
          38          40  0.97603735365016209     
          38          41  0.97726083717113288     
          12          42   1.1054588541261090     
          42          43  0.95825706400398680     
          42          44   1.8858438881417259     
          44          45  0.97583241799503251     
          44          46  0.97935073143765028     
          15          47   1.0314297314411589     
          47          48  0.97338564757773227     
          47          49  0.97008003703164070     
          47          50  0.98212270053353501     
          16          51   1.0971751526981552     
          51          52  0.95781828067655950     
          51          53   1.8943346837712576     
          53          54  0.97518658778747458     
          53          55  0.97913071144928832     
          19          56   1.0293256460795166     
          56          57  0.97314952417844736     
          56          58  0.97284292614166912     
          56          59  0.98049736386728292     
          20          60   1.0292449026920703     
          60          61  0.97334826473915004     
          60          62  0.98053681132399584     
          60          63  0.97284831802067551     
          64          65  0.97096825632971395     
          64          66  0.97099118057490852     
          64          67  0.98189233033939638     
          68          69  0.94114793115407336     
          64          70   1.0317438143535089     
          68          70   1.1887524196135058     
          68          71   1.2625072095127912     
          70          71  0.11242561241071461     
          71          72  0.95310406646550405     
           1          73  0.50901779088008814     
          71          73   1.4785782626251840     
          70          74   1.5595891110016220     
          73          74   1.2468644885964775     
          74          75  0.95983036167955271     
           1          76  0.26197178976785745     
          76          77  0.88381642510269687     
          76          78  0.88388762760421724     
