           1           2  0.60012616187923362     
           1           3  0.59516194335230277     
           1           4  0.58321310393559556     
           1           5  0.58581430763345776     
           2           6   1.2530137649894866     
           6           7   1.1251269479340702     
           7           8   1.6118708152851844     
           2           9   1.2467382161186069     
           8           9   1.1245577422699236     
           3          10   1.2451358991798340     
          10          11   1.1535345040562150     
          11          12   1.5338292619754135     
           3          13   1.2526302555862117     
          12          13   1.1135969408743223     
           4          14   1.2325981634144392     
          14          15   1.1636313537756431     
          15          16   1.5227275562402662     
           4          17   1.2534327223320993     
          16          17   1.1237306690927613     
           5          18   1.2433107504237224     
          18          19   1.1347448760374741     
          19          20   1.5997347148351611     
           5          21   1.2449497522223034     
          20          21   1.1356433583533758     
           6          22   1.3574631423605983     
          21          22   1.3560056302269987     
          22          23  0.96210259757937722     
           9          24   1.3705156311604303     
          10          24   1.3429808323800307     
          24          25  0.96044865239906663     
          13          26   1.3651134544291919     
          14          26   1.3435601467199882     
          26          27  0.95848813325249682     
          17          28   1.3535910649743668     
          18          28   1.3606394779802662     
          28          29  0.96006582562036635     
           8          30   1.0298786016672892     
          30          31  0.98041581490824403     
          30          32  0.97292611128852924     
          30          33  0.97259747801829954     
           7          34   1.0294677466835529     
          34          35  0.97313306031127289     
          34          36  0.97294124843393404     
          34          37  0.98041523964483923     
          11          38   1.0334290311563417     
          38          39  0.96717797471852152     
          38          40  0.97640550587222297     
          38          41  0.97740240328093297     
          12          42   1.1051737563803328     
          42          43  0.95843276436840397     
          42          44   1.8859823287069084     
          44          45  0.97569983667808580     
          44          46  0.97934000327243309     
          15          47   1.0326132689663690     
          47          48  0.97647149638016029     
          47          49  0.96799172654370869     
          47          50  0.97724175923098966     
          16          51   1.1051724685821520     
          51          52  0.95859525980034022     
          51          53   1.8859962208842611     
          53          54  0.97578507084482391     
          53          55  0.97935819026366733     
          19          56   1.0293496136779277     
          56          57  0.97287689022912083     
          56          58  0.97315747252362228     
          56          59  0.98045458822775244     
          20          60   1.0292153800267143     
          60          61  0.97315899742842282     
          60          62  0.98049988768287111     
          60          63  0.97304761872692880     
           1          64  0.26277517404354367     
          64          65  0.88378560064683975     
          64          66  0.88454049284671288     
          67          68  0.97093407242180008     
          67          69  0.97105662014042249     
          67          70  0.98196307771499969     
          71          72  0.94111227348916726     
          67          73   1.0316676138338701     
          71          73   1.1888559713960076     
          71          74   1.2625729711220590     
          73          74  0.11201634782438785     
          74          75  0.95396181147547354     
           1          76  0.50953258027284865     
          74          76   1.4792662270661432     
          73          77   1.5599608626151906     
          76          77   1.2461191983368689     
          77          78  0.95864289635177613     
