    0.39331032
   -0.20963329
   -0.20865761
   -0.20912946
   -0.21029638
    0.04896508
   -0.03351584
   -0.03105585
    0.05165405
    0.05215548
   -0.02228770
   -0.03591558
    0.05232124
    0.04962556
   -0.02498917
   -0.03334494
    0.05504792
    0.05179504
   -0.03069860
   -0.03385226
    0.04895152
   -0.07639181
    0.03001057
   -0.06857126
    0.03328919
   -0.07527970
    0.02964500
   -0.06839483
    0.03307750
   -0.09736917
    0.03210780
    0.03491383
    0.03358480
   -0.09670650
    0.03185904
    0.03378369
    0.03204063
   -0.09901279
    0.03361262
    0.03499679
    0.04098790
   -0.02708974
    0.02175538
   -0.09909625
    0.03190079
    0.02005617
   -0.09827617
    0.03274901
    0.03383319
    0.04088957
   -0.02640954
    0.02323584
   -0.09842093
    0.03208612
    0.02037640
   -0.09732522
    0.03405243
    0.03529635
    0.03205037
   -0.09664425
    0.03215199
    0.03356066
    0.03178124
   -0.11596010
    0.05452409
    0.05427033
    0.06145148
   -0.08621012
    0.17202500
    0.03665235
    0.07533741
    0.06821951
   -0.12591262
   -0.00151239
    0.06472541
   -0.11605334
    0.05451803
    0.05424819
    0.06206464
   -0.08654112
    0.17150020
    0.03683671
    0.07483074
    0.06777741
   -0.12557283
   -0.00126148
    0.06489625
