           1           2  0.57534893390931174     
           1           3  0.57717308710420301     
           1           4  0.57464703733503186     
           1           5  0.58510789232295346     
           2           6   1.2562406457816602     
           6           7   1.1304521367060569     
           7           8   1.6023750314866188     
           2           9   1.2412479528212184     
           8           9   1.1290717220457986     
           3          10   1.2428279186360345     
          10          11   1.1525599267775488     
          11          12   1.5320566833213971     
           3          13   1.2599306895178843     
          12          13   1.1174253726541727     
           4          14   1.2459349605632961     
          14          15   1.1469695513025386     
          15          16   1.5450781614371409     
           4          17   1.2605552766258805     
          16          17   1.1122428167016818     
           5          18   1.2440304542676588     
          18          19   1.1307795956480842     
          19          20   1.5990391995496511     
           5          21   1.2524461946672685     
          20          21   1.1324719910592986     
           6          22   1.3571194391286687     
          21          22   1.3582385670573944     
          22          23  0.96082377077698711     
           9          24   1.3648747664270171     
          10          24   1.3413287163106093     
          24          25  0.95997512963527964     
          13          26   1.3600740732826284     
          14          26   1.3538021122203936     
          26          27  0.95869006776965748     
          17          28   1.3527858326044930     
          18          28   1.3573226567742458     
          28          29  0.95751401749545562     
           8          30   1.0315007790558479     
          30          31  0.97989650790002869     
          30          32  0.97123947050810966     
          30          33  0.97216377357373551     
           7          34   1.0313416978267107     
          34          35  0.97223317547627697     
          34          36  0.97137856414447588     
          34          37  0.97992480321141562     
          11          38   1.0352388056351223     
          38          39  0.97626762156635116     
          38          40  0.96512992249996921     
          38          41  0.97666870391120975     
          12          42   1.1019443645319993     
          42          43  0.95813240083419760     
          42          44   1.8912412554136899     
          44          45  0.97512735977496279     
          44          46  0.97887792556729936     
          15          47   1.0338678095987850     
          47          48  0.97215522263422205     
          47          49  0.96788665147252206     
          47          50  0.98194342578382787     
          16          51   1.0924029494792846     
          51          52  0.95707567634990609     
          51          53   1.9020867602964757     
          53          54  0.97431393138166011     
          53          55  0.97858070745598513     
          19          56   1.0319759143734391     
          56          57  0.97250093308509444     
          56          58  0.97016974878195683     
          56          59  0.97987946990580099     
          20          60   1.0312427714183123     
          60          61  0.97267539543676618     
          60          62  0.97990215883693832     
          60          63  0.97108663099762238     
           1          64   1.1685300993959191     
           1          65  0.67654814002316388     
          64          65   1.1842071343774700     
          66          67  0.97049613874035068     
          66          68  0.97046518610029009     
          66          69  0.98173323154262204     
          70          71  0.94040387747121490     
          66          72   1.0324520855219605     
          70          72   1.1883458248950458     
          70          73   1.2727026587257386     
          72          73  0.11173403404037292     
          73          74  0.95832802179482623     
           1          75  0.32902800249241521     
          73          75   1.5203543575042984     
          72          76   1.5609780645159470     
          75          76   1.2705449330424188     
          76          77  0.96426620114082784     
