           1           2  0.57541510956927422     
           1           3  0.57689477299126091     
           1           4  0.57457657665234374     
           1           5  0.58499816861968734     
           2           6   1.2562426908255782     
           6           7   1.1304658703952963     
           7           8   1.6023390285565984     
           2           9   1.2412734971534807     
           8           9   1.1290933737881459     
           3          10   1.2428285149318279     
          10          11   1.1525537654632163     
          11          12   1.5320110311485160     
           3          13   1.2599944804602969     
          12          13   1.1173446538212115     
           4          14   1.2460114315206188     
          14          15   1.1469859520450147     
          15          16   1.5450201667966503     
           4          17   1.2605439308743112     
          16          17   1.1122527478287374     
           5          18   1.2440670652392516     
          18          19   1.1307379236831820     
          19          20   1.5991044882804240     
           5          21   1.2524784679164849     
          20          21   1.1324272000986222     
           6          22   1.3571066034961539     
          21          22   1.3582647962010310     
          22          23  0.96081532157677352     
           9          24   1.3648379910366215     
          10          24   1.3413491702816238     
          24          25  0.95996232869938269     
          13          26   1.3601398140006740     
          14          26   1.3537012565003042     
          26          27  0.95866519649636894     
          17          28   1.3527977519409675     
          18          28   1.3573263034613492     
          28          29  0.95749740696803509     
           8          30   1.0315027844874742     
          30          31  0.97990040334499540     
          30          32  0.97114902332512576     
          30          33  0.97224590237189901     
           7          34   1.0313418444005460     
          34          35  0.97226901562121471     
          34          36  0.97133577967199880     
          34          37  0.97992434651250593     
          11          38   1.0352510216617876     
          38          39  0.97626465523992789     
          38          40  0.96511482972254092     
          38          41  0.97664382450009612     
          12          42   1.1021090623614613     
          42          43  0.95812872735751642     
          42          44   1.8910608667100179     
          44          45  0.97511762000773694     
          44          46  0.97888218154060880     
          15          47   1.0338651586508267     
          47          48  0.97221536802365383     
          47          49  0.96784052116842789     
          47          50  0.98192282872841230     
          16          51   1.0924588638518524     
          51          52  0.95706112601853510     
          51          53   1.9020373400392319     
          53          54  0.97430523000421876     
          53          55  0.97858276243003450     
          19          56   1.0319736361116636     
          56          57  0.97251338662465647     
          56          58  0.97015760933243800     
          56          59  0.97988232223514216     
          20          60   1.0312417506577045     
          60          61  0.97268244571698470     
          60          62  0.97990774875206177     
          60          63  0.97107300833424892     
           1          64   1.1683362652679743     
           1          65  0.67641580165972548     
          64          65   1.1842860489910172     
          66          67  0.97053498809731131     
          66          68  0.97041835169458635     
          66          69  0.98173267756558291     
          70          71  0.94039347330610379     
          66          72   1.0324557729103265     
          70          72   1.1883269336350750     
          70          73   1.2727677579281464     
          72          73  0.11173131490333746     
          73          74  0.95829177581298830     
           1          75  0.32956054644586408     
          73          75   1.5201676279619498     
          72          76   1.5609773003146641     
          75          76   1.2704980413400073     
          76          77  0.96426687571941572     
