    0.63844217
   -0.21440048
   -0.20601977
   -0.20148457
   -0.20815041
    0.06415248
   -0.02262063
   -0.02216826
    0.05960149
    0.06135989
   -0.01333169
   -0.02347043
    0.07523081
    0.07432534
   -0.01465078
   -0.02123204
    0.06986800
    0.06173314
   -0.02078204
   -0.02240561
    0.06423079
   -0.06520326
    0.04899192
   -0.06636375
    0.04592144
   -0.05535870
    0.04974281
   -0.06369421
    0.05122927
   -0.10158277
    0.04031706
    0.04611485
    0.03725405
   -0.10205267
    0.03890266
    0.04531544
    0.04009414
   -0.10305249
    0.03624350
    0.04833909
    0.04697133
   -0.02565490
    0.02822422
   -0.09274857
    0.04189152
    0.02969697
   -0.10282138
    0.03968975
    0.04990175
    0.04298261
   -0.02551994
    0.03075013
   -0.09213447
    0.04243384
    0.03083805
   -0.10219385
    0.03991643
    0.04609650
    0.04047353
   -0.10211025
    0.03913838
    0.04046904
    0.04480586
   -0.16499593
   -0.29397156
   -0.11741274
    0.05762946
    0.05792634
    0.06405945
   -0.08470276
    0.17571697
    0.03901092
    0.08490201
    0.06137869
   -0.18154019
    0.00412650
    0.05739052
