           1           2  0.58536880806649161     
           1           3  0.58384464939772207     
           1           4  0.59625937661244355     
           1           5  0.59778129009209047     
           2           6   1.2472273276296446     
           6           7   1.1372720191422552     
           7           8   1.5980459369446720     
           2           9   1.2373312056545605     
           8           9   1.1362418772799112     
           3          10   1.2351000567953099     
          10          11   1.1626679418110708     
          11          12   1.5244445876578983     
           3          13   1.2503538190870656     
          12          13   1.1227387162894331     
           4          14   1.2398009621744639     
          14          15   1.1499835188358716     
          15          16   1.5372997887445699     
           4          17   1.2618092612983185     
          16          17   1.1129593202487840     
           5          18   1.2507920514772894     
          18          19   1.1259897744446463     
          19          20   1.6100888040387977     
           5          21   1.2497715653916115     
          20          21   1.1261874559800233     
           6          22   1.3536410352162225     
          21          22   1.3622791081460730     
          22          23  0.96201283758001699     
           9          24   1.3652837937678930     
          10          24   1.3414014050785295     
          24          25  0.96076935764453730     
          13          26   1.3604516445439399     
          14          26   1.3517589831262582     
          26          27  0.95857714186295173     
          17          28   1.3543465359449740     
          18          28   1.3603459883556217     
          28          29  0.96003166631249326     
           8          30   1.0287501592383603     
          30          31  0.98044315414647942     
          30          32  0.97333723887038726     
          30          33  0.97343844711851524     
           7          34   1.0293716320857111     
          34          35  0.97282580731510082     
          34          36  0.97312727871793203     
          34          37  0.98049137345537607     
          11          38   1.0322828484430508     
          38          39  0.97671700044228627     
          38          40  0.96822849573684955     
          38          41  0.97730415037621521     
          12          42   1.1048606875817444     
          42          43  0.95836674141429412     
          42          44   1.8864776101184857     
          44          45  0.97579072399383415     
          44          46  0.97933370715664525     
          15          47   1.0332816413684951     
          47          48  0.97597190915233945     
          47          49  0.96775174156302368     
          47          50  0.97749553715124338     
          16          51   1.1035826373199318     
          51          52  0.95824933355884023     
          51          53   1.8879252277075771     
          53          54  0.97579403043221880     
          53          55  0.97929142223771692     
          19          56   1.0298955229517308     
          56          57  0.97247296931119998     
          56          58  0.97297132471911885     
          56          59  0.98042069910101459     
          20          60   1.0295498583256384     
          60          61  0.98042331179123166     
          60          62  0.97317961704697575     
          60          63  0.97282859190450965     
           1          64  0.26216468220310157     
          64          65  0.88385600380058604     
          64          66  0.88414500359140535     
          67          68  0.97103712599046843     
          67          69  0.97087669351264039     
          67          70  0.98183655311297602     
          71          72  0.94121306090890577     
          67          73   1.0317197284113029     
          71          73   1.1887760651749748     
          71          74   1.2621060589330504     
          73          74  0.11199923627338881     
          74          75  0.95479795899220432     
           1          76  0.50938169368169728     
          74          76   1.4798617776025238     
          73          77   1.5602959827725873     
          76          77   1.2457881925793577     
          77          78  0.95765518812519734     
