    0.44064703
   -0.23356825
   -0.23289229
   -0.20501927
   -0.20578939
    0.04915436
   -0.03100265
   -0.03400874
    0.04507275
    0.04555549
   -0.02560179
   -0.03359190
    0.05241850
    0.05376562
   -0.01997509
   -0.03083440
    0.05896587
    0.05587151
   -0.02811150
   -0.02864246
    0.05343103
   -0.07015694
    0.03655780
   -0.07953582
    0.03183052
   -0.06912862
    0.03596094
   -0.06573856
    0.03759744
   -0.09795376
    0.03360850
    0.03342993
    0.03448881
   -0.09895730
    0.03626999
    0.03557886
    0.03350998
   -0.09964820
    0.03366020
    0.03465541
    0.04202235
   -0.02745100
    0.02479383
   -0.09698110
    0.03345755
    0.02301565
   -0.10050571
    0.03563508
    0.03740165
    0.04347799
   -0.02678825
    0.02676553
   -0.09732931
    0.03411706
    0.02316843
   -0.09930764
    0.03873882
    0.03580164
    0.03458458
   -0.09901494
    0.03476175
    0.03532348
    0.03696207
   -0.48072935
    0.32132213
    0.32125181
   -0.11804017
    0.05685926
    0.05658374
    0.06403578
   -0.08432359
    0.17429976
    0.03873425
    0.07302300
    0.06960283
   -0.13166277
   -0.00324869
    0.06776889
