    0.49035010
   -0.22610218
   -0.20741590
   -0.23335555
   -0.25749560
    0.05357420
   -0.02869184
   -0.02706731
    0.05798793
    0.05887377
   -0.01776897
   -0.02827733
    0.06073810
    0.05489962
   -0.01921278
   -0.03249166
    0.05015368
    0.04397294
   -0.03223733
   -0.03211256
    0.04763822
   -0.07390042
    0.03706036
   -0.06326553
    0.04213610
   -0.06444055
    0.04129541
   -0.07898971
    0.03555058
   -0.09975207
    0.03874358
    0.03463894
    0.03959849
   -0.09904699
    0.03785130
    0.03463589
    0.03807742
   -0.10232541
    0.03975534
    0.03822743
    0.04525765
   -0.02639050
    0.02691208
   -0.09551229
    0.03678971
    0.02580219
   -0.10227435
    0.04157018
    0.03696829
    0.04385269
   -0.02784930
    0.02454999
   -0.09556829
    0.03727222
    0.02512468
   -0.09937697
    0.03684147
    0.03607976
    0.03485966
   -0.09931705
    0.03498014
    0.03625059
    0.03612942
   -0.48339531
    0.32426467
    0.32436689
   -0.11051184
    0.05382065
    0.04503688
    0.04292908
    0.01292149
   -0.03683775
    0.04078882
   -0.04681474
    0.05997606
    0.13939139
   -0.33201469
    0.33079760
   -0.03818020
    0.03705466
   -0.06300084
    0.03464552
