    0.39331436
   -0.20970489
   -0.20868870
   -0.20911741
   -0.21021618
    0.04898889
   -0.03350376
   -0.03106464
    0.05163082
    0.05212471
   -0.02228168
   -0.03590561
    0.05233809
    0.04960052
   -0.02502153
   -0.03333897
    0.05508060
    0.05182617
   -0.03068817
   -0.03385997
    0.04893429
   -0.07639153
    0.03001639
   -0.06862342
    0.03328257
   -0.07527773
    0.02963471
   -0.06835046
    0.03309203
   -0.09736637
    0.03211237
    0.03490432
    0.03357733
   -0.09671013
    0.03188286
    0.03377922
    0.03204105
   -0.09901771
    0.03359556
    0.03501840
    0.04099373
   -0.02709838
    0.02174137
   -0.09908706
    0.03193913
    0.02005551
   -0.09826349
    0.03275335
    0.03378470
    0.04088955
   -0.02639409
    0.02325742
   -0.09842304
    0.03204226
    0.02038038
   -0.09732692
    0.03406005
    0.03530923
    0.03204625
   -0.09664145
    0.03215128
    0.03357791
    0.03175093
   -0.11596243
    0.05457122
    0.05423194
    0.06145304
   -0.08620719
    0.17202436
    0.03665484
    0.07533179
    0.06822603
   -0.12589845
   -0.00150209
    0.06471082
   -0.11605381
    0.05446493
    0.05429464
    0.06206946
   -0.08654350
    0.17149547
    0.03683462
    0.07482012
    0.06777612
   -0.12557623
   -0.00127047
    0.06490975
