           1           2  0.57897672515880716     
           1           3  0.57616392463261790     
           1           4  0.57595094178129869     
           1           5  0.57721006255776786     
           2           6   1.2524621678431274     
           6           7   1.1282613167909927     
           7           8   1.6086427873542375     
           2           9   1.2453643159702898     
           8           9   1.1273903975124635     
           3          10   1.2435574012072628     
          10          11   1.1569301783548158     
          11          12   1.5303735176088531     
           3          13   1.2540008175991750     
          12          13   1.1164143640209248     
           4          14   1.2378828202469552     
          14          15   1.1566452027249361     
          15          16   1.5308945536959238     
           4          17   1.2563694911082428     
          16          17   1.1186292449311483     
           5          18   1.2456882673088940     
          18          19   1.1305015523932707     
          19          20   1.6025477899496052     
           5          21   1.2501741841449192     
          20          21   1.1327607606555079     
           6          22   1.3563546019374024     
          21          22   1.3542769742329617     
          22          23  0.96222296708176791     
           9          24   1.3692068714542509     
          10          24   1.3408599351177775     
          24          25  0.96089898502131954     
          13          26   1.3602793476291606     
          14          26   1.3455012020182127     
          26          27  0.95884183728819394     
          17          28   1.3537429254623274     
          18          28   1.3578398791029402     
          28          29  0.96018278430099757     
           8          30   1.0294821128150189     
          30          31  0.98048139420822267     
          30          32  0.97330620827366154     
          30          33  0.97274148838949936     
           7          34   1.0293400787209002     
          34          35  0.97315647217137702     
          34          36  0.97302907342415124     
          34          37  0.98048696048704320     
          11          38   1.0327659071035442     
          38          39  0.96780177332986961     
          38          40  0.97662721917123996     
          38          41  0.97754407306161850     
          12          42   1.1049975547568838     
          42          43  0.95853974852559520     
          42          44   1.8859853866030551     
          44          45  0.97586372907187324     
          44          46  0.97937525108362200     
          15          47   1.0325998804448360     
          47          48  0.96820025993514092     
          47          49  0.97577728249609652     
          47          50  0.97780491725285490     
          16          51   1.1031751189993879     
          51          52  0.95833661700334261     
          51          53   1.8879379366602074     
          53          54  0.97581899633474378     
          53          55  0.97932825402602064     
          19          56   1.0293912297133740     
          56          57  0.97234767378643183     
          56          58  0.97366128084730286     
          56          59  0.98049261824608647     
          20          60   1.0291273692206793     
          60          61  0.97304438826957407     
          60          62  0.98053773990261051     
          60          63  0.97332095349215109     
          64          65  0.97109728385221539     
          64          66  0.97101513074557655     
          64          67  0.98193021035208727     
          68          69  0.94130707737610930     
          64          70   1.0317041624612733     
          68          70   1.1882559654121911     
          68          71   1.2631828541427861     
          70          71  0.11252583011864496     
          71          72  0.95425819005038381     
           1          73  0.49654931260205654     
          71          73   1.4801911770344840     
          70          74   1.5594782641068439     
          73          74   1.2478664996108806     
          74          75  0.95957033651410373     
          76          77  0.98016935032332431     
          76          78  0.97877080072065992     
          76          79  0.98633387579414578     
          76          80   1.0263070418325309     
          80          81  0.96922938179955831     
          80          82  0.97308971808402034     
           1          83  0.39197825588967378     
          80          83  0.96227301155875211     
          83          84  0.99600976964389532     
          84          85  0.97826563527234511     
          84          86  0.98071340959228337     
          84          87  0.97549816265602951     
