    0.42935786
   -0.21932151
   -0.21881035
   -0.22241608
   -0.22221813
    0.05292624
   -0.02950635
   -0.02931859
    0.05373673
    0.05199455
   -0.02252680
   -0.03470816
    0.05535429
    0.05222389
   -0.02456272
   -0.03361632
    0.05612173
    0.05261810
   -0.03197073
   -0.03163437
    0.05133718
   -0.07184198
    0.03523364
   -0.06997224
    0.03445159
   -0.07328799
    0.03008832
   -0.06943558
    0.03330445
   -0.09823177
    0.03402399
    0.03438900
    0.03721313
   -0.09839253
    0.03827309
    0.03323247
    0.03406573
   -0.09964472
    0.03626613
    0.03416380
    0.04174165
   -0.02734974
    0.02269933
   -0.09733319
    0.03376636
    0.02228009
   -0.09873108
    0.03569592
    0.03319050
    0.04107042
   -0.02709186
    0.02369569
   -0.09681433
    0.03371161
    0.02217891
   -0.09800164
    0.03657897
    0.03466787
    0.03343528
   -0.09828256
    0.03745201
    0.03369388
    0.03304886
   -0.11714352
    0.05602079
    0.05616355
    0.06339275
   -0.08454147
    0.17381012
    0.03795239
    0.07422200
    0.06959405
   -0.12951619
   -0.00169824
    0.06615423
   -0.10847894
    0.04528601
    0.05799053
    0.04910713
   -0.02024761
    0.05597227
    0.05095945
   -0.06166212
   -0.07172026
    0.06357806
    0.05925866
    0.07128442
