           1           2  0.58293062433367160     
           1           3  0.56880396782592890     
           1           4  0.56601705313142459     
           1           5  0.58178161424981589     
           2           6   1.2565120104449736     
           6           7   1.1258570031917410     
           7           8   1.6108187817810748     
           2           9   1.2449169438011032     
           8           9   1.1253776441909478     
           3          10   1.2354749320309022     
          10          11   1.1616257300121176     
          11          12   1.5274862341238462     
           3          13   1.2478492544484587     
          12          13   1.1232137556369437     
           4          14   1.2322965014996667     
          14          15   1.1590152769877708     
          15          16   1.5294898133099692     
           4          17   1.2535316148252891     
          16          17   1.1232437947175635     
           5          18   1.2494583950395690     
          18          19   1.1245816338609580     
          19          20   1.6116517655329856     
           5          21   1.2511944833156554     
          20          21   1.1249397342498786     
           6          22   1.3567643753917125     
          21          22   1.3633897137177478     
          22          23  0.96151638890434088     
           9          24   1.3699807884326594     
          10          24   1.3424103600211676     
          24          25  0.96045035943955637     
          13          26   1.3614918533158975     
          14          26   1.3502469317039349     
          26          27  0.95855494764076288     
          17          28   1.3545140388477352     
          18          28   1.3642058185453809     
          28          29  0.95968667583353562     
           8          30   1.0301310041478362     
          30          31  0.98023748178040127     
          30          32  0.97245934038599391     
          30          33  0.97267905851681535     
           7          34   1.0305561257329372     
          34          35  0.97287310072053790     
          34          36  0.97168247569284949     
          34          37  0.98026657778005111     
          11          38   1.0333515646657081     
          38          39  0.96740351061598961     
          38          40  0.97601535585228150     
          38          41  0.97729427137818892     
          12          42   1.1019631718171763     
          42          43  0.95827098385457166     
          42          44   1.8900070884568441     
          44          45  0.97569222270700662     
          44          46  0.97918778789992733     
          15          47   1.0334883833705000     
          47          48  0.97606966088562208     
          47          49  0.96734024300546329     
          47          50  0.97721423714141886     
          16          51   1.1011150270479588     
          51          52  0.95810728144219048     
          51          53   1.8914102390298708     
          53          54  0.97564056043462188     
          53          55  0.97912976953441955     
          19          56   1.0305852612239548     
          56          57  0.97166483713388818     
          56          58  0.97289936588910342     
          56          59  0.98018634747701683     
          20          60   1.0306944282790698     
          60          61  0.97243218529780173     
          60          62  0.98025005388102016     
          60          63  0.97204668968296470     
           1          64  0.27485819996766253     
          64          65  0.88037959713234437     
          64          66  0.88065244542010201     
          67          68  0.98102021366599601     
          67          69  0.97868874064024025     
          67          70  0.97450192024537663     
           1          71  0.43863175884289124     
          67          71  0.99320545787913128     
          71          72  0.94206999258136581     
