    0.46583873
   -0.21815912
   -0.24836962
   -0.24420975
   -0.21739108
    0.05728591
   -0.02678588
   -0.02876086
    0.05441143
    0.04970691
   -0.02373295
   -0.03398698
    0.04938578
    0.04840281
   -0.02250479
   -0.03087872
    0.05413516
    0.05594537
   -0.02568307
   -0.02525615
    0.05936947
   -0.06392103
    0.04154182
   -0.07242055
    0.03590319
   -0.07764486
    0.03388213
   -0.06942766
    0.03943833
   -0.09972503
    0.03611586
    0.03834366
    0.03605405
   -0.10038193
    0.03736671
    0.04003520
    0.03601326
   -0.10093314
    0.03709713
    0.03600422
    0.04295864
   -0.02829731
    0.02440389
   -0.09527047
    0.03566422
    0.02512914
   -0.10080953
    0.03910882
    0.03494447
    0.04337269
   -0.02758135
    0.02614892
   -0.09444613
    0.03704629
    0.02605352
   -0.10028222
    0.03996932
    0.03795636
    0.03683353
   -0.10052138
    0.03881997
    0.03685272
    0.03951504
   -0.47967057
    0.32492216
    0.32517463
   -0.07599243
    0.07097888
    0.07425523
    0.07610672
   -0.11183309
    0.16638536
