           1           2  0.58238751519357579     
           1           3  0.56728350495973856     
           1           4  0.56657671890290584     
           1           5  0.58244610247966300     
           2           6   1.2565560828481623     
           6           7   1.1262211844013925     
           7           8   1.6104704734477138     
           2           9   1.2443676695673740     
           8           9   1.1256786520256332     
           3          10   1.2344369983824643     
          10          11   1.1627815245352102     
          11          12   1.5262919653578306     
           3          13   1.2471772767530189     
          12          13   1.1241140820194984     
           4          14   1.2318869784597455     
          14          15   1.1592545201439983     
          15          16   1.5291973054791086     
           4          17   1.2534418203827100     
          16          17   1.1235318100644014     
           5          18   1.2502097212307104     
          18          19   1.1233511231909523     
          19          20   1.6131160732639689     
           5          21   1.2519973329407406     
          20          21   1.1236742054653874     
           6          22   1.3565132843323870     
          21          22   1.3637866853884251     
          22          23  0.96148717071533474     
           9          24   1.3700883770225356     
          10          24   1.3420154812025777     
          24          25  0.96041951341215093     
          13          26   1.3614888701927965     
          14          26   1.3501690043263934     
          26          27  0.95848483562739573     
          17          28   1.3540698282157209     
          18          28   1.3650565512249222     
          28          29  0.95971089488412531     
           8          30   1.0300856235142799     
          30          31  0.98023258725646889     
          30          32  0.97258041474552404     
          30          33  0.97261694408034294     
           7          34   1.0305711616453141     
          34          35  0.97277136972425282     
          34          36  0.97174424015673710     
          34          37  0.98027013594394208     
          11          38   1.0332922020408635     
          38          39  0.96741951069162058     
          38          40  0.97601790913549635     
          38          41  0.97730872368125266     
          12          42   1.1020334131209690     
          42          43  0.95825234171295715     
          42          44   1.8899513605589111     
          44          45  0.97569591885455298     
          44          46  0.97918971339343941     
          15          47   1.0335172813499782     
          47          48  0.96719254226847995     
          47          49  0.97598844949858399     
          47          50  0.97728871192577349     
          16          51   1.1012546621479409     
          51          52  0.95842037511453881     
          51          53   1.8911761193453389     
          53          54  0.97553049172035555     
          53          55  0.97909785983388808     
          19          56   1.0307077830870255     
          56          57  0.97198926971183019     
          56          58  0.97241729236856278     
          56          59  0.98018949957875157     
          20          60   1.0307170922198661     
          60          61  0.97254743173642100     
          60          62  0.98022879281187181     
          60          63  0.97192435626550133     
           1          64  0.27445761290911530     
          64          65  0.87995041298274090     
          64          66  0.88007553719277931     
          67          68  0.98097678074334860     
          67          69  0.97869396817950882     
          67          70  0.97455249072367178     
           1          71  0.43977660818672853     
          67          71  0.99307473621830411     
          71          72  0.94185194328305177     
