           1           2  0.57529810953125848     
           1           3  0.57595669063867239     
           1           4  0.57476113831119391     
           1           5  0.58494139947373103     
           2           6   1.2555468449745137     
           6           7   1.1258699318128043     
           7           8   1.6049950408318046     
           2           9   1.2468406375435792     
           8           9   1.1274804804166012     
           3          10   1.2491582638928200     
          10          11   1.1533941142434179     
          11          12   1.5387406717095902     
           3          13   1.2540237136155026     
          12          13   1.1166508499996488     
           4          14   1.2368334931524314     
          14          15   1.1506658358441146     
          15          16   1.5332312764509930     
           4          17   1.2646576034622325     
          16          17   1.1173631815217226     
           5          18   1.2493312279504589     
          18          19   1.1310078538209465     
          19          20   1.6005526456829497     
           5          21   1.2467083494210318     
          20          21   1.1299665580402014     
           6          22   1.3542661661952102     
          21          22   1.3573515619378138     
          22          23  0.96122450773356194     
           9          24   1.3704013963858128     
          10          24   1.3421539091498982     
          24          25  0.96067093966695993     
          13          26   1.3574585988862107     
          14          26   1.3501558991337459     
          26          27  0.95592724942843688     
          17          28   1.3527736902259737     
          18          28   1.3615514824335906     
          28          29  0.95908457220750321     
           8          30   1.0315695406216083     
          30          31  0.97996173446627199     
          30          32  0.97259225333958044     
          30          33  0.97063029836170145     
           7          34   1.0319396669684895     
          34          35  0.97030964726311564     
          34          36  0.97250709771717481     
          34          37  0.97995818218182640     
          11          38   1.0331899192477794     
          38          39  0.97060117939067636     
          38          40  0.97043638838583213     
          38          41  0.98200274878883287     
          12          42   1.0932302008680395     
          42          43  0.95682160736887945     
          42          44   1.9010152049736277     
          44          45  0.97489177787734516     
          44          46  0.97865963439913717     
          15          47   1.0356976280018624     
          47          48  0.97486846356578127     
          47          49  0.96598829723364643     
          47          50  0.97636337548870022     
          16          51   1.1019108695622633     
          51          52  0.95789264451269263     
          51          53   1.8914178183453108     
          53          54  0.97543436430793695     
          53          55  0.97895264137825888     
          19          56   1.0314284806356353     
          56          57  0.97079011426394912     
          56          58  0.97263520022780936     
          56          59  0.97983872339843481     
          20          60   1.0318119099192014     
          60          61  0.97986975903469564     
          60          62  0.97247105377023291     
          60          63  0.97051947939693672     
           1          64  0.67716898512870949     
           1          65   1.1710609325125083     
          64          65   1.1820693195096528     
          66          67  0.97045375093962372     
          66          68  0.97042674303564902     
          66          69  0.98166980193272668     
          70          71  0.94028220885674796     
          66          72   1.0325440367452488     
          70          72   1.1872630008136869     
          70          73   1.2753711079461947     
          72          73  0.11158757415345788     
          73          74  0.95932767410084541     
           1          75  0.32241353268775752     
          73          75   1.5235625404247530     
          72          76   1.5618652842739738     
          75          76   1.2718284624025298     
          76          77  0.96545189387732167     
