           1           2  0.58551110928365602     
           1           3  0.57754769096406189     
           1           4  0.56675658710282562     
           1           5  0.57180533178622339     
           2           6   1.2550446736182705     
           6           7   1.1215295828252030     
           7           8   1.6158038188100761     
           2           9   1.2486681719094392     
           8           9   1.1212428341504199     
           3          10   1.2479358473757187     
          10          11   1.1512858215596804     
          11          12   1.5436337588959903     
           3          13   1.2497507880450449     
          12          13   1.1138863095399929     
           4          14   1.2317094477140458     
          14          15   1.1640321008511656     
          15          16   1.5243555836979297     
           4          17   1.2485923133331815     
          16          17   1.1258919713706710     
           5          18   1.2409834983099801     
          18          19   1.1360475097400997     
          19          20   1.5985391514396050     
           5          21   1.2457996093837713     
          20          21   1.1365534736555616     
           6          22   1.3617987027417984     
          21          22   1.3572908369397241     
          22          23  0.96169296390514436     
           9          24   1.3726324774263916     
          10          24   1.3438383216989593     
          24          25  0.96139798047023495     
          13          26   1.3669463269978503     
          14          26   1.3460753941486143     
          26          27  0.95660763098016499     
          17          28   1.3532896724569552     
          18          28   1.3596712869005227     
          28          29  0.95994756154027117     
           8          30   1.0308388905280894     
          30          31  0.98024410320353272     
          30          32  0.97181711903286416     
          30          33  0.97246899664495923     
           7          34   1.0305240998140430     
          34          35  0.97216480817615247     
          34          36  0.97260979455677044     
          34          37  0.98023863050564108     
          11          38   1.0326782783260446     
          38          39  0.97265996380638242     
          38          40  0.96926719176589660     
          38          41  0.98205393050780965     
          12          42   1.0940504794819959     
          42          43  0.95741458891626485     
          42          44   1.8986337873887438     
          44          45  0.97521799445205781     
          44          46  0.97891245978236163     
          15          47   1.0336810963437182     
          47          48  0.97598658949532635     
          47          49  0.97721632091010247     
          47          50  0.96692108649710051     
          16          51   1.1023480887035473     
          51          52  0.95831618309434241     
          51          53   1.8896583745367952     
          53          54  0.97565620521894769     
          53          55  0.97920778468460701     
          19          56   1.0297132416156878     
          56          57  0.97298929235163989     
          56          58  0.97246677715758856     
          56          59  0.98030698104291170     
          20          60   1.0301399617658442     
          60          61  0.97188119805328155     
          60          62  0.98034742083114323     
          60          63  0.97304843434107224     
           1          64  0.27470443352784057     
          64          65  0.88056242956117492     
          64          66  0.87993493004334833     
          67          68  0.98093556553978267     
          67          69  0.97905349717540724     
          67          70  0.97510071009207433     
           1          71  0.43444067705074574     
          67          71  0.99360824529452441     
          71          72  0.94248387148565660     
