           1           2  0.57202531820629599     
           1           3  0.56624370493043885     
           1           4  0.57716040705435689     
           1           5  0.58531592518698339     
           2           6   1.2493848395231402     
           6           7   1.1359482859464616     
           7           8   1.5997097299585668     
           2           9   1.2379100452577172     
           8           9   1.1349850440945350     
           3          10   1.2323995120484175     
          10          11   1.1631935481514324     
          11          12   1.5257625729362503     
           3          13   1.2478790890969136     
          12          13   1.1252664216141490     
           4          14   1.2373076596306662     
          14          15   1.1504099658480496     
          15          16   1.5383874122920613     
           4          17   1.2611412373953019     
          16          17   1.1155959217856157     
           5          18   1.2533744528515551     
          18          19   1.1212987483180581     
          19          20   1.6154575643929081     
           5          21   1.2514980108542368     
          20          21   1.1215714119147642     
           6          22   1.3540689764667888     
          21          22   1.3656179516865339     
          22          23  0.96161315128199099     
           9          24   1.3662435852062249     
          10          24   1.3431690634247078     
          24          25  0.96060581291490854     
          13          26   1.3601370277685931     
          14          26   1.3527667270080801     
          26          27  0.95846688592170204     
          17          28   1.3555096036210112     
          18          28   1.3649012790864969     
          28          29  0.95958912604911240     
           8          30   1.0295760458044425     
          30          31  0.98027132800958805     
          30          32  0.97317682356694635     
          30          33  0.97249710026901104     
           7          34   1.0302112104405980     
          34          35  0.97267981928147573     
          34          36  0.97212017524690542     
          34          37  0.98032931274267954     
          11          38   1.0330091739223459     
          38          39  0.96752665087581968     
          38          40  0.97630715357812803     
          38          41  0.97730137209180934     
          12          42   1.1018781746979844     
          42          43  0.95813401751994332     
          42          44   1.8902628724782631     
          44          45  0.97567756689027363     
          44          46  0.97917826812251552     
          15          47   1.0337301784127402     
          47          48  0.96727315588136409     
          47          49  0.97582918872644209     
          47          50  0.97724224422035633     
          16          51   1.1011915451844747     
          51          52  0.95814972924202746     
          51          53   1.8914616012670133     
          53          54  0.97555972608729302     
          53          55  0.97907760288923407     
          19          56   1.0310880694466928     
          56          57  0.97194545439657598     
          56          58  0.97195679640691990     
          56          59  0.98020100158932766     
          20          60   1.0305421161575032     
          60          61  0.97258939860343563     
          60          62  0.98020685454550371     
          60          63  0.97218072933019595     
           1          64  0.27485939296805262     
          64          65  0.88082472569741388     
          64          66  0.87992046679249680     
          67          68  0.98090266134311410     
          67          69  0.97903763201975003     
          67          70  0.97492995105928038     
           1          71  0.43688841139049545     
          67          71  0.99328045997476599     
          71          72  0.94235196365702723     
