    0.46660550
   -0.21802586
   -0.24832169
   -0.24339506
   -0.21802076
    0.05715592
   -0.02679055
   -0.02859096
    0.05458420
    0.04986637
   -0.02373298
   -0.03405760
    0.04921965
    0.04825019
   -0.02517107
   -0.03076041
    0.05523897
    0.05554837
   -0.02556345
   -0.02553055
    0.05904356
   -0.06425539
    0.04118622
   -0.07243010
    0.03587402
   -0.07795660
    0.03391860
   -0.06970792
    0.04491530
   -0.09968617
    0.03608767
    0.03889936
    0.03547499
   -0.10033772
    0.03719189
    0.04003877
    0.03597441
   -0.10083062
    0.03437168
    0.03854918
    0.04265506
   -0.02832737
    0.02453347
   -0.09522033
    0.03606094
    0.02509046
   -0.09989932
    0.03756913
    0.03786575
    0.03846138
   -0.02646902
    0.02837837
   -0.09485329
    0.03335291
    0.02715280
   -0.10055731
    0.04005245
    0.03843178
    0.03687467
   -0.10045775
    0.03862227
    0.03679505
    0.03933830
   -0.47962906
    0.32519199
    0.32486723
   -0.07588908
    0.07088648
    0.07414836
    0.07615093
   -0.11222413
    0.16621755
