           1           2  0.58937230963755827     
           1           3  0.58656759177288809     
           1           4  0.58488841494269195     
           1           5  0.58768477579532485     
           2           6   1.2550824811857040     
           6           7   1.1285290294022770     
           7           8   1.6079273751095022     
           2           9   1.2461901619150793     
           8           9   1.1279657410891184     
           3          10   1.2456239974338503     
          10          11   1.1584241325146967     
          11          12   1.5331064852852907     
           3          13   1.2545044204666820     
          12          13   1.1167004145775252     
           4          14   1.2372284236121338     
          14          15   1.1601901347902102     
          15          16   1.5234552095071843     
           4          17   1.2618318370682928     
          16          17   1.1187285745056739     
           5          18   1.2487241559254125     
          18          19   1.1307956722053296     
          19          20   1.6042605457133021     
           5          21   1.2513527065354069     
          20          21   1.1311942625572067     
           6          22   1.3534246511378916     
          21          22   1.3545811698866708     
          22          23  0.96255972944996260     
           9          24   1.3669351776300789     
          10          24   1.3367732192724340     
          24          25  0.96252735875755890     
          13          26   1.3589878745517510     
          14          26   1.3437709467572456     
          26          27  0.95703519559874284     
          17          28   1.3485273560192950     
          18          28   1.3583593795899895     
          28          29  0.96042017428937154     
           8          30   1.0286673578984744     
          30          31  0.98064958444240469     
          30          32  0.97373122974367932     
          30          33  0.97334256631149585     
           7          34   1.0286651973119454     
          34          35  0.97313776604525293     
          34          36  0.97391906025681152     
          34          37  0.98064042543974805     
          11          38   1.0303647503980879     
          38          39  0.97149172638190850     
          38          40  0.97327931993319028     
          38          41  0.98259655152700143     
          12          42   1.0988516572756428     
          42          43  0.95809176346925295     
          42          44   1.8918258257106284     
          44          45  0.97521049986734121     
          44          46  0.97924050377299598     
          15          47   1.0323659413551991     
          47          48  0.96803514406754898     
          47          49  0.97709804335380324     
          47          50  0.97713252409352791     
          16          51   1.1092063758381405     
          51          52  0.95893725577310418     
          51          53   1.8809629422343654     
          53          54  0.97583574454394528     
          53          55  0.97954083512289369     
          19          56   1.0286017078232073     
          56          57  0.97407465975638674     
          56          58  0.97304634123866085     
          56          59  0.98060277128968287     
          20          60   1.0286118882876909     
          60          61  0.98066846963079879     
          60          62  0.97345903046234106     
          60          63  0.97366068378349557     
          64          65  0.97161789840905188     
          64          66  0.97150803451386603     
          64          67  0.98228026274380198     
          68          69  0.94195668374950547     
          64          70   1.0311794846335529     
          68          70   1.1871296962279072     
          68          71   1.2616848159534246     
          70          71  0.11267972928693255     
          71          72  0.95513963044553796     
           1          73  0.49278241788051075     
          71          73   1.4860418271196398     
          70          74   1.5614500685442549     
          73          74   1.2504543583069110     
          74          75  0.96051101617924661     
          76          77  0.97160787233286894     
          76          78  0.97149987327379772     
          76          79  0.98226631523303920     
          80          81  0.94202315990999896     
          76          82   1.0311920749972820     
          80          82   1.1870459545687011     
          80          83   1.2612111526133833     
          82          83  0.11270624604225084     
          83          84  0.95518232962831195     
           1          85  0.49299920684682214     
          83          85   1.4858638787672171     
          82          86   1.5615202858294839     
          85          86   1.2503069430385914     
          86          87  0.96042559215753154     
