           1           2  0.58532800493706505     
           1           3  0.59607523644673233     
           1           4  0.59700916728431341     
           1           5  0.58513821804648480     
           2           6   1.2459916762755854     
           6           7   1.1369562338486456     
           7           8   1.5979680129225502     
           2           9   1.2385344372492681     
           8           9   1.1368140348434865     
           3          10   1.2418010458185200     
          10          11   1.1524138293603570     
          11          12   1.5352886885113652     
           3          13   1.2572183087898063     
          12          13   1.1136102047091068     
           4          14   1.2417777799218561     
          14          15   1.1502869519937911     
          15          16   1.5368693150422488     
           4          17   1.2595143492099556     
          16          17   1.1126241791325027     
           5          18   1.2438650484924165     
          18          19   1.1357872115294758     
          19          20   1.5990722863990672     
           5          21   1.2437636779661239     
          20          21   1.1357529661712487     
           6          22   1.3550571402088247     
          21          22   1.3591097301530926     
          22          23  0.96214027436227212     
           9          24   1.3639215999985299     
          10          24   1.3448586277310921     
          24          25  0.96082197599880526     
          13          26   1.3631612088559761     
          14          26   1.3502070222032498     
          26          27  0.95850864339090502     
          17          28   1.3561203979792982     
          18          28   1.3569914543327959     
          28          29  0.96025600526191379     
           8          30   1.0289468719350792     
          30          31  0.98046557862708505     
          30          32  0.97331628772249157     
          30          33  0.97317584358653020     
           7          34   1.0291491826829631     
          34          35  0.97314135731572693     
          34          36  0.97313291100417398     
          34          37  0.98047617199222503     
          11          38   1.0326953410953865     
          38          39  0.97635796966631672     
          38          40  0.96825409089828596     
          38          41  0.97730294949893182     
          12          42   1.1045214867286448     
          42          43  0.95813857574908479     
          42          44   1.8870512709290894     
          44          45  0.97582640288936329     
          44          46  0.97930925322323648     
          15          47   1.0335772682271374     
          47          48  0.97560814625291714     
          47          49  0.96763011730312742     
          47          50  0.97753357668253571     
          16          51   1.1038393351186784     
          51          52  0.95843232786443444     
          51          53   1.8874325460840018     
          53          54  0.97580288640039803     
          53          55  0.97931155230023259     
          19          56   1.0293945987261548     
          56          57  0.97299617606674760     
          56          58  0.97290871595346395     
          56          59  0.98047007474025283     
          20          60   1.0291328343751147     
          60          61  0.98047477268815764     
          60          62  0.97310426383455950     
          60          63  0.97325081018948267     
           1          64  0.26250009769523458     
          64          65  0.88380308236596239     
          64          66  0.88389720456821430     
          67          68  0.97079182781966566     
          67          69  0.97114525440173571     
          67          70  0.98185670466722086     
          71          72  0.94119641643474439     
          67          73   1.0317387353243370     
          71          73   1.1887479970538348     
          71          74   1.2622367490547142     
          73          74  0.11222617698038466     
          74          75  0.95381239284769936     
           1          76  0.50972969690599146     
          74          76   1.4790133980230749     
          73          77   1.5599655382276933     
          76          77   1.2462592325120805     
          77          78  0.95867418057277698     
