    0.44022788
   -0.22710321
   -0.20859060
   -0.21119815
   -0.22923334
    0.04754916
   -0.03260178
   -0.03049238
    0.05040572
    0.05375816
   -0.02026051
   -0.03214188
    0.05604189
    0.05291782
   -0.02438352
   -0.03113088
    0.05705992
    0.04909895
   -0.03026127
   -0.03276119
    0.04837826
   -0.07685224
    0.03278908
   -0.06888941
    0.03661319
   -0.06930892
    0.03620815
   -0.07080414
    0.04147174
   -0.09899063
    0.03378908
    0.03575077
    0.03611666
   -0.09832731
    0.03479461
    0.03459979
    0.03361638
   -0.10059504
    0.03636834
    0.03621341
    0.04348350
   -0.02716659
    0.02653694
   -0.09803266
    0.03320809
    0.02282223
   -0.09952615
    0.03468294
    0.03999396
    0.03736028
   -0.02579546
    0.02507390
   -0.09601817
    0.03340023
    0.02413612
   -0.09909374
    0.03643707
    0.03626544
    0.03378852
   -0.09826302
    0.03440491
    0.03363588
    0.03463816
   -0.48080146
    0.32121889
    0.32156560
   -0.11764341
    0.05640398
    0.05655209
    0.06319425
   -0.08380766
    0.17449368
    0.03804285
    0.07274317
    0.07045309
   -0.13205938
   -0.00309427
    0.06692366
