    0.44069810
   -0.23351849
   -0.23298791
   -0.20513733
   -0.20570699
    0.04919725
   -0.03098277
   -0.03400713
    0.04504702
    0.04555680
   -0.02560368
   -0.03360604
    0.05237841
    0.05372075
   -0.01999170
   -0.03083482
    0.05896026
    0.05587126
   -0.02810820
   -0.02861972
    0.05347294
   -0.07008868
    0.03659190
   -0.07954239
    0.03182774
   -0.06920087
    0.03593781
   -0.06573604
    0.03760224
   -0.09795644
    0.03361746
    0.03343892
    0.03448421
   -0.09896441
    0.03628563
    0.03559425
    0.03351606
   -0.09964577
    0.03366303
    0.03464661
    0.04201244
   -0.02744829
    0.02479134
   -0.09697346
    0.03344000
    0.02301856
   -0.10051206
    0.03562013
    0.03740263
    0.04348476
   -0.02679244
    0.02678075
   -0.09732852
    0.03410967
    0.02316848
   -0.09930813
    0.03873577
    0.03580478
    0.03458921
   -0.09902159
    0.03476815
    0.03532578
    0.03698954
   -0.48077727
    0.32134923
    0.32126018
   -0.11804045
    0.05688249
    0.05656583
    0.06403293
   -0.08433309
    0.17430345
    0.03873692
    0.07302325
    0.06959293
   -0.13163996
   -0.00325480
    0.06777159
