    0.43027985
   -0.23013637
   -0.21757944
   -0.21177191
   -0.22454612
    0.04881665
   -0.03406465
   -0.03268443
    0.05081805
    0.05237299
   -0.02337220
   -0.03318902
    0.05629761
    0.05596560
   -0.01981279
   -0.03038848
    0.05877056
    0.05216595
   -0.03082532
   -0.03288703
    0.05065849
   -0.07753395
    0.02998726
   -0.07141633
    0.03267237
   -0.06793413
    0.03523069
   -0.06833714
    0.03511755
   -0.09753136
    0.03276585
    0.03420544
    0.03455580
   -0.09681754
    0.03408988
    0.03263269
    0.03260268
   -0.09942938
    0.03604985
    0.03385182
    0.04189123
   -0.02687741
    0.02363513
   -0.09673129
    0.03400773
    0.02286710
   -0.10023578
    0.03996050
    0.03402204
    0.04227990
   -0.02624289
    0.02395368
   -0.09649578
    0.03582105
    0.02289571
   -0.09833006
    0.03701808
    0.03489860
    0.03327368
   -0.09719473
    0.03324513
    0.03236826
    0.03487163
   -0.11725841
    0.05597695
    0.05623054
    0.06354536
   -0.08526574
    0.17364323
    0.03824892
    0.07434470
    0.06866841
   -0.12981343
   -0.00185123
    0.06662646
   -0.10813161
    0.04520169
    0.04886864
    0.05807863
   -0.02091346
    0.05020041
    0.05684795
   -0.05946801
   -0.07251186
    0.05891073
    0.06361372
    0.07165587
