           1           2  0.58985346014123929     
           1           3  0.58677980132490659     
           1           4  0.58330388317301018     
           1           5  0.58711010600035973     
           2           6   1.2550539468942301     
           6           7   1.1286904284695241     
           7           8   1.6077564050089577     
           2           9   1.2464248395184536     
           8           9   1.1279745393800404     
           3          10   1.2441567281763777     
          10          11   1.1576931825040240     
          11          12   1.5279180873526375     
           3          13   1.2560248914151699     
          12          13   1.1153691951902989     
           4          14   1.2390802404999153     
          14          15   1.1601405006461767     
          15          16   1.5247579579064208     
           4          17   1.2606572490222567     
          16          17   1.1191339417788044     
           5          18   1.2496430114813781     
          18          19   1.1307847843158099     
          19          20   1.6042494917765198     
           5          21   1.2510635698648727     
          20          21   1.1311774393648215     
           6          22   1.3532156722284974     
          21          22   1.3550807241255993     
          22          23  0.96254053467317513     
           9          24   1.3660236749635417     
          10          24   1.3385266880576474     
          24          25  0.96093615810582200     
          13          26   1.3615585786565685     
          14          26   1.3418428281221033     
          26          27  0.95873471763933515     
          17          28   1.3496740317725098     
          18          28   1.3575174864192898     
          28          29  0.96050137985040973     
           8          30   1.0286966362291108     
          30          31  0.98060441175664503     
          30          32  0.97336680800608633     
          30          33  0.97364275122263610     
           7          34   1.0286987879467366     
          34          35  0.97333720133255086     
          34          36  0.97367388027639801     
          34          37  0.98062462376289949     
          11          38   1.0323074359682605     
          38          39  0.97677609476828442     
          38          40  0.96820334927179652     
          38          41  0.97749563136865636     
          12          42   1.1079774438439665     
          42          43  0.95860544701136863     
          42          44   1.8821651841955005     
          44          45  0.97588810296531070     
          44          46  0.97951101700469634     
          15          47   1.0321479561275946     
          47          48  0.97663804654227548     
          47          49  0.96832711428483131     
          47          50  0.97770048473571336     
          16          51   1.1069486310509675     
          51          52  0.95869233682961896     
          51          53   1.8831628402888501     
          53          54  0.97590962481597887     
          53          55  0.97948134442061796     
          19          56   1.0286356962460776     
          56          57  0.97349934598149590     
          56          58  0.97354281236042295     
          56          59  0.98061187725514476     
          20          60   1.0286293166571128     
          60          61  0.98063705571751369     
          60          62  0.97380899295349721     
          60          63  0.97328990864445442     
          64          65  0.97155275432406207     
          64          66  0.97152915852482002     
          64          67  0.98225761375989595     
          68          69  0.94197694803070386     
          64          70   1.0312044522254562     
          68          70   1.1871837702789698     
          68          71   1.2611815530901347     
          70          71  0.11272553070276405     
          71          72  0.95543816826985972     
           1          73  0.49381384361505970     
          71          73   1.4857294673655197     
          70          74   1.5614392694316737     
          73          74   1.2502470445518428     
          74          75  0.96053650898189380     
          76          77  0.97171073528318830     
          76          78  0.97134634312268786     
          76          79  0.98223780029372310     
          80          81  0.94197915901613960     
          76          82   1.0312254569235517     
          80          82   1.1871364724464422     
          80          83   1.2615588918330696     
          82          83  0.11264201116056807     
          83          84  0.95527929110945375     
           1          85  0.49338418545563761     
          83          85   1.4859030586624793     
          82          86   1.5614429275006265     
          85          86   1.2503016009384169     
          86          87  0.96060493179083017     
