    0.39570665
   -0.20439067
   -0.20928479
   -0.21564915
   -0.21033785
    0.05207323
   -0.03119811
   -0.03153399
    0.05200240
    0.05186573
   -0.02329890
   -0.03487113
    0.05271509
    0.04917138
   -0.02470441
   -0.03565992
    0.05192253
    0.04956965
   -0.03232433
   -0.03203880
    0.05142484
   -0.07092304
    0.03232203
   -0.07048637
    0.03214760
   -0.07301922
    0.03110842
   -0.07355354
    0.03105277
   -0.09724198
    0.03229058
    0.03385433
    0.03390451
   -0.09730505
    0.03361516
    0.03432522
    0.03222171
   -0.09894836
    0.03321421
    0.03535468
    0.04047399
   -0.02671311
    0.02071236
   -0.09850567
    0.03280960
    0.02018651
   -0.09831287
    0.03174288
    0.03543978
    0.04045727
   -0.02720828
    0.02257768
   -0.09896943
    0.03211049
    0.02009982
   -0.09688926
    0.03450964
    0.03278133
    0.03216718
   -0.09720506
    0.03210307
    0.03388035
    0.03388611
   -0.11602712
    0.05431660
    0.05446084
    0.06156671
   -0.08641984
    0.17184053
    0.03677987
    0.07501670
    0.06715435
   -0.12542208
   -0.00159118
    0.06453666
   -0.11602006
    0.05413364
    0.05474254
    0.06168555
   -0.08632839
    0.17182565
    0.03685022
    0.07501012
    0.06741580
   -0.12569142
   -0.00145465
    0.06439144
