           1           2  0.59843974863579996     
           1           3  0.59678874133895066     
           1           4  0.58514969622217095     
           1           5  0.58392163735765945     
           2           6   1.2508554830173775     
           6           7   1.1277066132275142     
           7           8   1.6088792744504130     
           2           9   1.2462372669594048     
           8           9   1.1270022339398675     
           3          10   1.2461581183191424     
          10          11   1.1505196685467696     
          11          12   1.5373053755648773     
           3          13   1.2545993343210271     
          12          13   1.1113130594245766     
           4          14   1.2344250217010879     
          14          15   1.1610410616284459     
          15          16   1.5253804395676116     
           4          17   1.2537869772737271     
          16          17   1.1215236511286601     
           5          18   1.2426356981968998     
          18          19   1.1373706641048382     
          19          20   1.5965190447183470     
           5          21   1.2428070440046111     
          20          21   1.1384324524648508     
           6          22   1.3572100221515861     
          21          22   1.3550467666631310     
          22          23  0.96221594550606804     
           9          24   1.3684339092985820     
          10          24   1.3450249066256583     
          24          25  0.96049882071555404     
          13          26   1.3654433207004979     
          14          26   1.3443726038523076     
          26          27  0.95848695986463117     
          17          28   1.3553292333219300     
          18          28   1.3588308144618324     
          28          29  0.96012162682530722     
           8          30   1.0298611329433016     
          30          31  0.98042925163439798     
          30          32  0.97256326511857438     
          30          33  0.97293922459094540     
           7          34   1.0291623854439409     
          34          35  0.97317801725419351     
          34          36  0.97326869175191311     
          34          37  0.98042008977873174     
          11          38   1.0334546080287190     
          38          39  0.97645349098114376     
          38          40  0.96721530938191547     
          38          41  0.97734636868587788     
          12          42   1.1048361638164925     
          42          43  0.95838231581858824     
          42          44   1.8865689682889748     
          44          45  0.97570336010417880     
          44          46  0.97932487566595727     
          15          47   1.0329763306455841     
          47          48  0.96761674203412384     
          47          49  0.97644562330810492     
          47          50  0.97718150639459622     
          16          51   1.1052647798096498     
          51          52  0.95868858329963857     
          51          53   1.8859121061314230     
          53          54  0.97573236913015149     
          53          55  0.97936414804503535     
          19          56   1.0293321633694443     
          56          57  0.97339429252074028     
          56          58  0.97263428160004894     
          56          59  0.98046422947028566     
          20          60   1.0288547927091640     
          60          61  0.97356260098683123     
          60          62  0.98051144896237874     
          60          63  0.97307470600269697     
           1          64  0.26261137141274965     
          64          65  0.88423535528221020     
          64          66  0.88377785673725717     
          67          68  0.97065217043554841     
          67          69  0.97126659575145236     
          67          70  0.98185965065942726     
          71          72  0.94123965978763668     
          67          73   1.0317527326998894     
          71          73   1.1886614972878831     
          71          74   1.2621883073381548     
          73          74  0.11216847389902775     
          74          75  0.95385541501004545     
           1          76  0.50964500600131302     
          74          76   1.4790901817297488     
          73          77   1.5599873341377648     
          76          77   1.2462368527280541     
          77          78  0.95872511954833117     
