    0.44136116
   -0.23436630
   -0.23268952
   -0.20474733
   -0.20595308
    0.04909777
   -0.03110670
   -0.03418954
    0.04467183
    0.04523466
   -0.02887903
   -0.03318591
    0.05428490
    0.05334059
   -0.01967805
   -0.03090943
    0.05897661
    0.05569895
   -0.02822398
   -0.02870805
    0.05336398
   -0.07019699
    0.03637056
   -0.08002789
    0.03170211
   -0.06954362
    0.04153779
   -0.06578670
    0.03752697
   -0.09796435
    0.03349812
    0.03334666
    0.03447844
   -0.09892560
    0.03624524
    0.03547475
    0.03341236
   -0.09851879
    0.03527512
    0.03397114
    0.03641094
   -0.02688212
    0.02501069
   -0.09624527
    0.03363157
    0.02425388
   -0.10090862
    0.03644781
    0.03753573
    0.04361511
   -0.02688407
    0.02667423
   -0.09743671
    0.03421303
    0.02300129
   -0.09927946
    0.03864593
    0.03574464
    0.03448158
   -0.09895978
    0.03465581
    0.03514357
    0.03700086
   -0.48117136
    0.32139204
    0.32120669
   -0.11800424
    0.05678885
    0.05652145
    0.06399062
   -0.08443388
    0.17420641
    0.03874373
    0.07316502
    0.06917384
   -0.13138148
   -0.00326864
    0.06793148
