           1           2  0.58511364268239074     
           1           3  0.58199302713698464     
           1           4  0.59851126645247266     
           1           5  0.59705691551351969     
           2           6   1.2471776846207956     
           6           7   1.1373319302610019     
           7           8   1.5979940425145056     
           2           9   1.2365080030237237     
           8           9   1.1362794878981199     
           3          10   1.2369885414475850     
          10          11   1.1630780622091936     
          11          12   1.5299953596483498     
           3          13   1.2489820276075778     
          12          13   1.1237524809694142     
           4          14   1.2380939237170434     
          14          15   1.1499735795469312     
          15          16   1.5368303616767913     
           4          17   1.2621636186156064     
          16          17   1.1127953110994511     
           5          18   1.2505834312220838     
          18          19   1.1261703141987531     
          19          20   1.6099740761261765     
           5          21   1.2500553496721656     
          20          21   1.1262365351865360     
           6          22   1.3537429271401771     
          21          22   1.3619375236073072     
          22          23  0.96204811140056634     
           9          24   1.3664449661670881     
          10          24   1.3396711461340287     
          24          25  0.96232857068810773     
          13          26   1.3589316796657356     
          14          26   1.3530414309285514     
          26          27  0.95681489023260746     
          17          28   1.3540636328384077     
          18          28   1.3604738408842276     
          28          29  0.96013263011386896     
           8          30   1.0287100705928334     
          30          31  0.98047517335477030     
          30          32  0.97304358067797814     
          30          33  0.97380707359675445     
           7          34   1.0293419244381130     
          34          35  0.97296788209423779     
          34          36  0.97300513698893121     
          34          37  0.98051846755280614     
          11          38   1.0303856652352645     
          38          39  0.97372042970908024     
          38          40  0.97107804612441773     
          38          41  0.98226379604273029     
          12          42   1.0962636109140578     
          42          43  0.95788778074183034     
          42          44   1.8957933160903073     
          44          45  0.97502281101751320     
          44          46  0.97906925357417973     
          15          47   1.0334374473099135     
          47          48  0.97631432066522472     
          47          49  0.96743488955679702     
          47          50  0.97715912647919256     
          16          51   1.1046675797370709     
          51          52  0.95848596204221825     
          51          53   1.8868577482860354     
          53          54  0.97575125711315669     
          53          55  0.97932431076717463     
          19          56   1.0298562891505318     
          56          57  0.97215962573328107     
          56          58  0.97336046608526416     
          56          59  0.98043599004074911     
          20          60   1.0295295044780637     
          60          61  0.98043493418021888     
          60          62  0.97352361913425645     
          60          63  0.97253493988049189     
           1          64  0.26152804779068012     
          64          65  0.88351383424720686     
          64          66  0.88429857457158922     
          67          68  0.97103354882520099     
          67          69  0.97091296390573845     
          67          70  0.98184660884664410     
          71          72  0.94125280782007903     
          67          73   1.0316970901876501     
          71          73   1.1887768562344458     
          71          74   1.2617340819897982     
          73          74  0.11204210485394604     
          74          75  0.95516647965028523     
           1          76  0.50985509398442097     
          74          76   1.4796385333076592     
          73          77   1.5602676354838450     
          76          77   1.2456475525061930     
          77          78  0.95777520171941688     
