    0.39585349
   -0.20990549
   -0.21492753
   -0.20989306
   -0.20493665
    0.05133334
   -0.03179973
   -0.03274823
    0.04939135
    0.04914047
   -0.02462218
   -0.03553066
    0.05196098
    0.04995253
   -0.02395338
   -0.03431759
    0.05467995
    0.05208126
   -0.03119617
   -0.03151055
    0.05206787
   -0.07092371
    0.03228125
   -0.07364834
    0.03123521
   -0.07306836
    0.03097676
   -0.07032922
    0.03197126
   -0.09691564
    0.03220511
    0.03413355
    0.03223143
   -0.09724290
    0.03394476
    0.03404520
    0.03196277
   -0.09858546
    0.03372732
    0.03324480
    0.04056825
   -0.02703797
    0.02169496
   -0.09869656
    0.03199730
    0.02022678
   -0.09850721
    0.03387740
    0.03364154
    0.04099509
   -0.02666681
    0.02277035
   -0.09860165
    0.03193918
    0.02026442
   -0.09716054
    0.03376001
    0.03478231
    0.03221863
   -0.09724753
    0.03233283
    0.03343120
    0.03421093
   -0.11603024
    0.05465679
    0.05419963
    0.06155109
   -0.08632747
    0.17189791
    0.03679542
    0.07509639
    0.06727295
   -0.12558061
   -0.00152825
    0.06440313
   -0.11608107
    0.05422620
    0.05461424
    0.06198782
   -0.08647364
    0.17161610
    0.03692786
    0.07482069
    0.06707115
   -0.12551191
   -0.00132761
    0.06456474
