           1           2  0.59808393666733162     
           1           3  0.59707772753572452     
           1           4  0.58381332081784987     
           1           5  0.58425739923328124     
           2           6   1.2511692416818423     
           6           7   1.1277054674578946     
           7           8   1.6088627172958732     
           2           9   1.2464088144756444     
           8           9   1.1269705655181876     
           3          10   1.2459848467495904     
          10          11   1.1505816537295142     
          11          12   1.5372460055718840     
           3          13   1.2545344345993350     
          12          13   1.1113131707490627     
           4          14   1.2347263719420116     
          14          15   1.1607310423779809     
          15          16   1.5268275093790584     
           4          17   1.2540713157938694     
          16          17   1.1215265104353622     
           5          18   1.2426594212279141     
          18          19   1.1371682691530172     
          19          20   1.5967383760972582     
           5          21   1.2428098094879128     
          20          21   1.1382501282218893     
           6          22   1.3569298475699598     
          21          22   1.3553700135210200     
          22          23  0.96220955446891265     
           9          24   1.3682565002553417     
          10          24   1.3452131782199077     
          24          25  0.96043092761560411     
          13          26   1.3655215214891079     
          14          26   1.3443648450657633     
          26          27  0.95852496415848532     
          17          28   1.3553326441806433     
          18          28   1.3588642878996531     
          28          29  0.96004617064676612     
           8          30   1.0298572357351694     
          30          31  0.98042552143411854     
          30          32  0.97243976831711332     
          30          33  0.97306979768096313     
           7          34   1.0291614765607875     
          34          35  0.97335408811511415     
          34          36  0.97308841959211601     
          34          37  0.98042057230582269     
          11          38   1.0334906487768121     
          38          39  0.97632211569231020     
          38          40  0.96721639756270683     
          38          41  0.97737226567615598     
          12          42   1.1048065631342934     
          42          43  0.95833679787170678     
          42          44   1.8866069969879500     
          44          45  0.97570591309674470     
          44          46  0.97932468771246306     
          15          47   1.0328698348655099     
          47          48  0.97616911948838303     
          47          49  0.96775351801455600     
          47          50  0.97762441816963386     
          16          51   1.1035202302512193     
          51          52  0.95837159488096813     
          51          53   1.8877907370285372     
          53          54  0.97576565634524559     
          53          55  0.97931960838257148     
          19          56   1.0293321486983211     
          56          57  0.97303327361116287     
          56          58  0.97297677164962071     
          56          59  0.98046149129939886     
          20          60   1.0288796735095938     
          60          61  0.97345491165993325     
          60          62  0.98049447755772179     
          60          63  0.97314855558412861     
           1          64  0.26288708124330468     
          64          65  0.88425263282031563     
          64          66  0.88377936401998625     
          67          68  0.97094664272919295     
          67          69  0.97097464865480532     
          67          70  0.98186212142455553     
          71          72  0.94125190365601163     
          67          73   1.0317514072500302     
          71          73   1.1886339341328751     
          71          74   1.2620834929084170     
          73          74  0.11215971452207806     
          74          75  0.95378603848059895     
           1          76  0.50964956301362618     
          74          76   1.4791566345040956     
          73          77   1.5600100738692928     
          76          77   1.2462228969166813     
          77          78  0.95876836668288290     
