           1           2  0.58300807154621836     
           1           3  0.57540314603343590     
           1           4  0.56624806308399533     
           1           5  0.57809351961455380     
           2           6   1.2542510877157493     
           6           7   1.1261608559847502     
           7           8   1.6106918382300437     
           2           9   1.2462877920404718     
           8           9   1.1253062025118665     
           3          10   1.2432889967906879     
          10          11   1.1552031793799569     
          11          12   1.5389711783759623     
           3          13   1.2476505929781645     
          12          13   1.1168189223225153     
           4          14   1.2342445967720723     
          14          15   1.1610754790909776     
          15          16   1.5318055091535883     
           4          17   1.2496859379368841     
          16          17   1.1241993139176907     
           5          18   1.2439636334122033     
          18          19   1.1316895950946959     
          19          20   1.6040687708303389     
           5          21   1.2462296389822813     
          20          21   1.1320869831817240     
           6          22   1.3576210799657809     
          21          22   1.3583946455071765     
          22          23  0.96188979091527316     
           9          24   1.3706496159448585     
          10          24   1.3442770809799081     
          24          25  0.96168189745522592     
          13          26   1.3656758770935682     
          14          26   1.3476873491464187     
          26          27  0.95798639521380458     
          17          28   1.3534864890231622     
          18          28   1.3624997200227962     
          28          29  0.95817274858418455     
           8          30   1.0303790618747111     
          30          31  0.98028962752659754     
          30          32  0.97150979251682446     
          30          33  0.97335952199794029     
           7          34   1.0302070701449597     
          34          35  0.97287719346719626     
          34          36  0.97214870282767141     
          34          37  0.98033733588355487     
          11          38   1.0323663399721736     
          38          39  0.97264005860256664     
          38          40  0.96967149282819154     
          38          41  0.98201886927706561     
          12          42   1.0958894418046317     
          42          43  0.95753134710594801     
          42          44   1.8966918390345202     
          44          45  0.97524640532128104     
          44          46  0.97897774679703797     
          15          47   1.0323801369817147     
          47          48  0.96934245734556601     
          47          49  0.97266408543887439     
          47          50  0.98211231030330204     
          16          51   1.0955251725946009     
          51          52  0.95780020385691667     
          51          53   1.8972026655922387     
          53          54  0.97511483550901656     
          53          55  0.97896222870953153     
          19          56   1.0301753096515873     
          56          57  0.97227922349497664     
          56          58  0.97262628862839229     
          56          59  0.98031883932991704     
          20          60   1.0300607451773451     
          60          61  0.97232690155061585     
          60          62  0.98034739986386432     
          60          63  0.97279885469816318     
           1          64  0.27330262436338359     
          64          65  0.87952557781461582     
          64          66  0.88076733500400195     
          67          68  0.97868882019026571     
          67          69  0.98116321392909178     
          67          70  0.97442062167747268     
           1          71  0.43675894763201284     
          67          71  0.99343886949404936     
          71          72  0.94212225761041968     
