    0.46726536
   -0.21792229
   -0.23153781
   -0.24527389
   -0.23321034
    0.05622711
   -0.02810634
   -0.02777694
    0.05550292
    0.05591134
   -0.02162374
   -0.03069851
    0.05488178
    0.05093363
   -0.02334027
   -0.03238375
    0.05201098
    0.04923210
   -0.02934130
   -0.02925763
    0.05445861
   -0.06871881
    0.03800085
   -0.06639282
    0.03968197
   -0.07248866
    0.04305955
   -0.07680041
    0.04065257
   -0.10002720
    0.03589899
    0.03915460
    0.03702045
   -0.10005045
    0.03591678
    0.03962959
    0.03592136
   -0.10089313
    0.03968780
    0.03933144
    0.03897340
   -0.02587990
    0.02879553
   -0.09545898
    0.03133873
    0.02666602
   -0.10082367
    0.04099757
    0.03769307
    0.03844947
   -0.02663069
    0.02718637
   -0.09471706
    0.03219791
    0.02639354
   -0.09956692
    0.03651796
    0.03781254
    0.03552833
   -0.09975932
    0.03553057
    0.03548498
    0.03912013
   -0.48002433
    0.32501747
    0.32499889
   -0.07598403
    0.07434020
    0.07080321
    0.07614580
   -0.11170792
    0.16602563
