    0.44053350
   -0.21005411
   -0.21088571
   -0.22799365
   -0.22763038
    0.05299390
   -0.02884797
   -0.02971525
    0.05294877
    0.05306192
   -0.02141867
   -0.03183277
    0.05541172
    0.04985040
   -0.02240255
   -0.03484534
    0.05128773
    0.04814055
   -0.03229642
   -0.03048962
    0.05023718
   -0.06971655
    0.03664833
   -0.06932998
    0.03705213
   -0.06944309
    0.03565958
   -0.07596898
    0.03261335
   -0.09896815
    0.03457600
    0.03899867
    0.03311227
   -0.09904327
    0.03511575
    0.03758154
    0.03439682
   -0.10064172
    0.03288493
    0.03996602
    0.04214255
   -0.02707509
    0.02421443
   -0.09679761
    0.03571841
    0.02311954
   -0.10052277
    0.03721370
    0.03531004
    0.04208951
   -0.02782299
    0.02341539
   -0.09716499
    0.03438299
    0.02245109
   -0.09827358
    0.03550184
    0.03481816
    0.03364577
   -0.09895582
    0.03567479
    0.03388423
    0.03595322
   -0.48056298
    0.32113699
    0.32150051
   -0.11782005
    0.05646362
    0.05659984
    0.06387422
   -0.08387458
    0.17432635
    0.03831119
    0.07266643
    0.06998023
   -0.13156244
   -0.00290489
    0.06739590
