           1           2  0.59855220512869989     
           1           3  0.59505199683295795     
           1           4  0.58511640859051262     
           1           5  0.58656588088542949     
           2           6   1.2529175723902057     
           6           7   1.1272869425724630     
           7           8   1.6090527506425998     
           2           9   1.2448595663901978     
           8           9   1.1270444384006448     
           3          10   1.2439297332529848     
          10          11   1.1533964556171741     
          11          12   1.5349953666230400     
           3          13   1.2543907751193795     
          12          13   1.1137041534879213     
           4          14   1.2345889741310880     
          14          15   1.1610432511205608     
          15          16   1.5256064562392879     
           4          17   1.2533334691961209     
          16          17   1.1215595909908167     
           5          18   1.2429881611295905     
          18          19   1.1349228918830201     
          19          20   1.5996151806208583     
           5          21   1.2447561503471138     
          20          21   1.1356690008657755     
           6          22   1.3574600318723631     
          21          22   1.3584009987495107     
          22          23  0.96201062940730431     
           9          24   1.3679894922133928     
          10          24   1.3425192912129729     
          24          25  0.96055506952959702     
          13          26   1.3653635144689082     
          14          26   1.3466330734748009     
          26          27  0.95841483425151830     
          17          28   1.3532250264835244     
          18          28   1.3581619311929660     
          28          29  0.96026829434209660     
           8          30   1.0294245414473491     
          30          31  0.98041737542619833     
          30          32  0.97289120817853614     
          30          33  0.97317613141683434     
           7          34   1.0295848430077570     
          34          35  0.97315583664903516     
          34          36  0.97274860676112518     
          34          37  0.98043502612633238     
          11          38   1.0329960062355117     
          38          39  0.97657789820710317     
          38          40  0.96742664073786222     
          38          41  0.97750827040747812     
          12          42   1.1042530646356392     
          42          43  0.95834098606206042     
          42          44   1.8871816487726212     
          44          45  0.97569098293200440     
          44          46  0.97930193358366446     
          15          47   1.0331049873833886     
          47          48  0.96757898266274400     
          47          49  0.97614138034637687     
          47          50  0.97739821889604961     
          16          51   1.1046574937866600     
          51          52  0.95867909279583641     
          51          53   1.8863675205954455     
          53          54  0.97577408279750522     
          53          55  0.97935240963970027     
          19          56   1.0291885171466739     
          56          57  0.97306536646658992     
          56          58  0.97314878754826706     
          56          59  0.98044923302705755     
          20          60   1.0293662125839782     
          60          61  0.97322798995079141     
          60          62  0.98049043563677185     
          60          63  0.97280037922390061     
           1          64  0.26248547302116126     
          64          65  0.88446833393961610     
          64          66  0.88379448781541636     
          67          68  0.97083670329149396     
          67          69  0.97111660703935043     
          67          70  0.98185863146719377     
          71          72  0.94116505144132534     
          67          73   1.0317661190162022     
          71          73   1.1886666149939284     
          71          74   1.2625758728348075     
          73          74  0.11249709391271043     
          74          75  0.95292972696919831     
           1          76  0.50864286321646401     
          74          76   1.4787875801459791     
          73          77   1.5596294034199718     
          76          77   1.2470771985620068     
          77          78  0.95957298398494739     
