    0.42852466
   -0.21812892
   -0.22386120
   -0.22360008
   -0.21745100
    0.05501162
   -0.02821122
   -0.02988720
    0.05266862
    0.04966598
   -0.03307003
   -0.03077509
    0.05329096
    0.05545434
   -0.03383560
   -0.02450415
    0.05200060
    0.05532244
   -0.03485024
   -0.02168489
    0.05353978
   -0.06750045
    0.03633907
   -0.07407001
    0.03374852
   -0.07135624
    0.03197695
   -0.07254929
    0.03101934
   -0.09868241
    0.03469112
    0.03836987
    0.03418563
   -0.09820050
    0.03778574
    0.03300328
    0.03418474
   -0.09998311
    0.03751724
    0.03450501
    0.04183763
   -0.02722814
    0.02275440
   -0.09719321
    0.03419661
    0.02250120
   -0.09885191
    0.03562481
    0.03324489
    0.04128294
   -0.02730129
    0.02350584
   -0.09690656
    0.03362337
    0.02211434
   -0.09769833
    0.03603940
    0.03463977
    0.03309407
   -0.09790036
    0.03351668
    0.03275181
    0.03606273
   -0.11707206
    0.05591994
    0.05600727
    0.06325754
   -0.08478372
    0.17361986
    0.03781639
    0.07410703
    0.06962969
   -0.13045790
   -0.00197922
    0.06624893
   -0.10802248
    0.04538721
    0.05762574
    0.04848795
   -0.02082985
    0.05752070
    0.05077705
   -0.06015218
   -0.07236115
    0.06411136
    0.05928040
    0.07154693
