           1           2  0.58989144738524824     
           1           3  0.58692797020045584     
           1           4  0.58323446342081497     
           1           5  0.58724186079225027     
           2           6   1.2547759384884638     
           6           7   1.1286862837223159     
           7           8   1.6077385094534591     
           2           9   1.2466387124299190     
           8           9   1.1280201666016172     
           3          10   1.2440478389051397     
          10          11   1.1574952901663722     
          11          12   1.5281642748352036     
           3          13   1.2560941297440051     
          12          13   1.1153471874616852     
           4          14   1.2390271514168341     
          14          15   1.1603799345374541     
          15          16   1.5237268150931504     
           4          17   1.2607056411727913     
          16          17   1.1189673624779670     
           5          18   1.2493922017309871     
          18          19   1.1309539417046386     
          19          20   1.6040125284322642     
           5          21   1.2510448533812810     
          20          21   1.1313975290812113     
           6          22   1.3534410501030560     
          21          22   1.3548133789375423     
          22          23  0.96255216974294500     
           9          24   1.3658336685589347     
          10          24   1.3387499282285062     
          24          25  0.96102296594867154     
          13          26   1.3614365676292421     
          14          26   1.3418918223838652     
          26          27  0.95879168590727526     
          17          28   1.3498441889538919     
          18          28   1.3574988075365320     
          28          29  0.96037952517794545     
           8          30   1.0287027065282535     
          30          31  0.98061382992590918     
          30          32  0.97349751014332397     
          30          33  0.97350355573659075     
           7          34   1.0286901470051786     
          34          35  0.97317065812383308     
          34          36  0.97386209844684779     
          34          37  0.98062420487952850     
          11          38   1.0322763107034076     
          38          39  0.97691640241704902     
          38          40  0.96819427257684876     
          38          41  0.97747010972015624     
          12          42   1.1078852484952497     
          42          43  0.95866473973275301     
          42          44   1.8822537141621369     
          44          45  0.97588543487076396     
          44          46  0.97950820521080173     
          15          47   1.0321643861801877     
          47          48  0.96836320473155646     
          47          49  0.97683297592619411     
          47          50  0.97737411004156249     
          16          51   1.1083364556704824     
          51          52  0.95875688226541145     
          51          53   1.8818393699959250     
          53          54  0.97588786256467608     
          53          55  0.97951924234272092     
          19          56   1.0286096522487196     
          56          57  0.97387215991649390     
          56          58  0.97322195703337100     
          56          59  0.98060593185565170     
          20          60   1.0286127964897227     
          60          61  0.98065836980515686     
          60          62  0.97368970588932457     
          60          63  0.97342096967188341     
          64          65  0.97163034240293733     
          64          66  0.97144285543157360     
          64          67  0.98225800071565972     
          68          69  0.94195695800120149     
          64          70   1.0312101453269935     
          68          70   1.1872275931248037     
          68          71   1.2613420599779555     
          70          71  0.11268954836383510     
          71          72  0.95544806878499267     
           1          73  0.49370596790260246     
          71          73   1.4857587778143435     
          70          74   1.5614310642941449     
          73          74   1.2502402359053082     
          74          75  0.96058180187570652     
          76          77  0.97159709190578791     
          76          78  0.97144216406797901     
          76          79  0.98223268825002907     
          80          81  0.94199757862470945     
          76          82   1.0312338407118702     
          80          82   1.1871450995455661     
          80          83   1.2612440505496623     
          82          83  0.11270560883053653     
          83          84  0.95545086826476000     
           1          85  0.49347562089847335     
          83          85   1.4857972589498041     
          82          86   1.5614657430616721     
          85          86   1.2503085691563134     
          86          87  0.96060228607455833     
