           1           2  0.57747369468710574     
           1           3  0.57561002799817007     
           1           4  0.57486371339799724     
           1           5  0.57843142568590500     
           2           6   1.2432079873183437     
           6           7   1.1315288727839452     
           7           8   1.6020714395056459     
           2           9   1.2512520408554317     
           8           9   1.1326891720640260     
           3          10   1.2476528295259648     
          10          11   1.1322101289190600     
          11          12   1.6036322066243163     
           3          13   1.2470048667418900     
          12          13   1.1319194036730584     
           4          14   1.2580119050135794     
          14          15   1.1172264545825095     
          15          16   1.5308579067842663     
           4          17   1.2419422473714101     
          16          17   1.1558037452666867     
           5          18   1.2571948646277158     
          18          19   1.1129621785418915     
          19          20   1.5366288043927292     
           5          21   1.2429983888903497     
          20          21   1.1520328356632834     
           6          22   1.3613314464615418     
          21          22   1.3449864878820299     
          22          23  0.96055128319338501     
           9          24   1.3531325889767187     
          10          24   1.3562824165946474     
          24          25  0.96234812734742581     
          13          26   1.3558141068961680     
          14          26   1.3524846982367857     
          26          27  0.96048162160656259     
          17          28   1.3455418594691961     
          18          28   1.3647995008333775     
          28          29  0.95864246428189781     
           7          30   1.0289569183127509     
          30          31  0.97354459617582834     
          30          32  0.97294624504394112     
          30          33  0.98048607969026103     
           8          34   1.0292346002135300     
          34          35  0.97266226764881325     
          34          36  0.97362008205626616     
          34          37  0.98051510776656103     
          20          38   1.0329942744118934     
          38          39  0.97627032360956678     
          38          40  0.97753994275947620     
          38          41  0.96756503375685465     
          19          42   1.1041799307086975     
          42          43  0.95823313315302916     
          42          44   1.8873579851370541     
          44          45  0.97568907091341517     
          44          46  0.97929685488998874     
          16          47   1.0331106428808279     
          47          48  0.96755870204654948     
          47          49  0.97625830534300950     
          47          50  0.97764422338916013     
          15          51   1.1042386317295509     
          51          52  0.95860532196191661     
          51          53   1.8868335298237613     
          53          54  0.97581226090604978     
          53          55  0.97934507337346721     
          12          56   1.0290554787343436     
          56          57  0.97396927038062486     
          56          58  0.97240725684932605     
          56          59  0.98047770889023456     
          11          60   1.0290575770992876     
          60          61  0.97368424069491111     
          60          62  0.98054184019643476     
          60          63  0.97274025520269047     
          64          65  0.97103345116170747     
          64          66  0.97117469288549074     
          64          67  0.98198078683126111     
          68          69  0.94132152200385377     
          64          70   1.0316455816147314     
          68          70   1.1881646830550079     
          68          71   1.2633314689949207     
          70          71  0.11258449134901272     
          71          72  0.95382347076034801     
           1          73  0.49368388417746850     
          71          73   1.4810715341991971     
          70          74   1.5596295338864410     
          73          74   1.2481891978964612     
          74          75  0.95911871643599644     
          76          77  0.98028716672267135     
          76          78  0.97956827174018490     
          76          79  0.98637536831161199     
          76          80   1.0263540259740296     
          80          81  0.96788258032447860     
          80          82  0.97318025245287365     
           1          83  0.39681294206748863     
          80          83  0.96202906248093145     
          83          84  0.99607476540853013     
          84          85  0.97705890557164987     
          84          86  0.98067609473364115     
          84          87  0.97558192313600589     
