    0.42844635
   -0.22328093
   -0.22485806
   -0.21798554
   -0.21729833
    0.04968806
   -0.03313008
   -0.03100533
    0.05305010
    0.05199180
   -0.03177559
   -0.03266889
    0.05157509
    0.05544253
   -0.03478983
   -0.02178007
    0.05339045
    0.05820558
   -0.03065778
   -0.02151101
    0.05307842
   -0.07314261
    0.03381584
   -0.07194474
    0.03247155
   -0.07317627
    0.03103119
   -0.06689272
    0.03585331
   -0.09791488
    0.03253669
    0.03645780
    0.03347134
   -0.09784429
    0.03548908
    0.03453251
    0.03307622
   -0.09997127
    0.03237959
    0.04186046
    0.03947133
   -0.02632590
    0.02379641
   -0.09634500
    0.03569494
    0.02315725
   -0.09976122
    0.03786501
    0.03450547
    0.04183607
   -0.02731416
    0.02312651
   -0.09722585
    0.03422610
    0.02235787
   -0.09715778
    0.03424882
    0.03439278
    0.03286036
   -0.09739340
    0.03387039
    0.03295397
    0.03483402
   -0.11704754
    0.05618102
    0.05571664
    0.06311962
   -0.08475431
    0.17374746
    0.03777963
    0.07430809
    0.06942705
   -0.13034988
   -0.00203075
    0.06634918
   -0.10805780
    0.04492363
    0.05773301
    0.04880194
   -0.02130117
    0.05793896
    0.05058382
   -0.05952871
   -0.07236953
    0.06424837
    0.05928807
    0.07140349
