           1           2  0.58530634341623489     
           1           3  0.58378604198625106     
           1           4  0.59609711926890530     
           1           5  0.59779657501785954     
           2           6   1.2472380135125554     
           6           7   1.1372835718627761     
           7           8   1.5980283715834331     
           2           9   1.2373330752898168     
           8           9   1.1362542392001296     
           3          10   1.2350692279246509     
          10          11   1.1626582801959797     
          11          12   1.5245054719775379     
           3          13   1.2503276308721962     
          12          13   1.1227203470483582     
           4          14   1.2397936016876003     
          14          15   1.1500188591461571     
          15          16   1.5372934934847571     
           4          17   1.2617864408637582     
          16          17   1.1130185189725952     
           5          18   1.2507948458862364     
          18          19   1.1259491858273547     
          19          20   1.6101436230383290     
           5          21   1.2498014703263776     
          20          21   1.1261403953068569     
           6          22   1.3536271751904712     
          21          22   1.3623157301730897     
          22          23  0.96201045024770082     
           9          24   1.3652551474462487     
          10          24   1.3414244739147978     
          24          25  0.96078513825340761     
          13          26   1.3604811744843797     
          14          26   1.3517157781625804     
          26          27  0.95858298653249630     
          17          28   1.3543419606654772     
          18          28   1.3603660870567997     
          28          29  0.96004341997389564     
           8          30   1.0287494378039719     
          30          31  0.97345910759647158     
          30          32  0.98044181031152522     
          30          33  0.97331937195186302     
           7          34   1.0293789776675217     
          34          35  0.97281180289233715     
          34          36  0.97313346626581854     
          34          37  0.98048994213819718     
          11          38   1.0322726908039286     
          38          39  0.97669833330369393     
          38          40  0.96824334042974058     
          38          41  0.97733638633867848     
          12          42   1.1048024887604497     
          42          43  0.95835989279287559     
          42          44   1.8865370534384367     
          44          45  0.97579409630367975     
          44          46  0.97933242305541790     
          15          47   1.0332708458545512     
          47          48  0.97597212096050212     
          47          49  0.96776047642745155     
          47          50  0.97750530002864289     
          16          51   1.1035137233784817     
          51          52  0.95825402529835324     
          51          53   1.8880026956477229     
          53          54  0.97579396386743489     
          53          55  0.97928974459539275     
          19          56   1.0298938424154267     
          56          57  0.97249181895813730     
          56          58  0.97295522023396774     
          56          59  0.98041999589325413     
          20          60   1.0295559016557643     
          60          61  0.98042249630569467     
          60          62  0.97318057331597041     
          60          63  0.97281998562605654     
           1          64  0.26216194281581195     
          64          65  0.88374389254656982     
          64          66  0.88418693084252675     
          67          68  0.97084771414913906     
          67          69  0.97106528433699535     
          67          70  0.98183942354158704     
          71          72  0.94121403905484435     
          67          73   1.0317173193127502     
          71          73   1.1887830368554928     
          71          74   1.2620671994883041     
          73          74  0.11199407567918183     
          74          75  0.95478652043926626     
           1          76  0.50974290239608633     
          74          76   1.4797520183152424     
          73          77   1.5602957505019677     
          76          77   1.2457055362410614     
          77          78  0.95765633336384548     
