           1           2  0.57249182659734255     
           1           3  0.56550457397401266     
           1           4  0.57494717455632027     
           1           5  0.58746829301592063     
           2           6   1.2487595192148435     
           6           7   1.1355464282809935     
           7           8   1.6001916427340164     
           2           9   1.2387880266850357     
           8           9   1.1346102351373448     
           3          10   1.2328945366934831     
          10          11   1.1630444966283078     
          11          12   1.5260376948534400     
           3          13   1.2475646043150710     
          12          13   1.1251372170510550     
           4          14   1.2385980658083551     
          14          15   1.1510974255765831     
          15          16   1.5446647489357457     
           4          17   1.2593339937369765     
          16          17   1.1167276236320185     
           5          18   1.2520987470322049     
          18          19   1.1213528048188366     
          19          20   1.6152085703865271     
           5          21   1.2523442229729198     
          20          21   1.1219127748617119     
           6          22   1.3553119382445200     
          21          22   1.3641661456129075     
          22          23  0.96161307923123163     
           9          24   1.3657965454248311     
          10          24   1.3434082468925437     
          24          25  0.96067035282817237     
          13          26   1.3611873465969773     
          14          26   1.3514813864736177     
          26          27  0.95986913638997073     
          17          28   1.3542673639211382     
          18          28   1.3656378238154425     
          28          29  0.95755976411406951     
           8          30   1.0295588108148632     
          30          31  0.98028603298925676     
          30          32  0.97281743700688661     
          30          33  0.97288493036852475     
           7          34   1.0302098993064972     
          34          35  0.97303244673804190     
          34          36  0.97179520182572565     
          34          37  0.98032411078986958     
          11          38   1.0329495905376394     
          38          39  0.96751692665199429     
          38          40  0.97644243938815312     
          38          41  0.97725424792161519     
          12          42   1.1020532395869578     
          42          43  0.95830700902497856     
          42          44   1.8900002738169830     
          44          45  0.97566216936916850     
          44          46  0.97918527436978120     
          15          47   1.0317450903761252     
          47          48  0.97059256618044876     
          47          49  0.97236035734091031     
          47          50  0.98242524480415527     
          16          51   1.0913596913915016     
          51          52  0.95750772916689564     
          51          53   1.9021573068588675     
          53          54  0.97484940891711092     
          53          55  0.97879281204397395     
          19          56   1.0311565213259051     
          56          57  0.97130088201878984     
          56          58  0.97248573860741094     
          56          59  0.98022291801786410     
          20          60   1.0304650255305532     
          60          61  0.97239149723659557     
          60          62  0.98026733733527094     
          60          63  0.97247592096292301     
           1          64  0.27472284744039971     
          64          65  0.88073319246647153     
          64          66  0.88018773676722051     
          67          68  0.97506203880706233     
          67          69  0.98093257866187933     
          67          70  0.97905191970645489     
           1          71  0.43456732788770236     
          67          71  0.99340244489641527     
          71          72  0.94284283839396765     
