           1           2  0.59823137692340045     
           1           3  0.59689414509447603     
           1           4  0.58495483194211251     
           1           5  0.58396125420867440     
           2           6   1.2508563772214543     
           6           7   1.1277660911452345     
           7           8   1.6087980994002460     
           2           9   1.2462880212733083     
           8           9   1.1270650141390814     
           3          10   1.2461493509304882     
          10          11   1.1504447262338995     
          11          12   1.5374787332571631     
           3          13   1.2545956411597576     
          12          13   1.1112802906829620     
           4          14   1.2345252013608974     
          14          15   1.1609517790605826     
          15          16   1.5256118673700878     
           4          17   1.2538140130807347     
          16          17   1.1215121312623511     
           5          18   1.2426389764558812     
          18          19   1.1373621054583787     
          19          20   1.5965482826674384     
           5          21   1.2428165448981809     
          20          21   1.1383960317164039     
           6          22   1.3571464633894097     
          21          22   1.3551242293175110     
          22          23  0.96221719593070676     
           9          24   1.3683375678407257     
          10          24   1.3451163862047544     
          24          25  0.96049207363662026     
          13          26   1.3654814023715078     
          14          26   1.3443582162992698     
          26          27  0.95849070114425772     
          17          28   1.3553459442464901     
          18          28   1.3588269761612553     
          28          29  0.96012263674360154     
           8          30   1.0298544343808491     
          30          31  0.98042876165727433     
          30          32  0.97253293445880873     
          30          33  0.97297847851927921     
           7          34   1.0291559123292360     
          34          35  0.97320545035522965     
          34          36  0.97324725989064831     
          34          37  0.98041938655078376     
          11          38   1.0334529665030519     
          38          39  0.97638913407206052     
          38          40  0.96723417490886077     
          38          41  0.97739185748311153     
          12          42   1.1046702273687932     
          42          43  0.95834709621486369     
          42          44   1.8867457531370861     
          44          45  0.97570805856904352     
          44          46  0.97932105045274409     
          15          47   1.0329641002303016     
          47          48  0.96765470466716896     
          47          49  0.97637595263493093     
          47          50  0.97725676327101108     
          16          51   1.1049829262621420     
          51          52  0.95865462908703858     
          51          53   1.8862084205977752     
          53          54  0.97574490967899385     
          53          55  0.97935832671423984     
          19          56   1.0293303473528910     
          56          57  0.97334048996955957     
          56          58  0.97268483148392682     
          56          59  0.98046534218719328     
          20          60   1.0288575332607350     
          60          61  0.98050870961499137     
          60          62  0.97312255228073397     
          60          63  0.97351064859402447     
          64          65  0.97088732119968268     
          64          66  0.97102898612067434     
          64          67  0.98186409572210676     
          68          69  0.94124145946312987     
          64          70   1.0317516880558801     
          68          70   1.1886588839282803     
          68          71   1.2621589985159103     
          70          71  0.11217072500876787     
          71          72  0.95388208370376615     
           1          73  0.50978972636018405     
          71          73   1.4790554545207808     
          70          74   1.5599917726986210     
          73          74   1.2462038037036487     
          74          75  0.95871102263694608     
           1          76  0.26265718859072257     
          76          77  0.88424442510093670     
          76          78  0.88377628465581193     
