    0.44052010
   -0.20974363
   -0.21136691
   -0.22801107
   -0.22733823
    0.05312421
   -0.02881693
   -0.02972795
    0.05293416
    0.05305785
   -0.02140982
   -0.03184570
    0.05526970
    0.04977436
   -0.02242275
   -0.03481809
    0.05159961
    0.04785864
   -0.03241886
   -0.03044897
    0.05042185
   -0.06942833
    0.03673733
   -0.06935890
    0.03704892
   -0.06983508
    0.03569073
   -0.07610603
    0.03258406
   -0.09895760
    0.03457152
    0.03899215
    0.03308779
   -0.09904970
    0.03509857
    0.03766659
    0.03439054
   -0.10066382
    0.03287745
    0.04000011
    0.04215241
   -0.02687472
    0.02370192
   -0.09677093
    0.03573536
    0.02315036
   -0.10028453
    0.03471913
    0.03737492
    0.04212515
   -0.02768908
    0.02350235
   -0.09724740
    0.03432090
    0.02260390
   -0.09824130
    0.03492344
    0.03528386
    0.03365365
   -0.09898537
    0.03573316
    0.03389344
    0.03599053
   -0.48039210
    0.32120792
    0.32144773
   -0.11775214
    0.05643902
    0.05665796
    0.06368680
   -0.08388274
    0.17432458
    0.03829670
    0.07268322
    0.07003078
   -0.13143724
   -0.00287979
    0.06726030
