           1           2  0.59742848857638786     
           1           3  0.59829738368231800     
           1           4  0.58435761864483016     
           1           5  0.58405611575321259     
           2           6   1.2509452987780016     
           6           7   1.1280314979840003     
           7           8   1.6084263640825933     
           2           9   1.2464424228749975     
           8           9   1.1273406106666846     
           3          10   1.2458312659809405     
          10          11   1.1501760318939001     
          11          12   1.5375486521774071     
           3          13   1.2547240089519822     
          12          13   1.1111724815596413     
           4          14   1.2349792335453642     
          14          15   1.1607482314869286     
          15          16   1.5260774140201872     
           4          17   1.2538797027184940     
          16          17   1.1213363568280559     
           5          18   1.2426116023994713     
          18          19   1.1374751269446275     
          19          20   1.5964256459899409     
           5          21   1.2423820312450939     
          20          21   1.1384614750450719     
           6          22   1.3568306840483113     
          21          22   1.3554347103681148     
          22          23  0.96221625579825942     
           9          24   1.3679586767779177     
          10          24   1.3456208366949369     
          24          25  0.96041148438563773     
          13          26   1.3652935699081707     
          14          26   1.3443649103404778     
          26          27  0.95866032009316471     
          17          28   1.3555157661620125     
          18          28   1.3586833008445236     
          28          29  0.96005407324328074     
           8          30   1.0298358291103999     
          30          31  0.98042662760473132     
          30          32  0.97226645692681390     
          30          33  0.97327360953642672     
           7          34   1.0291421029455650     
          34          35  0.97335855929693116     
          34          36  0.97310648008281619     
          34          37  0.98042556877441578     
          11          38   1.0334489840981160     
          38          39  0.96768901345952751     
          38          40  0.97580500726432762     
          38          41  0.97738868256215528     
          12          42   1.1045813071503958     
          42          43  0.95840689725958550     
          42          44   1.8866195555369705     
          44          45  0.97580946820322523     
          44          46  0.97932926855058711     
          15          47   1.0330140208563090     
          47          48  0.96763765239745114     
          47          49  0.97626427853677844     
          47          50  0.97737397074323962     
          16          51   1.1045813323932481     
          51          52  0.95853435501621642     
          51          53   1.8866236453644676     
          53          54  0.97575335320455658     
          53          55  0.97934569269473770     
          19          56   1.0293348638273954     
          56          57  0.97306561990879981     
          56          58  0.97293380039815824     
          56          59  0.98045963498860367     
          20          60   1.0288576229693709     
          60          61  0.98048892084317107     
          60          62  0.97330209630338005     
          60          63  0.97332068869824040     
           1          64  0.26241109758922432     
          64          65  0.88410981458774918     
          64          66  0.88371598205013491     
          67          68  0.97071799268701475     
          67          69  0.97119448988125689     
          67          70  0.98182876625804383     
          71          72  0.94123505881308467     
          67          73   1.0317590819518181     
          71          73   1.1886835955703203     
          71          74   1.2621548361100086     
          73          74  0.11221087413688743     
          74          75  0.95397080784174615     
           1          76  0.50974430837830365     
          74          76   1.4790970108835593     
          73          77   1.5600378645450008     
          76          77   1.2462239261663401     
          77          78  0.95847380298445550     
