           1           2  0.58541551803771097     
           1           3  0.58383471135653953     
           1           4  0.59615030354556053     
           1           5  0.59786539954444784     
           2           6   1.2472643007646882     
           6           7   1.1372654846037873     
           7           8   1.5980473814456677     
           2           9   1.2373156798802962     
           8           9   1.1362332163875986     
           3          10   1.2350855948407189     
          10          11   1.1626661395199966     
          11          12   1.5244903052037346     
           3          13   1.2503118860431397     
          12          13   1.1227281171509413     
           4          14   1.2397663945158630     
          14          15   1.1500698313250528     
          15          16   1.5371979926687551     
           4          17   1.2617627705595655     
          16          17   1.1130392217368961     
           5          18   1.2508043578138224     
          18          19   1.1259336219110461     
          19          20   1.6101607393019255     
           5          21   1.2498171319939995     
          20          21   1.1261231246641490     
           6          22   1.3536228303522149     
          21          22   1.3623185244712914     
          22          23  0.96200553927778765     
           9          24   1.3652720768439639     
          10          24   1.3414284784907653     
          24          25  0.96077990322035955     
          13          26   1.3604908420585844     
          14          26   1.3516890629308751     
          26          27  0.95857791556380934     
          17          28   1.3543377402605401     
          18          28   1.3603656940820676     
          28          29  0.96004537990293115     
           8          30   1.0287486308287088     
          30          31  0.98044215670551205     
          30          32  0.97331676803159939     
          30          33  0.97346407922220446     
           7          34   1.0293792453995074     
          34          35  0.97282364146545086     
          34          36  0.97311908507334455     
          34          37  0.98049081330384957     
          11          38   1.0322820094251475     
          38          39  0.97670574666437471     
          38          40  0.96823416958788244     
          38          41  0.97732423157958759     
          12          42   1.1048059163488964     
          42          43  0.95835245130977842     
          42          44   1.8865318090185430     
          44          45  0.97579768914032949     
          44          46  0.97933230870892563     
          15          47   1.0332750573690366     
          47          48  0.97597144819891002     
          47          49  0.96775712788404278     
          47          50  0.97749276048197675     
          16          51   1.1035927125835117     
          51          52  0.95825688409295173     
          51          53   1.8879159191115502     
          53          54  0.97578817910329518     
          53          55  0.97929115203168382     
          19          56   1.0298936042862252     
          56          57  0.97248871762468936     
          56          58  0.97296171102011486     
          56          59  0.98042044010618623     
          20          60   1.0295564839034423     
          60          61  0.98042324308288153     
          60          62  0.97318004807004210     
          60          63  0.97281802800994366     
           1          64  0.26217087969758535     
          64          65  0.88376864421481760     
          64          66  0.88420017751642055     
          67          68  0.97086826889331279     
          67          69  0.97104561525408850     
          67          70  0.98183855305625112     
          71          72  0.94121445077024668     
          67          73   1.0317172117137769     
          71          73   1.1887693029909026     
          71          74   1.2620928490461318     
          73          74  0.11199236282377453     
          74          75  0.95481124637985171     
           1          76  0.50937288560321625     
          74          76   1.4798894242035066     
          73          77   1.5603165623768378     
          76          77   1.2457692849757795     
          77          78  0.95765448837771838     
