           1           2  0.58203449811186958     
           1           3  0.58231491014513970     
           1           4  0.56588665528133786     
           1           5  0.56751602476066221     
           2           6   1.2520920163054985     
           6           7   1.1268876478510179     
           7           8   1.6097735762196357     
           2           9   1.2484783669729596     
           8           9   1.1261930891785201     
           3          10   1.2472017737603507     
          10          11   1.1454444403937649     
          11          12   1.5443167819745995     
           3          13   1.2562321067075011     
          12          13   1.1096402472014444     
           4          14   1.2347638369601126     
          14          15   1.1599803893208473     
          15          16   1.5285410233495127     
           4          17   1.2506036604662147     
          16          17   1.1227157011879454     
           5          18   1.2408423845889196     
          18          19   1.1389746756831673     
          19          20   1.5955623726182293     
           5          21   1.2398977277372905     
          20          21   1.1395249459898462     
           6          22   1.3581212926262665     
          21          22   1.3568162586443073     
          22          23  0.96193719575248504     
           9          24   1.3676365601483469     
          10          24   1.3494594249782008     
          24          25  0.96014702229538296     
          13          26   1.3678911306658919     
          14          26   1.3479044300701624     
          26          27  0.95833869948320238     
          17          28   1.3570749257025982     
          18          28   1.3583855496137436     
          28          29  0.96000607615571798     
           8          30   1.0305673962384190     
          30          31  0.98024472583167421     
          30          32  0.97154039147079507     
          30          33  0.97299245295067915     
           7          34   1.0300295149447110     
          34          35  0.97275035549808675     
          34          36  0.97251485647881442     
          34          37  0.98026419516773589     
          11          38   1.0343222245245054     
          38          39  0.96690535260880917     
          38          40  0.97541138270820826     
          38          41  0.97726984605692335     
          12          42   1.1014364245866561     
          42          43  0.95819190264258358     
          42          44   1.8909778659641840     
          44          45  0.97558175236609845     
          44          46  0.97910157982038148     
          15          47   1.0339700715717892     
          47          48  0.97545914876179407     
          47          49  0.96709668440662422     
          47          50  0.97723571723087821     
          16          51   1.1017580379051375     
          51          52  0.95840675139206033     
          51          53   1.8903932839611954     
          53          54  0.97563742401536535     
          53          55  0.97916485263863218     
          19          56   1.0298566038277115     
          56          57  0.97263397463730050     
          56          58  0.97255437297618086     
          56          59  0.98029007304825966     
          20          60   1.0297235001444300     
          60          61  0.97260287481828955     
          60          62  0.98032536113346125     
          60          63  0.97278873167021751     
           1          64  0.27465173819771355     
          64          65  0.87993459694980680     
          64          66  0.87949745030280946     
          67          68  0.97874045123474063     
          67          69  0.98100650310732362     
          67          70  0.97455156397096609     
           1          71  0.43902931109700383     
          67          71  0.99313664322880757     
          71          72  0.94211184813602389     
