    0.39347848
   -0.20987108
   -0.20884343
   -0.20898527
   -0.21011804
    0.04902532
   -0.03347840
   -0.03109400
    0.05155145
    0.05202327
   -0.02231922
   -0.03590889
    0.05234720
    0.04955118
   -0.02498777
   -0.03335776
    0.05512220
    0.05182598
   -0.03070986
   -0.03390952
    0.04888022
   -0.07636980
    0.02999773
   -0.06874343
    0.03322784
   -0.07522774
    0.02959474
   -0.06822606
    0.03314968
   -0.09735333
    0.03211080
    0.03481681
    0.03360790
   -0.09671626
    0.03195576
    0.03373765
    0.03203651
   -0.09899522
    0.03359386
    0.03494357
    0.04099610
   -0.02731788
    0.02232303
   -0.09911490
    0.03188507
    0.02001187
   -0.09838342
    0.03185887
    0.04036337
    0.03531789
   -0.02661713
    0.02282110
   -0.09831510
    0.03285041
    0.02029678
   -0.09733335
    0.03460355
    0.03481808
    0.03200869
   -0.09663221
    0.03214397
    0.03363268
    0.03164724
   -0.11595715
    0.05445460
    0.05426892
    0.06146899
   -0.08630613
    0.17196416
    0.03664580
    0.07529645
    0.06800430
   -0.12585934
   -0.00154925
    0.06485579
   -0.11605292
    0.05455655
    0.05426291
    0.06209093
   -0.08651609
    0.17152009
    0.03688899
    0.07491296
    0.06765577
   -0.12566678
   -0.00123563
    0.06506828
