    0.44063133
   -0.23393140
   -0.20981488
   -0.20447716
   -0.22863624
    0.04776431
   -0.03202274
   -0.03314590
    0.04618841
    0.05070888
   -0.02220160
   -0.03048247
    0.05845251
    0.05636098
   -0.01876949
   -0.03175858
    0.05642378
    0.04943290
   -0.03136930
   -0.03166732
    0.04848912
   -0.07457580
    0.03414126
   -0.07513861
    0.03424046
   -0.06351597
    0.03846793
   -0.07132065
    0.03501911
   -0.09840090
    0.03363629
    0.03372482
    0.03562461
   -0.09849781
    0.03510847
    0.03516224
    0.03342731
   -0.10018563
    0.03561967
    0.03484956
    0.04349475
   -0.02646432
    0.02675292
   -0.09726510
    0.03331945
    0.02339191
   -0.10101055
    0.03718012
    0.03768902
    0.04360549
   -0.02678341
    0.02525094
   -0.09743690
    0.03431543
    0.02289567
   -0.09875772
    0.03597030
    0.03589852
    0.03369452
   -0.09849057
    0.03382026
    0.03534966
    0.03460514
   -0.48056812
    0.32132602
    0.32135546
   -0.11792552
    0.05675128
    0.05650805
    0.06392241
   -0.08412175
    0.17430418
    0.03851618
    0.07275884
    0.06983551
   -0.13164638
   -0.00310428
    0.06750110
