           1           2  0.58519676720162106     
           1           3  0.59597220535174544     
           1           4  0.59709602377745730     
           1           5  0.58540186205108169     
           2           6   1.2460104241806349     
           6           7   1.1370303959216832     
           7           8   1.5978871252825031     
           2           9   1.2384614122270889     
           8           9   1.1368775437851251     
           3          10   1.2417059127722561     
          10          11   1.1525389381866498     
          11          12   1.5351405814942252     
           3          13   1.2571634406685244     
          12          13   1.1137229618119868     
           4          14   1.2418055701818693     
          14          15   1.1502563077727943     
          15          16   1.5368075967057711     
           4          17   1.2596319834014134     
          16          17   1.1125640344059062     
           5          18   1.2439207939325689     
          18          19   1.1356896245299435     
          19          20   1.5991805167391724     
           5          21   1.2437505933601101     
          20          21   1.1356603656892210     
           6          22   1.3550253776580510     
          21          22   1.3591422745565978     
          22          23  0.96213870630764287     
           9          24   1.3638934555485391     
          10          24   1.3448292020060626     
          24          25  0.96082248490563182     
          13          26   1.3631287073980825     
          14          26   1.3502257062157135     
          26          27  0.95846643553241506     
          17          28   1.3560953905340427     
          18          28   1.3570646767901573     
          28          29  0.96023823558727028     
           8          30   1.0289337434556451     
          30          31  0.98046737374837489     
          30          32  0.97335911230829952     
          30          33  0.97314639690960547     
           7          34   1.0291508054778484     
          34          35  0.97311212174474215     
          34          36  0.97315964823751522     
          34          37  0.98047825035150893     
          11          38   1.0326895040962518     
          38          39  0.97637554412800187     
          38          40  0.96825021668722755     
          38          41  0.97728942608063774     
          12          42   1.1045576973401525     
          42          43  0.95814146629206554     
          42          44   1.8870125227387833     
          44          45  0.97582247033430547     
          44          46  0.97931014090022483     
          15          47   1.0335930090960421     
          47          48  0.97564731358253054     
          47          49  0.96759911056806369     
          47          50  0.97747898214060336     
          16          51   1.1040077667168695     
          51          52  0.95843824064155780     
          51          53   1.8872597446998753     
          53          54  0.97580222896203450     
          53          55  0.97931626669008098     
          19          56   1.0294090286053588     
          56          57  0.97298343127662512     
          56          58  0.97290581869571291     
          56          59  0.98046876871261390     
          20          60   1.0291294101051294     
          60          61  0.98047315157031334     
          60          62  0.97309147266979179     
          60          63  0.97326672169104933     
           1          64  0.26250198819211579     
          64          65  0.88388377169082266     
          64          66  0.88385876747940850     
          67          68  0.97106490081266938     
          67          69  0.97087540022242924     
          67          70  0.98185555860842166     
          71          72  0.94119639153135948     
          67          73   1.0317341814416316     
          71          73   1.1887390202414916     
          71          74   1.2622458297072607     
          73          74  0.11222007961019469     
          74          75  0.95385177183934311     
           1          76  0.50961467879445366     
          74          76   1.4790716259177044     
          73          77   1.5599864743647562     
          76          77   1.2462639155964246     
          77          78  0.95863750255179958     
