    0.42767834
   -0.21808462
   -0.22442176
   -0.22314370
   -0.21700848
    0.05492433
   -0.02838970
   -0.03002500
    0.05269808
    0.04973469
   -0.03306366
   -0.03079685
    0.05313113
    0.05542045
   -0.03391620
   -0.02413060
    0.05195774
    0.05693074
   -0.03471677
   -0.02466490
    0.05352468
   -0.06767401
    0.03625288
   -0.07433252
    0.03349144
   -0.07179406
    0.03177440
   -0.07281273
    0.03688884
   -0.09865195
    0.03474265
    0.03812997
    0.03402453
   -0.09812206
    0.03769808
    0.03288638
    0.03405680
   -0.09905629
    0.03756896
    0.03591599
    0.03647486
   -0.02634124
    0.02468035
   -0.09649815
    0.03184301
    0.02362051
   -0.09928482
    0.03582650
    0.03412994
    0.04133106
   -0.02730029
    0.02328605
   -0.09705327
    0.03370926
    0.02192808
   -0.09763317
    0.03586485
    0.03454420
    0.03303260
   -0.09784427
    0.03343698
    0.03276433
    0.03588958
   -0.11710778
    0.05581073
    0.05603524
    0.06327505
   -0.08489834
    0.17360524
    0.03776645
    0.07411512
    0.06953946
   -0.13029994
   -0.00206229
    0.06611804
   -0.10810189
    0.04533298
    0.05765861
    0.04836691
   -0.02067578
    0.05774871
    0.05064231
   -0.06092424
   -0.07207553
    0.06400263
    0.05904100
    0.07205516
