           1           2  0.59095402056360147     
           1           3  0.58968644739915344     
           1           4  0.58484494035230061     
           1           5  0.58655896264693030     
           2           6   1.2552027748167454     
           6           7   1.1287379262495314     
           7           8   1.6074271448851172     
           2           9   1.2460722312674066     
           8           9   1.1283695126863513     
           3          10   1.2443626384110051     
          10          11   1.1551858825268027     
          11          12   1.5316010837630130     
           3          13   1.2574742186919627     
          12          13   1.1137327529247345     
           4          14   1.2401918494451718     
          14          15   1.1602873063896577     
          15          16   1.5236311430944800     
           4          17   1.2591275072770050     
          16          17   1.1188252940165493     
           5          18   1.2479699956283967     
          18          19   1.1331280503170584     
          19          20   1.6015535971196624     
           5          21   1.2508159639268013     
          20          21   1.1331102863269285     
           6          22   1.3551807266339559     
          21          22   1.3554571963136217     
          22          23  0.96243832048033262     
           9          24   1.3632556047145048     
          10          24   1.3381935622192374     
          24          25  0.96102879631173144     
          13          26   1.3638600736853430     
          14          26   1.3426686381689656     
          26          27  0.95872500015788409     
          17          28   1.3488952252057824     
          18          28   1.3540151373516922     
          28          29  0.96057929123480268     
           8          30   1.0285057063062382     
          30          31  0.98059852867507957     
          30          32  0.97360521373177322     
          30          33  0.97362618360967335     
           7          34   1.0288593835850373     
          34          35  0.97337237234964624     
          34          36  0.97345097590002383     
          34          37  0.98061646599940200     
          11          38   1.0321462612287788     
          38          39  0.96839947655636605     
          38          40  0.97671085214544751     
          38          41  0.97757325668252182     
          12          42   1.1067009692482628     
          42          43  0.95849996569476326     
          42          44   1.8837772948569731     
          44          45  0.97589562391225226     
          44          46  0.97947395739926035     
          15          47   1.0325707682585872     
          47          48  0.96806416817643925     
          47          49  0.97647524035194744     
          47          50  0.97759933343441319     
          16          51   1.1080068989043768     
          51          52  0.95877803315945476     
          51          53   1.8817641739876181     
          53          54  0.97591545271550773     
          53          55  0.97952102435029420     
          19          56   1.0281795294011808     
          56          57  0.97387256154108481     
          56          58  0.97371322170565444     
          56          59  0.98060749946718362     
          20          60   1.0287811659705077     
          60          61  0.97341454863534937     
          60          62  0.98064234322584742     
          60          63  0.97347962484593087     
          64          65  0.97138037111626807     
          64          66  0.97166155200933979     
          64          67  0.98223150343540455     
          68          69  0.94195581209990664     
          64          70   1.0312424499792634     
          68          70   1.1868702728432292     
          68          71   1.2625782346134322     
          70          71  0.11256166623266803     
          71          72  0.95472853401609215     
           1          73  0.48969131518960152     
          71          73   1.4876282569722967     
          70          74   1.5616316995229713     
          73          74   1.2509354848361758     
          74          75  0.95989437008769152     
          76          77  0.97154530898427016     
          76          78  0.97148207513339724     
          76          79  0.98221973579954769     
          80          81  0.94199017541011620     
          76          82   1.0312608241137777     
          80          82   1.1868901701575805     
          80          83   1.2621422878511226     
          82          83  0.11264478088644296     
          83          84  0.95481528059630472     
           1          85  0.48976922931104350     
          83          85   1.4875466229361007     
          82          86   1.5616135618115874     
          85          86   1.2510024853387620     
          86          87  0.95990728451563967     
