    0.46559240
   -0.21732190
   -0.24611977
   -0.24456199
   -0.21943127
    0.05720774
   -0.02684030
   -0.02865002
    0.05491293
    0.05077358
   -0.02328790
   -0.03389199
    0.04925163
    0.04839308
   -0.02223040
   -0.03103417
    0.05407658
    0.05484748
   -0.02616610
   -0.02541608
    0.05907993
   -0.06403365
    0.04143567
   -0.07138713
    0.03630464
   -0.07775534
    0.03391664
   -0.07075376
    0.03881088
   -0.09978901
    0.03612540
    0.03864313
    0.03601546
   -0.10035216
    0.03734385
    0.03999018
    0.03602506
   -0.10102266
    0.03711295
    0.03637332
    0.04308059
   -0.02845683
    0.02498284
   -0.09530927
    0.03565101
    0.02509088
   -0.10071726
    0.03579148
    0.03792233
    0.04387409
   -0.02773716
    0.02770562
   -0.09527642
    0.03580014
    0.02580943
   -0.10014834
    0.03939478
    0.03795229
    0.03673947
   -0.10051900
    0.03891877
    0.03675032
    0.03932909
   -0.47906353
    0.32493534
    0.32532871
   -0.07594872
    0.07097607
    0.07425779
    0.07604882
   -0.11171254
    0.16636230
