           1           2  0.57734114056067298     
           1           3  0.57567258938472954     
           1           4  0.57485095306441858     
           1           5  0.57836507879682797     
           2           6   1.2430386018836561     
           6           7   1.1315186425459134     
           7           8   1.6021375606912087     
           2           9   1.2513804978606391     
           8           9   1.1327624994311203     
           3          10   1.2479648378454622     
          10          11   1.1321429928052369     
          11          12   1.6036737947340749     
           3          13   1.2468325309116211     
          12          13   1.1319044087212844     
           4          14   1.2578920750119085     
          14          15   1.1171901974689955     
          15          16   1.5308001559521980     
           4          17   1.2420216536553201     
          16          17   1.1558099147287983     
           5          18   1.2572147766152504     
          18          19   1.1129263049836395     
          19          20   1.5366931951487979     
           5          21   1.2429313874098034     
          20          21   1.1520157209726711     
           6          22   1.3610789229160885     
          21          22   1.3450440872737701     
          22          23  0.96054575562617805     
           9          24   1.3529140596710703     
          10          24   1.3564611406246996     
          24          25  0.96235156765722296     
          13          26   1.3558183861062094     
          14          26   1.3525020966874848     
          26          27  0.96048293812415220     
          17          28   1.3454878186068300     
          18          28   1.3648311775356730     
          28          29  0.95860884712466576     
           7          30   1.0289501208481078     
          30          31  0.97362177412160122     
          30          32  0.97288340330929080     
          30          33  0.98048412268722929     
           8          34   1.0292370295431847     
          34          35  0.97266315442939688     
          34          36  0.97362115579429798     
          34          37  0.98051376505155985     
          20          38   1.0329924847344913     
          38          39  0.96757625171178285     
          38          40  0.97623338504182067     
          38          41  0.97756699904257482     
          19          42   1.1041480756809847     
          42          43  0.95819496153897399     
          42          44   1.8874061089181995     
          44          45  0.97568954974698885     
          44          46  0.97929525639115667     
          16          47   1.0331228969932873     
          47          48  0.96753018470974883     
          47          49  0.97629971579826980     
          47          50  0.97761438143692159     
          15          51   1.1043640144892217     
          51          52  0.95863679972152682     
          51          53   1.8867047225962092     
          53          54  0.97580569060324263     
          53          55  0.97934754606103169     
          12          56   1.0290579576152026     
          56          57  0.97399802542031744     
          56          58  0.97237423694925140     
          56          59  0.98047218972227201     
          11          60   1.0290626873430444     
          60          61  0.98053326829096177     
          60          62  0.97263295924920612     
          60          63  0.97379759734178961     
          64          65  0.97106822250922853     
          64          66  0.97114648123157110     
          64          67  0.98198012365451470     
          68          69  0.94132913370046023     
          64          70   1.0316441627626938     
          68          70   1.1881536677760645     
          68          71   1.2633000611840628     
          70          71  0.11258415656870499     
          71          72  0.95377018848396689     
           1          73  0.49379386557236071     
          71          73   1.4810453246328186     
          70          74   1.5596581470201034     
          73          74   1.2481281978232643     
          74          75  0.95903243074930566     
          76          77  0.98029608968841397     
          76          78  0.97929874153332963     
          76          79  0.98636898412614227     
          76          80   1.0263229129157572     
          80          81  0.96806681403875561     
          80          82  0.97318339091182349     
           1          83  0.39737256145756622     
          80          83  0.96200308670848667     
          83          84  0.99600608384324429     
          84          85  0.97703919508830772     
          84          86  0.98070634951762947     
          84          87  0.97548074403758422     
