    0.42854857
   -0.22335083
   -0.22475714
   -0.21792023
   -0.21734874
    0.04963486
   -0.03311038
   -0.03094454
    0.05306043
    0.05201752
   -0.03177743
   -0.03269708
    0.05156891
    0.05539576
   -0.03481297
   -0.02168457
    0.05351267
    0.05827378
   -0.03058917
   -0.02154174
    0.05304549
   -0.07336099
    0.03367045
   -0.07202293
    0.03241777
   -0.07309532
    0.03111451
   -0.06677929
    0.03593847
   -0.09789178
    0.03250175
    0.03638345
    0.03346794
   -0.09782435
    0.03543360
    0.03455138
    0.03306301
   -0.09995197
    0.03943072
    0.03236208
    0.04187076
   -0.02630587
    0.02382713
   -0.09633059
    0.03568345
    0.02317638
   -0.09977032
    0.03795615
    0.03451201
    0.04183891
   -0.02732965
    0.02311146
   -0.09722424
    0.03428682
    0.02236321
   -0.09719093
    0.03426114
    0.03442151
    0.03286896
   -0.09738073
    0.03294386
    0.03485659
    0.03384637
   -0.11704621
    0.05615884
    0.05571849
    0.06311421
   -0.08477123
    0.17372905
    0.03777196
    0.07425554
    0.06943568
   -0.13037647
   -0.00209000
    0.06639820
   -0.10811665
    0.04496663
    0.05777151
    0.04880191
   -0.02122929
    0.05776103
    0.05057886
   -0.05951205
   -0.07242183
    0.06416036
    0.05926141
    0.07145598
