    0.44047871
   -0.20997638
   -0.22646027
   -0.22797608
   -0.21216999
    0.05300934
   -0.02948036
   -0.02911991
    0.05292734
    0.05065625
   -0.02218381
   -0.03485436
    0.05104607
    0.04875015
   -0.02411783
   -0.03304251
    0.05279903
    0.05235384
   -0.02909763
   -0.02990877
    0.05276323
   -0.06982214
    0.03715370
   -0.06914585
    0.03648893
   -0.07550540
    0.03250639
   -0.07005428
    0.03585163
   -0.09898579
    0.03445728
    0.03722487
    0.03535334
   -0.09902540
    0.03350215
    0.03877327
    0.03449522
   -0.10067124
    0.03497409
    0.04216134
    0.03708561
   -0.02766566
    0.02310199
   -0.09715156
    0.03428577
    0.02260542
   -0.09986614
    0.03685179
    0.03374712
    0.04189790
   -0.02748940
    0.02453782
   -0.09683775
    0.03442526
    0.02277236
   -0.09885733
    0.03569557
    0.03736381
    0.03432627
   -0.09896591
    0.03454606
    0.03862869
    0.03331542
   -0.48073257
    0.32123516
    0.32133672
   -0.11783419
    0.05684894
    0.05631983
    0.06399622
   -0.08386509
    0.17425960
    0.03838254
    0.07258375
    0.07004663
   -0.13160894
   -0.00280304
    0.06735316
