           1           2  0.58526872582018596     
           1           3  0.58407230071008853     
           1           4  0.59641240226796455     
           1           5  0.59759146606368241     
           2           6   1.2471402814105153     
           6           7   1.1373669393729879     
           7           8   1.5979336609862347     
           2           9   1.2373055260846582     
           8           9   1.1363418663482641     
           3          10   1.2350723789831661     
          10          11   1.1625550018281117     
          11          12   1.5246363489662496     
           3          13   1.2503667194012285     
          12          13   1.1226643343136511     
           4          14   1.2398780252731669     
          14          15   1.1498969806656316     
          15          16   1.5373391977387607     
           4          17   1.2618518220306392     
          16          17   1.1128538422403773     
           5          18   1.2507423484633566     
          18          19   1.1261035541393889     
          19          20   1.6099608323878101     
           5          21   1.2496795459245549     
          20          21   1.1262995851258171     
           6          22   1.3536134842556047     
          21          22   1.3622718745171083     
          22          23  0.96201489291552789     
           9          24   1.3652560239042237     
          10          24   1.3414422776484398     
          24          25  0.96079791495561739     
          13          26   1.3604943526748334     
          14          26   1.3517634515788919     
          26          27  0.95857462044618369     
          17          28   1.3544234006100124     
          18          28   1.3602900618087472     
          28          29  0.96003332480350623     
           8          30   1.0287529339189732     
          30          31  0.98044438044442406     
          30          32  0.97333363718596333     
          30          33  0.97344060878469973     
           7          34   1.0293627062835076     
          34          35  0.97282519631376729     
          34          36  0.97313663144355911     
          34          37  0.98049109960967573     
          11          38   1.0322701190461594     
          38          39  0.97669103205087249     
          38          40  0.96825310402966480     
          38          41  0.97734384556447718     
          12          42   1.1047402634634771     
          42          43  0.95834732816077728     
          42          44   1.8866088530118090     
          44          45  0.97579657813727549     
          44          46  0.97932985959004260     
          15          47   1.0332963692044166     
          47          48  0.97595293011079909     
          47          49  0.96774726164344549     
          47          50  0.97748177327370855     
          16          51   1.1036677255528198     
          51          52  0.95825282428000436     
          51          53   1.8878385029751643     
          53          54  0.97578105340588217     
          53          55  0.97929257235637934     
          19          56   1.0298934642569579     
          56          57  0.97249043839292149     
          56          58  0.97295541814563080     
          56          59  0.98042183457689491     
          20          60   1.0295384103656950     
          60          61  0.98042435959770313     
          60          62  0.97318112966211223     
          60          63  0.97283867353299014     
           1          64  0.26212780170038286     
          64          65  0.88385109687409280     
          64          66  0.88409506341627708     
          67          68  0.97096574878816377     
          67          69  0.97094939925126522     
          67          70  0.98183814574732953     
          71          72  0.94121561667115961     
          67          73   1.0317157820753176     
          71          73   1.1887685696347905     
          71          74   1.2620875589095915     
          73          74  0.11199421838673199     
          74          75  0.95480332374391375     
           1          76  0.50940398782328422     
          74          76   1.4798700556288684     
          73          77   1.5603115373575680     
          76          77   1.2457670347769305     
          77          78  0.95765034259924242     
