           1           2  0.59741450970126597     
           1           3  0.59664000109958615     
           1           4  0.58508171489835192     
           1           5  0.58616154639571716     
           2           6   1.2525711720276147     
           6           7   1.1277485898715502     
           7           8   1.6084584924054319     
           2           9   1.2449824992005649     
           8           9   1.1275618596209036     
           3          10   1.2438740924937404     
          10          11   1.1527579382717315     
          11          12   1.5348004249222726     
           3          13   1.2548125839683730     
          12          13   1.1131909398837045     
           4          14   1.2348551214259851     
          14          15   1.1608381038348290     
          15          16   1.5260000585271190     
           4          17   1.2534430100959439     
          16          17   1.1213464855303490     
           5          18   1.2426695591467554     
          18          19   1.1352530841154986     
          19          20   1.5992356475744234     
           5          21   1.2444002588974985     
          20          21   1.1359857794991373     
           6          22   1.3573712901026200     
          21          22   1.3583641799567494     
          22          23  0.96202569478762145     
           9          24   1.3673596043387743     
          10          24   1.3432171992230042     
          24          25  0.96058639536617174     
          13          26   1.3654480322605926     
          14          26   1.3466749248563117     
          26          27  0.95850900528624028     
          17          28   1.3531514251526306     
          18          28   1.3582327982751359     
          28          29  0.96024196761444003     
           8          30   1.0294198076147427     
          30          31  0.97266935564558155     
          30          32  0.98042581053139621     
          30          33  0.97339700674782559     
           7          34   1.0295552975970690     
          34          35  0.97270216232402129     
          34          36  0.97323890680457881     
          34          37  0.98043241386564473     
          11          38   1.0329811263126181     
          38          39  0.97608895081526659     
          38          40  0.96810540842921489     
          38          41  0.97725922454032255     
          12          42   1.1049832012463876     
          42          43  0.95832749946160245     
          42          44   1.8863397518529277     
          44          45  0.97583805459668871     
          44          46  0.97933404006163349     
          15          47   1.0331429883201075     
          47          48  0.97605089692807467     
          47          49  0.96758898725523990     
          47          50  0.97750681890811164     
          16          51   1.1043453000298498     
          51          52  0.95861662992293384     
          51          53   1.8866685879733387     
          53          54  0.97578119070513003     
          53          55  0.97934093973464242     
          19          56   1.0291965304147666     
          56          57  0.97326839216392691     
          56          58  0.97291786140509484     
          56          59  0.98044865124392988     
          20          60   1.0293331841741877     
          60          61  0.98048800695580007     
          60          62  0.97310205452306220     
          60          63  0.97295396757025121     
           1          64  0.26226800649576826     
          64          65  0.88385354342755962     
          64          66  0.88403882045009774     
          67          68  0.97093867859820748     
          67          69  0.97099512418000056     
          67          70  0.98186051066692470     
          71          72  0.94114480971011205     
          67          73   1.0317746592014991     
          71          73   1.1887213184970318     
          71          74   1.2627089713463997     
          73          74  0.11246328724829351     
          74          75  0.95286096136889897     
           1          76  0.50882472568379711     
          74          76   1.4787223326189252     
          73          77   1.5596084848914296     
          76          77   1.2470322202891249     
          77          78  0.95963458999679907     
