           1           2  0.58540968744364641     
           1           3  0.58380347543590916     
           1           4  0.59617328361525856     
           1           5  0.59783510241610505     
           2           6   1.2472087165221724     
           6           7   1.1372860872425741     
           7           8   1.5980303057025262     
           2           9   1.2373386118092426     
           8           9   1.1362492013019012     
           3          10   1.2350462230537440     
          10          11   1.1626817040807809     
          11          12   1.5244480201247945     
           3          13   1.2503410300100695     
          12          13   1.1227171172676200     
           4          14   1.2398096134953234     
          14          15   1.1500469884719811     
          15          16   1.5371599922967867     
           4          17   1.2617998340697316     
          16          17   1.1129682020701013     
           5          18   1.2507978354188833     
          18          19   1.1259762888527405     
          19          20   1.6101064806133183     
           5          21   1.2497598187331687     
          20          21   1.1261729204441031     
           6          22   1.3536337365923952     
          21          22   1.3623092151106859     
          22          23  0.96201043860353630     
           9          24   1.3652652060382904     
          10          24   1.3414179108101880     
          24          25  0.96077103290005139     
          13          26   1.3604962601596617     
          14          26   1.3516877627882784     
          26          27  0.95855974835183344     
          17          28   1.3543848280938631     
          18          28   1.3603321536407791     
          28          29  0.96002299262982682     
           8          30   1.0287517703965778     
          30          31  0.98044231173738861     
          30          32  0.97332143014361694     
          30          33  0.97345316953575589     
           7          34   1.0293766555737085     
          34          35  0.97280624051713538     
          34          36  0.97314125479038593     
          34          37  0.98049032698901351     
          11          38   1.0322808980170894     
          38          39  0.97670448848416280     
          38          40  0.96823405862033063     
          38          41  0.97731803593245614     
          12          42   1.1048678433144354     
          42          43  0.95835388245085729     
          42          44   1.8864705676110749     
          44          45  0.97579263990298926     
          44          46  0.97933398565901020     
          15          47   1.0332844055211876     
          47          48  0.97597783527228710     
          47          49  0.96774375602967733     
          47          50  0.97747328299856018     
          16          51   1.1037358031134670     
          51          52  0.95825606345750358     
          51          53   1.8877679375944343     
          53          54  0.97578173841090399     
          53          55  0.97929386662285678     
          19          56   1.0298946948395613     
          56          57  0.97248500356956113     
          56          58  0.97296063133308630     
          56          59  0.98041941418426382     
          20          60   1.0295537997407094     
          60          61  0.98042228716257407     
          60          62  0.97318411236178004     
          60          63  0.97281912609779742     
           1          64  0.26215435748775773     
          64          65  0.88380666067808911     
          64          66  0.88412653366891136     
          67          68  0.97101768471437444     
          67          69  0.97089626449202537     
          67          70  0.98183805387385947     
          71          72  0.94121217686762959     
          67          73   1.0317166114260765     
          71          73   1.1887729225990855     
          71          74   1.2621087721664592     
          73          74  0.11199168066756492     
          74          75  0.95479987884213025     
           1          76  0.50939721457984777     
          74          76   1.4798654845386001     
          73          77   1.5603071244765818     
          76          77   1.2457699962257602     
          77          78  0.95766604193169602     
