    0.44069872
   -0.23352170
   -0.23299794
   -0.20510789
   -0.20572816
    0.04918524
   -0.03098362
   -0.03399981
    0.04506438
    0.04553930
   -0.02560904
   -0.03360490
    0.05238660
    0.05373815
   -0.01997900
   -0.03082603
    0.05897019
    0.05586784
   -0.02811183
   -0.02862314
    0.05345969
   -0.07010047
    0.03658478
   -0.07954945
    0.03182605
   -0.06918603
    0.03594245
   -0.06573406
    0.03760868
   -0.09795603
    0.03361591
    0.03344351
    0.03448264
   -0.09896390
    0.03627763
    0.03559896
    0.03351668
   -0.09964701
    0.03366534
    0.03464386
    0.04202119
   -0.02745468
    0.02479229
   -0.09698580
    0.03343797
    0.02301404
   -0.10050584
    0.03562711
    0.03739985
    0.04348940
   -0.02679543
    0.02676762
   -0.09733726
    0.03411592
    0.02316475
   -0.09930673
    0.03873443
    0.03580080
    0.03459101
   -0.09902262
    0.03476734
    0.03533435
    0.03697874
   -0.48077868
    0.32133630
    0.32127711
   -0.11804114
    0.05687614
    0.05657294
    0.06403177
   -0.08432831
    0.17430638
    0.03873603
    0.07302784
    0.06960422
   -0.13164911
   -0.00324952
    0.06776301
