    0.44067875
   -0.23364559
   -0.23284193
   -0.20494697
   -0.20588554
    0.04911020
   -0.03101309
   -0.03399966
    0.04508950
    0.04552079
   -0.02561150
   -0.03357848
    0.05244817
    0.05379052
   -0.01996354
   -0.03080835
    0.05898254
    0.05585060
   -0.02812592
   -0.02865410
    0.05339073
   -0.07020630
    0.03653590
   -0.07954196
    0.03183609
   -0.06909378
    0.03598573
   -0.06573730
    0.03759550
   -0.09795396
    0.03360247
    0.03343482
    0.03448904
   -0.09895138
    0.03624842
    0.03558171
    0.03350689
   -0.09965348
    0.03366097
    0.03465185
    0.04202168
   -0.02744415
    0.02482194
   -0.09697409
    0.03344189
    0.02302340
   -0.10051828
    0.03565839
    0.03740255
    0.04347471
   -0.02677300
    0.02677498
   -0.09731827
    0.03411224
    0.02317378
   -0.09930462
    0.03872878
    0.03579692
    0.03457997
   -0.09901229
    0.03694677
    0.03475623
    0.03532625
   -0.48071999
    0.32135309
    0.32125314
   -0.11803930
    0.05690584
    0.05653998
    0.06402899
   -0.08433509
    0.17430105
    0.03874020
    0.07301772
    0.06959378
   -0.13163639
   -0.00325543
    0.06777825
