           1           2  0.58318560969106392     
           1           3  0.56659210703964868     
           1           4  0.56796230208711984     
           1           5  0.58227382440457376     
           2           6   1.2560663513330479     
           6           7   1.1261934819107886     
           7           8   1.6106848654815558     
           2           9   1.2442716168142736     
           8           9   1.1254954901783911     
           3          10   1.2350152909951682     
          10          11   1.1626891773024177     
          11          12   1.5267348491217643     
           3          13   1.2467163482932042     
          12          13   1.1240129978943929     
           4          14   1.2334637556091341     
          14          15   1.1602598046948609     
          15          16   1.5337538248746183     
           4          17   1.2513104065356018     
          16          17   1.1240345135470640     
           5          18   1.2491291032685448     
          18          19   1.1235682496274622     
          19          20   1.6128627540395828     
           5          21   1.2523011854589581     
          20          21   1.1240664156248634     
           6          22   1.3570355296608247     
          21          22   1.3628689791312136     
          22          23  0.96155025616331680     
           9          24   1.3703674950359686     
          10          24   1.3413934800727558     
          24          25  0.96054606549631860     
          13          26   1.3625435300627189     
          14          26   1.3482525802037182     
          26          27  0.96011290098889890     
          17          28   1.3530301995600547     
          18          28   1.3657841481582107     
          28          29  0.95784040084012534     
           8          30   1.0300817796206663     
          30          31  0.98023467056927560     
          30          32  0.97293784088438318     
          30          33  0.97229391234830664     
           7          34   1.0305350056587328     
          34          35  0.97259549720073624     
          34          36  0.97196671323691020     
          34          37  0.98030181046289477     
          11          38   1.0331959589990336     
          38          39  0.97638313661021403     
          38          40  0.96723803058611113     
          38          41  0.97728766469304584     
          12          42   1.1021000555390645     
          42          43  0.95860361730506427     
          42          44   1.8898423949668728     
          44          45  0.97562548089053580     
          44          46  0.97918339464443305     
          15          47   1.0317134734030320     
          47          48  0.97261018368773589     
          47          49  0.97033630478778743     
          47          50  0.98223640494035613     
          16          51   1.0937611383797090     
          51          52  0.95760238762043370     
          51          53   1.8992996244347065     
          53          54  0.97507208056822670     
          53          55  0.97889760974857110     
          19          56   1.0308350914484385     
          56          57  0.97223904773028935     
          56          58  0.97196945029167503     
          56          59  0.98023807955735864     
          20          60   1.0306349478327363     
          60          61  0.97272473990955022     
          60          62  0.98028477228006383     
          60          63  0.97187861324809655     
           1          64  0.27428859280038081     
          64          65  0.88004800958400531     
          64          66  0.88026940152629507     
          67          68  0.98100267124833107     
          67          69  0.97864059515823554     
          67          70  0.97444012679824876     
           1          71  0.43936650350364220     
          67          71  0.99315362125411710     
          71          72  0.94173696765639092     
