    0.39291819
   -0.21580597
   -0.20435872
   -0.20316604
   -0.21421599
    0.04617138
   -0.03519866
   -0.03140259
    0.05099449
    0.05218314
   -0.03053262
   -0.03219580
    0.05194022
    0.05509450
   -0.03475922
   -0.02149141
    0.05268735
    0.05624283
   -0.03353613
   -0.02980242
    0.04625979
   -0.07976854
    0.02868811
   -0.06931407
    0.03316105
   -0.07226129
    0.03067037
   -0.06793355
    0.03875932
   -0.09625519
    0.03168830
    0.03211393
    0.03187226
   -0.09730754
    0.03421237
    0.03429453
    0.03165795
   -0.09694069
    0.03280806
    0.03258501
    0.03497609
   -0.02586806
    0.02300130
   -0.09691082
    0.03132947
    0.02193888
   -0.09935703
    0.03429878
    0.03584098
    0.04115863
   -0.02685746
    0.02218035
   -0.09879789
    0.03252435
    0.01997711
   -0.09696768
    0.03363380
    0.03423290
    0.03205318
   -0.09735807
    0.03233770
    0.03412506
    0.03398813
   -0.11610807
    0.05438786
    0.05415878
    0.06224162
   -0.08668067
    0.17134179
    0.03676395
    0.07487273
    0.06748037
   -0.12599738
   -0.00148361
    0.06519943
   -0.11605292
    0.05413172
    0.05456145
    0.06201958
   -0.08655559
    0.17148564
    0.03685669
    0.07532381
    0.06720914
   -0.12529325
   -0.00140594
    0.06530648
