    0.39299330
   -0.21584827
   -0.20437202
   -0.20317164
   -0.21418896
    0.04616864
   -0.03519581
   -0.03140848
    0.05099703
    0.05217640
   -0.03053763
   -0.03220361
    0.05193321
    0.05509594
   -0.03476180
   -0.02150060
    0.05267674
    0.05623280
   -0.03354123
   -0.02981125
    0.04624926
   -0.07976025
    0.02868698
   -0.06931982
    0.03315838
   -0.07227973
    0.03067652
   -0.06792068
    0.03874222
   -0.09625665
    0.03168782
    0.03210869
    0.03187305
   -0.09730536
    0.03420738
    0.03429785
    0.03165239
   -0.09694806
    0.03281036
    0.03258720
    0.03498320
   -0.02586268
    0.02300256
   -0.09690752
    0.03132148
    0.02194158
   -0.09934730
    0.03431408
    0.03584199
    0.04110986
   -0.02684299
    0.02218983
   -0.09876927
    0.03254082
    0.02000703
   -0.09697933
    0.03364328
    0.03424279
    0.03205393
   -0.09737439
    0.03234754
    0.03413303
    0.03399093
   -0.11610587
    0.05438664
    0.05415629
    0.06223772
   -0.08669265
    0.17134084
    0.03676823
    0.07487852
    0.06747943
   -0.12599874
   -0.00148864
    0.06519811
   -0.11605312
    0.05413041
    0.05456275
    0.06201992
   -0.08654676
    0.17148403
    0.03685101
    0.07531370
    0.06721191
   -0.12530096
   -0.00140659
    0.06531310
