    0.55169503
   -0.22143885
   -0.21022532
   -0.20947700
   -0.22054017
    0.05491404
   -0.01905596
   -0.01607774
    0.06137875
    0.06254589
   -0.01468316
   -0.01614734
    0.06106659
    0.06402341
   -0.01921991
   -0.00732552
    0.06214749
    0.06538266
   -0.01848089
   -0.01476726
    0.05511874
   -0.07472601
    0.05548196
   -0.06475909
    0.06002526
   -0.06754163
    0.05640557
   -0.06326398
    0.06293860
   -0.10722711
    0.04845829
    0.04902378
    0.05146633
   -0.10810516
    0.05094511
    0.05112339
    0.05123027
   -0.10772730
    0.05036362
    0.04935869
    0.05363626
   -0.02751831
    0.04504700
   -0.08741780
    0.04097978
    0.04712745
   -0.10957193
    0.04853986
    0.05499271
    0.05899300
   -0.02881859
    0.03782946
   -0.08612560
    0.04972951
    0.04644387
   -0.10778893
    0.05045893
    0.05082713
    0.05177726
   -0.10823433
    0.05190761
    0.05135827
    0.05095971
   -0.12433520
    0.07063035
    0.07075652
    0.07284099
   -0.07057852
    0.19135408
    0.04867216
    0.07941400
    0.07369148
   -0.14517110
   -0.00184823
    0.06871786
   -0.12431065
    0.07070558
    0.07083055
    0.07289934
   -0.07052215
    0.19145853
    0.04883899
    0.07979019
    0.07346321
   -0.14421422
   -0.00163238
    0.06911225
