           1           2  0.58059411091117252     
           1           3  0.57688405351772765     
           1           4  0.57395006025815676     
           1           5  0.57607684989038033     
           2           6   1.2467139295048588     
           6           7   1.1263661273251666     
           7           8   1.6098413592653684     
           2           9   1.2523560281592283     
           8           9   1.1273552931754436     
           3          10   1.2473890226481983     
          10          11   1.1327761510925847     
          11          12   1.6011001010439967     
           3          13   1.2476604582708171     
          12          13   1.1327562821499306     
           4          14   1.2584107587296467     
          14          15   1.1182157708486875     
          15          16   1.5308428805726528     
           4          17   1.2374941395442041     
          16          17   1.1569606483317743     
           5          18   1.2531830664301489     
          18          19   1.1158974104347024     
          19          20   1.5314340931181087     
           5          21   1.2455615161035574     
          20          21   1.1559205005422206     
           6          22   1.3693698495751283     
          21          22   1.3412288902492364     
          22          23  0.96071598056141849     
           9          24   1.3569013906282030     
          10          24   1.3528240643841820     
          24          25  0.96227008909325928     
          13          26   1.3571934709118687     
          14          26   1.3522270532212841     
          26          27  0.96012678273869756     
          17          28   1.3435399268022994     
          18          28   1.3613470852434608     
          28          29  0.95880878059279007     
           7          30   1.0297069603349511     
          30          31  0.97296583094305666     
          30          32  0.97277988159442952     
          30          33  0.98045580175043612     
           8          34   1.0292582096634268     
          34          35  0.97312735431202346     
          34          36  0.97318676643801527     
          34          37  0.98046739576536646     
          20          38   1.0329576670091094     
          38          39  0.97754509329666095     
          38          40  0.96764722751196175     
          38          41  0.97646877100395346     
          19          42   1.1048090981464485     
          42          43  0.95860681576534756     
          42          44   1.8861828360016755     
          44          45  0.97582934909813035     
          44          46  0.97935746129228629     
          16          47   1.0326303864024016     
          47          48  0.96815225622247814     
          47          49  0.97579394759103877     
          47          50  0.97779491161142573     
          15          51   1.1034748402907191     
          51          52  0.95816253454090672     
          51          53   1.8876546316237162     
          53          54  0.97584239427475838     
          53          55  0.97934337551604334     
          12          56   1.0294338272289028     
          56          57  0.98049585904226921     
          56          58  0.97254066005523154     
          56          59  0.97345383792641749     
          11          60   1.0289134723429509     
          60          61  0.98050821058616155     
          60          62  0.97376430764168664     
          60          63  0.97281447574105062     
          64          65  0.97116993472247981     
          64          66  0.97099821084562454     
          64          67  0.98194934208303764     
          68          69  0.94135593342871027     
          64          70   1.0316788895848554     
          68          70   1.1881132340510332     
          68          71   1.2632812861518956     
          70          71  0.11255192941501502     
          71          72  0.95369782966791117     
           1          73  0.49395986538317116     
          71          73   1.4810358901576954     
          70          74   1.5596602932767787     
          73          74   1.2481328442789854     
          74          75  0.95911413989506400     
          76          77  0.98022288738561991     
          76          78  0.97944029759786033     
          76          79  0.98641862026110139     
          76          80   1.0263516704777222     
          80          81  0.96802541718572954     
          80          82  0.97312397521042759     
           1          83  0.39556793834111514     
          80          83  0.96214564097698896     
          83          84  0.99617687210998795     
          84          85  0.97710951039303251     
          84          86  0.98072131341025992     
          84          87  0.97545967267161038     
