    0.44085198
   -0.21049956
   -0.20475970
   -0.22773276
   -0.23396974
    0.05052506
   -0.03055880
   -0.02802875
    0.05514424
    0.05621056
   -0.01897009
   -0.03187275
    0.05625302
    0.04956783
   -0.02341732
   -0.03394347
    0.05200440
    0.04784318
   -0.03192511
   -0.03307067
    0.04647327
   -0.07534482
    0.03448398
   -0.06431309
    0.03901099
   -0.07112644
    0.03487272
   -0.07389223
    0.03371302
   -0.09944783
    0.03515513
    0.03445292
    0.03916417
   -0.09853693
    0.03316339
    0.03727355
    0.03447689
   -0.10113059
    0.03491031
    0.03989526
    0.04273242
   -0.02675594
    0.02323857
   -0.09682956
    0.03572101
    0.02306224
   -0.10016804
    0.03416678
    0.03742815
    0.04201665
   -0.02747193
    0.02395205
   -0.09717249
    0.03444322
    0.02264914
   -0.09840133
    0.03520669
    0.03579769
    0.03345288
   -0.09840559
    0.03335209
    0.03369847
    0.03594601
   -0.48036274
    0.32125082
    0.32146409
   -0.11786096
    0.05668903
    0.05653864
    0.06386111
   -0.08419709
    0.17414794
    0.03850805
    0.07258769
    0.06994157
   -0.13142818
   -0.00302289
    0.06731852
