           1           2  0.58870204199734411     
           1           3  0.58844059410573102     
           1           4  0.58742934442344419     
           1           5  0.58791003954161436     
           2           6   1.2535290749916399     
           6           7   1.1306981670321854     
           7           8   1.6054806554465602     
           2           9   1.2458337767209628     
           8           9   1.1297037147878226     
           3          10   1.2459059324895871     
          10          11   1.1587112879323054     
          11          12   1.5318478406005958     
           3          13   1.2536699379461269     
          12          13   1.1165063319652253     
           4          14   1.2376289060373133     
          14          15   1.1578070656190573     
          15          16   1.5270974086552143     
           4          17   1.2631020107909889     
          16          17   1.1170563080143914     
           5          18   1.2501827005152251     
          18          19   1.1308675827803127     
          19          20   1.6039127488422602     
           5          21   1.2497025946497518     
          20          21   1.1316400581002084     
           6          22   1.3503240159648389     
          21          22   1.3534813288088667     
          22          23  0.96276049706715805     
           9          24   1.3677388507304573     
          10          24   1.3383412959016914     
          24          25  0.96240234336415931     
          13          26   1.3573139757775226     
          14          26   1.3427602002941179     
          26          27  0.95717581702963517     
          17          28   1.3513079868986606     
          18          28   1.3588659422020122     
          28          29  0.96039206658473897     
           8          30   1.0288089850153921     
          30          31  0.98064952426358998     
          30          32  0.97300838258339173     
          30          33  0.97387604304154007     
           7          34   1.0282201501620789     
          34          35  0.97411991791352304     
          34          36  0.97345550657107660     
          34          37  0.98065454987565137     
          11          38   1.0306447551271378     
          38          39  0.97345464761186995     
          38          40  0.97108591336295702     
          38          41  0.98238839463211225     
          12          42   1.1002238158429705     
          42          43  0.95810107853875759     
          42          44   1.8901025696324489     
          44          45  0.97524212295427248     
          44          46  0.97928561463942509     
          15          47   1.0321801516716067     
          47          48  0.97705144597470950     
          47          49  0.96824863891096413     
          47          50  0.97721680265065636     
          16          51   1.1079763568227938     
          51          52  0.95885178405603377     
          51          53   1.8825254988885671     
          53          54  0.97585397467936108     
          53          55  0.97950680235967902     
          19          56   1.0289873389030604     
          56          57  0.97293773740572642     
          56          58  0.97367973107911887     
          56          59  0.98061808418013796     
          20          60   1.0281966235008611     
          60          61  0.98064531319902126     
          60          62  0.97402134661287931     
          60          63  0.97362248343968005     
          64          65  0.97152304619779040     
          64          66  0.97161029721648562     
          64          67  0.98229061045556421     
          68          69  0.94192330173192995     
          64          70   1.0311923621560501     
          68          70   1.1868943429543135     
          68          71   1.2625144564293489     
          70          71  0.11264561814607185     
          71          72  0.95427676887559287     
           1          73  0.48913558500541704     
          71          73   1.4875012177274332     
          70          74   1.5616645766006867     
          73          74   1.2512220722571599     
          74          75  0.96010305332742807     
          76          77  0.97139614976734245     
          76          78  0.97161826940510643     
          76          79  0.98215855983210121     
          80          81  0.94205903759563103     
          76          82   1.0312899051907489     
          80          82   1.1868154867802228     
          80          83   1.2615285785775876     
          82          83  0.11279653801704793     
          83          84  0.95480658493379522     
           1          85  0.48976939726753327     
          83          85   1.4873053063056654     
          82          86   1.5617322409701717     
          85          86   1.2510450112612794     
          86          87  0.96023697689749399     
