           1           2  0.59752906772864012     
           1           3  0.59382106708657367     
           1           4  0.59008356934919826     
           1           5  0.58537782807685879     
           2           6   1.2518554241420303     
           6           7   1.1280487071717522     
           7           8   1.6084588753955238     
           2           9   1.2434974749864125     
           8           9   1.1276080589052977     
           3          10   1.2471815767611680     
          10          11   1.1534467467731930     
          11          12   1.5399889584221031     
           3          13   1.2523592253968823     
          12          13   1.1138561869723611     
           4          14   1.2348918502794188     
          14          15   1.1619154998017835     
          15          16   1.5296652041361194     
           4          17   1.2510433210540379     
          16          17   1.1216674516431524     
           5          18   1.2408949264299391     
          18          19   1.1355811331098471     
          19          20   1.5990742422185045     
           5          21   1.2453950775228377     
          20          21   1.1363292671855754     
           6          22   1.3579011456226364     
          21          22   1.3568723116277570     
          22          23  0.96215684394271184     
           9          24   1.3697657903595981     
          10          24   1.3400361032047585     
          24          25  0.96206359382043627     
          13          26   1.3658262775155769     
          14          26   1.3456252371481690     
          26          27  0.95825230453577448     
          17          28   1.3516550579126310     
          18          28   1.3598665913310215     
          28          29  0.95847458568336563     
           8          30   1.0294167045426064     
          30          31  0.98046839189721391     
          30          32  0.97286246533817844     
          30          33  0.97323420554475881     
           7          34   1.0294320354481006     
          34          35  0.97307476112506686     
          34          36  0.97301425835528776     
          34          37  0.98048351189046090     
          11          38   1.0311635118572151     
          38          39  0.97299646974752152     
          38          40  0.97095321933725431     
          38          41  0.98224376624362464     
          12          42   1.0970991769070924     
          42          43  0.95779907760494132     
          42          44   1.8948167157921683     
          44          45  0.97521855891325038     
          44          46  0.97911129296765398     
          15          47   1.0315503610258556     
          47          48  0.97049141959813867     
          47          49  0.97253486359891339     
          47          50  0.98238202775143724     
          16          51   1.0982618743971502     
          51          52  0.95809362327487990     
          51          53   1.8931923578800807     
          53          54  0.97916269841856041     
          53          55  0.97517578446257491     
          19          56   1.0293138779515236     
          56          57  0.97260477701134695     
          56          58  0.97343845814747987     
          56          59  0.98052964590261982     
          20          60   1.0292009295828612     
          60          61  0.98055732619905900     
          60          62  0.97369626241158946     
          60          63  0.97260445558054365     
           1          64  0.26122751641188496     
          64          65  0.88412352076998157     
          64          66  0.88397654732129749     
          67          68  0.97104801447233624     
          67          69  0.97094263418782734     
          67          70  0.98189677947417087     
          71          72  0.94118303761123046     
          67          73   1.0317262261662348     
          71          73   1.1887445632867877     
          71          74   1.2621765114750225     
          73          74  0.11247748990664003     
          74          75  0.95344784696900864     
           1          76  0.50929747447267559     
          74          76   1.4784384668431458     
          73          77   1.5595696693020136     
          76          77   1.2467366879747499     
          77          78  0.95992150511599861     
