    0.44071122
   -0.23359544
   -0.23293537
   -0.20506355
   -0.20575770
    0.04915463
   -0.03100037
   -0.03401665
    0.04504100
    0.04556277
   -0.02559565
   -0.03358595
    0.05242002
    0.05374923
   -0.01997416
   -0.03082678
    0.05896692
    0.05586661
   -0.02811314
   -0.02863239
    0.05344487
   -0.07012350
    0.03657471
   -0.07955031
    0.03182259
   -0.06916520
    0.03595630
   -0.06573240
    0.03760755
   -0.09795532
    0.03447470
    0.03361468
    0.03344538
   -0.09896237
    0.03626882
    0.03559629
    0.03351616
   -0.09964711
    0.03366393
    0.03463993
    0.04202865
   -0.02744454
    0.02479856
   -0.09699230
    0.02301360
    0.03343168
   -0.10050673
    0.03563398
    0.03740546
    0.04348419
   -0.02679613
    0.02677693
   -0.09732805
    0.02316958
    0.03412483
   -0.09930793
    0.03872911
    0.03580861
    0.03458723
   -0.09901771
    0.03476543
    0.03532682
    0.03697425
   -0.48077539
    0.32133739
    0.32126505
   -0.11804004
    0.05689995
    0.05654953
    0.06402963
   -0.08433229
    0.17430496
    0.03873686
    0.07302292
    0.06960540
   -0.13164304
   -0.00325129
    0.06775987
