           1           2  0.58546592740037795     
           1           3  0.59610012295135206     
           1           4  0.59699014806800721     
           1           5  0.58529315041698271     
           2           6   1.2460013741171565     
           6           7   1.1369133172396984     
           7           8   1.5980223831754041     
           2           9   1.2385528504828909     
           8           9   1.1367557868829741     
           3          10   1.2418365142839523     
          10          11   1.1524444262007767     
          11          12   1.5351301916149980     
           3          13   1.2572775041043163     
          12          13   1.1135443929781055     
           4          14   1.2417076334018426     
          14          15   1.1504744384643446     
          15          16   1.5365264944221673     
           4          17   1.2594598883459207     
          16          17   1.1127187807280163     
           5          18   1.2438433160911204     
          18          19   1.1357756278130688     
          19          20   1.5990820768322573     
           5          21   1.2437370338334737     
          20          21   1.1357552347303024     
           6          22   1.3550458027708179     
          21          22   1.3591308711706966     
          22          23  0.96213695252304465     
           9          24   1.3639924351029109     
          10          24   1.3448361330746255     
          24          25  0.96078717393921176     
          13          26   1.3632157231684912     
          14          26   1.3501164223280597     
          26          27  0.95844411440682942     
          17          28   1.3560776737696660     
          18          28   1.3569991963037951     
          28          29  0.96024536841527464     
           8          30   1.0289559038352274     
          30          31  0.97312889791782020     
          30          32  0.98046442874509177     
          30          33  0.97335157134941896     
           7          34   1.0291493418993534     
          34          35  0.97312561341256221     
          34          36  0.97314872425006982     
          34          37  0.98047487925496069     
          11          38   1.0327202745436692     
          38          39  0.97637208798657993     
          38          40  0.96822814538163560     
          38          41  0.97724786340941350     
          12          42   1.1047780088680363     
          42          43  0.95813391502338918     
          42          44   1.8867825063638721     
          44          45  0.97581674657594031     
          44          46  0.97931476797722261     
          15          47   1.0335910879254604     
          47          48  0.97566034385614309     
          47          49  0.96759251335614249     
          47          50  0.97746273581698906     
          16          51   1.1041106840933799     
          51          52  0.95845459091579222     
          51          53   1.8871429953339018     
          53          54  0.97579311797352863     
          53          55  0.97931832807349284     
          19          56   1.0293912676475276     
          56          57  0.97294399872382009     
          56          58  0.97296574855070794     
          56          59  0.98047049516380591     
          20          60   1.0291327119565055     
          60          61  0.98047647871913324     
          60          62  0.97312699451470697     
          60          63  0.97322421482275723     
           1          64  0.26249525142586427     
          64          65  0.88398236786518236     
          64          66  0.88375240966413815     
          67          68  0.97090270040980053     
          67          69  0.97103301499131722     
          67          70  0.98185667644708630     
          71          72  0.94119403499505971     
          67          73   1.0317387519071017     
          71          73   1.1887416801882471     
          71          74   1.2622665336104515     
          73          74  0.11222966364039802     
          74          75  0.95383169087033992     
           1          76  0.50942152005414199     
          74          76   1.4791228065818847     
          73          77   1.5599693405637105     
          76          77   1.2463235258539145     
          77          78  0.95867626657038396     
