    0.39332932
   -0.20975510
   -0.20874195
   -0.20906076
   -0.21022140
    0.04901713
   -0.03349080
   -0.03107737
    0.05159138
    0.05207244
   -0.02231096
   -0.03591298
    0.05233696
    0.04958078
   -0.02498819
   -0.03334623
    0.05510536
    0.05180019
   -0.03072243
   -0.03390374
    0.04889461
   -0.07637625
    0.03000194
   -0.06866697
    0.03325812
   -0.07524234
    0.02959608
   -0.06828905
    0.03311438
   -0.09735902
    0.03210916
    0.03485669
    0.03359360
   -0.09671125
    0.03192346
    0.03374830
    0.03203573
   -0.09900367
    0.03360125
    0.03495705
    0.04098331
   -0.02730132
    0.02230352
   -0.09910770
    0.03187448
    0.02001735
   -0.09839176
    0.03531584
    0.03185771
    0.04035387
   -0.02658013
    0.02281693
   -0.09828289
    0.03282739
    0.02031819
   -0.09732198
    0.03459952
    0.03477639
    0.03201430
   -0.09663401
    0.03167598
    0.03214302
    0.03361773
   -0.11595572
    0.05449467
    0.05421928
    0.06146497
   -0.08630486
    0.17196237
    0.03663906
    0.07528737
    0.06801576
   -0.12583743
   -0.00155769
    0.06485747
   -0.11604555
    0.05459774
    0.05421824
    0.06208249
   -0.08651500
    0.17152325
    0.03688310
    0.07491315
    0.06766898
   -0.12564538
   -0.00123283
    0.06504738
