    0.39511195
   -0.21047536
   -0.21450575
   -0.20927792
   -0.20463719
    0.05140090
   -0.03184579
   -0.03288237
    0.04926752
    0.04883960
   -0.02786823
   -0.03511307
    0.05369052
    0.04987100
   -0.02365099
   -0.03446684
    0.05474474
    0.05221460
   -0.03110099
   -0.03147475
    0.05213706
   -0.07116237
    0.03212593
   -0.07433878
    0.03100334
   -0.07305596
    0.03720845
   -0.07032891
    0.03194067
   -0.09686039
    0.03208539
    0.03166737
    0.03443161
   -0.09719156
    0.03393818
    0.03392251
    0.03184697
   -0.09752907
    0.03496890
    0.03299473
    0.03496454
   -0.02556578
    0.02332125
   -0.09739342
    0.02761453
    0.02153370
   -0.09889326
    0.03260592
    0.03593635
    0.04064800
   -0.02691261
    0.02265971
   -0.09865330
    0.03268791
    0.02015400
   -0.09720174
    0.03436075
    0.03432365
    0.03218706
   -0.09720810
    0.03229473
    0.03415402
    0.03342898
   -0.11610292
    0.05439704
    0.05418082
    0.06218393
   -0.08670072
    0.17137628
    0.03684499
    0.07453618
    0.06696373
   -0.12572723
   -0.00139673
    0.06467577
   -0.11596076
    0.05415676
    0.05440575
    0.06145388
   -0.08641555
    0.17181027
    0.03664936
    0.07508313
    0.06761078
   -0.12554655
   -0.00164111
    0.06447041
