           1           2  0.58687379799660011     
           1           3  0.58464854021739732     
           1           4  0.58614945490999482     
           1           5  0.58953258017307086     
           2           6   1.2548877801151737     
           6           7   1.1304691827747575     
           7           8   1.6054458544857566     
           2           9   1.2451343408358126     
           8           9   1.1299571868111116     
           3          10   1.2441655779315925     
          10          11   1.1602107415387710     
          11          12   1.5317535493508880     
           3          13   1.2544198673310594     
          12          13   1.1185283221029407     
           4          14   1.2379457215091851     
          14          15   1.1577096402785250     
          15          16   1.5272638246154262     
           4          17   1.2632797111412657     
          16          17   1.1172905213110895     
           5          18   1.2502293006524865     
          18          19   1.1286113958875499     
          19          20   1.6069012510106750     
           5          21   1.2519038135321325     
          20          21   1.1290652281242273     
           6          22   1.3517228474236225     
          21          22   1.3563328629910851     
          22          23  0.96254736462324197     
           9          24   1.3660780291666823     
          10          24   1.3365925849732949     
          24          25  0.96259764714195639     
          13          26   1.3571721676407917     
          14          26   1.3456607553225171     
          26          27  0.95699104819523884     
          17          28   1.3488112101728913     
          18          28   1.3589620020840447     
          28          29  0.96033650871663534     
           8          30   1.0283915152955077     
          30          31  0.98064499922301707     
          30          32  0.97379654312937092     
          30          33  0.97359749162682241     
           7          34   1.0286503996933005     
          34          35  0.97332052447510897     
          34          36  0.97371261681114851     
          34          37  0.98065330433703568     
          11          38   1.0300534428436203     
          38          39  0.97139472166892760     
          38          40  0.97379206235587334     
          38          41  0.98260548938856174     
          12          42   1.0975865677723715     
          42          43  0.95798882055733769     
          42          44   1.8931591452471044     
          44          45  0.97534032367575296     
          44          46  0.97921011738076003     
          15          47   1.0324927839621112     
          47          48  0.97635388019214275     
          47          49  0.96805233661785350     
          47          50  0.97754711482533208     
          16          51   1.1072000071042654     
          51          52  0.95861641026771904     
          51          53   1.8830785003907915     
          53          54  0.97587706292249787     
          53          55  0.97948305487016007     
          19          56   1.0288762544939662     
          56          57  0.97365369957234560     
          56          58  0.97309839927611530     
          56          59  0.98061001979817397     
          20          60   1.0286350933394273     
          60          61  0.98063462461463158     
          60          62  0.97354882334285497     
          60          63  0.97356433612772530     
          64          65  0.97159824401696238     
          64          66  0.97146340901917960     
          64          67  0.98214831626271204     
          68          69  0.94211578073757474     
          64          70   1.0312626841683810     
          68          70   1.1869609364638614     
          68          71   1.2607782063828905     
          70          71  0.11292807007727600     
          71          72  0.95516447551749273     
           1          73  0.49313808948227655     
          71          73   1.4859219891847160     
          70          74   1.5616293814155724     
          73          74   1.2504294769954396     
          74          75  0.96033456228705272     
          76          77  0.97160334977845575     
          76          78  0.97153657375368363     
          76          79  0.98227651772690505     
          80          81  0.94198589431291213     
          76          82   1.0311736565548635     
          80          82   1.1870926564870559     
          80          83   1.2614149694476895     
          82          83  0.11272003489140139     
          83          84  0.95518940983571288     
           1          85  0.49328380861514687     
          83          85   1.4859346812291374     
          82          86   1.5614742942180837     
          85          86   1.2503969228350615     
          86          87  0.96045287824270353     
