           1           2  0.58535938798327958     
           1           3  0.58386980777891140     
           1           4  0.59619179794364952     
           1           5  0.59783351011240338     
           2           6   1.2472090943338836     
           6           7   1.1373035091692096     
           7           8   1.5980028928437748     
           2           9   1.2373294346738080     
           8           9   1.1362773080932917     
           3          10   1.2350761797333556     
          10          11   1.1626150848183401     
          11          12   1.5245521751522535     
           3          13   1.2503382955779248     
          12          13   1.1226826454000685     
           4          14   1.2398207792133076     
          14          15   1.1500327393170398     
          15          16   1.5371840002909112     
           4          17   1.2618056861326898     
          16          17   1.1129634710160703     
           5          18   1.2507917717265358     
          18          19   1.1259820108703715     
          19          20   1.6100980627625321     
           5          21   1.2497457301309662     
          20          21   1.1261832220771972     
           6          22   1.3536191871540431     
          21          22   1.3623113139242640     
          22          23  0.96201026708502191     
           9          24   1.3652422371440283     
          10          24   1.3414479419583576     
          24          25  0.96079494416100875     
          13          26   1.3605120762860732     
          14          26   1.3516843669685754     
          26          27  0.95856752036776416     
          17          28   1.3543766813702980     
          18          28   1.3603425588949456     
          28          29  0.96002852655337589     
           8          30   1.0287505661556515     
          30          31  0.98044400056395697     
          30          32  0.97333180314799772     
          30          33  0.97344474558529903     
           7          34   1.0293746390490515     
          34          35  0.97280148612107653     
          34          36  0.97314745407518188     
          34          37  0.98049113651566322     
          11          38   1.0322720733699682     
          38          39  0.97669078412106125     
          38          40  0.96824937947470213     
          38          41  0.97734473953831102     
          12          42   1.1047956633923357     
          42          43  0.95835066580422490     
          42          44   1.8865458481319797     
          44          45  0.97933195876342938     
          44          46  0.97579429222687453     
          15          47   1.0332834627634815     
          47          48  0.97597259332509667     
          47          49  0.96774847006570586     
          47          50  0.97747684731460138     
          16          51   1.1037106600950357     
          51          52  0.95825720843022100     
          51          53   1.8877933360230408     
          53          54  0.97929351649582563     
          53          55  0.97578161485037607     
          19          56   1.0298946031462053     
          56          57  0.97248988790726476     
          56          58  0.97295598254376059     
          56          59  0.98042088967100549     
          20          60   1.0295509581090263     
          60          61  0.97283158917741763     
          60          62  0.98042414723633442     
          60          63  0.97317397914703530     
           1          64  0.26216264674414791     
          64          65  0.88379554373387248     
          64          66  0.88414449259509975     
          67          68  0.97089336704287221     
          67          69  0.97101904797938055     
          67          70  0.98183935594809957     
          71          72  0.94121282511410553     
          67          73   1.0317171065259825     
          71          73   1.1887719104213375     
          71          74   1.2621086195257507     
          73          74  0.11199319250395090     
          74          75  0.95480177936174648     
           1          76  0.50936883635804886     
          74          76   1.4798724088436019     
          73          77   1.5603050590477698     
          76          77   1.2457791446951001     
          77          78  0.95767005895938784     
