    0.43101118
   -0.22293329
   -0.21961334
   -0.21867760
   -0.22067874
    0.05097966
   -0.03178839
   -0.03053556
    0.05185390
    0.05287080
   -0.02972503
   -0.02944642
    0.05360191
    0.05660421
   -0.03223533
   -0.02376035
    0.05293620
    0.05477133
   -0.03533217
   -0.02272298
    0.05235886
   -0.07162939
    0.03282180
   -0.07147959
    0.03546689
   -0.07022033
    0.03376745
   -0.07312992
    0.03011439
   -0.09772035
    0.03421766
    0.03532035
    0.03365934
   -0.09825226
    0.03780245
    0.03327601
    0.03361572
   -0.09949279
    0.03589231
    0.03380189
    0.04157249
   -0.02751320
    0.02267263
   -0.09738094
    0.03328130
    0.02205233
   -0.09887902
    0.03602768
    0.03326173
    0.04117465
   -0.02685729
    0.02366669
   -0.09663595
    0.03422452
    0.02245813
   -0.09836220
    0.03769518
    0.03471840
    0.03399060
   -0.09842327
    0.03416397
    0.03322026
    0.03814590
   -0.11716015
    0.05598923
    0.05626147
    0.06342475
   -0.08452987
    0.17384138
    0.03798846
    0.07436797
    0.06930183
   -0.12978076
   -0.00157935
    0.06589501
   -0.10853152
    0.04595450
    0.05838309
    0.04851267
   -0.02004356
    0.05463149
    0.05074765
   -0.06069318
   -0.07226220
    0.06242349
    0.05878241
    0.07243008
