    0.44067906
   -0.20976389
   -0.20683457
   -0.22809015
   -0.23197821
    0.05091644
   -0.03062674
   -0.02778935
    0.05526272
    0.05573246
   -0.02759970
   -0.02948314
    0.05280298
    0.05216699
   -0.03414638
   -0.02315112
    0.04928456
    0.05102902
   -0.03461562
   -0.02461032
    0.04731855
   -0.07429935
    0.03461099
   -0.06490728
    0.03903133
   -0.07234087
    0.03474478
   -0.07346031
    0.03359286
   -0.09853214
    0.03284535
    0.03768185
    0.03459183
   -0.09947717
    0.03893818
    0.03547307
    0.03441878
   -0.10006274
    0.03738400
    0.03270859
    0.04159593
   -0.02763253
    0.02358337
   -0.09714732
    0.03444192
    0.02284615
   -0.09995153
    0.03668599
    0.03434277
    0.04201940
   -0.02755298
    0.02405267
   -0.09693821
    0.03433700
    0.02294334
   -0.09871334
    0.03746963
    0.03483926
    0.03451990
   -0.09946735
    0.03469159
    0.03568754
    0.03832511
   -0.48035625
    0.32126420
    0.32145447
   -0.11784161
    0.05673624
    0.05647462
    0.06374860
   -0.08414860
    0.17427767
    0.03847463
    0.07277969
    0.06975832
   -0.13144318
   -0.00308890
    0.06748648
