           1           2  0.59700472661122406     
           1           3  0.59576346319713636     
           1           4  0.58681064248038250     
           1           5  0.58557175564966635     
           2           6   1.2517249748100172     
           6           7   1.1281899572955583     
           7           8   1.6081030173449813     
           2           9   1.2447946875987426     
           8           9   1.1278762109625855     
           3          10   1.2446707002908999     
          10          11   1.1523084143037734     
          11          12   1.5349690996667944     
           3          13   1.2546924159595878     
          12          13   1.1128730163351401     
           4          14   1.2365780857351876     
          14          15   1.1615094773351060     
          15          16   1.5306207922410087     
           4          17   1.2510821347827059     
          16          17   1.1215859348404547     
           5          18   1.2416722981415007     
          18          19   1.1355704146896330     
          19          20   1.5989478783672231     
           5          21   1.2449796285732782     
          20          21   1.1363957307755999     
           6          22   1.3579000453451655     
          21          22   1.3573449375079822     
          22          23  0.96208536386140042     
           9          24   1.3674083762227791     
          10          24   1.3431384746079544     
          24          25  0.96060453980645488     
          13          26   1.3665994143008413     
          14          26   1.3448316890192860     
          26          27  0.95992366026006026     
          17          28   1.3526875160305880     
          18          28   1.3588546576433658     
          28          29  0.95843592435606428     
           8          30   1.0294163148757938     
          30          31  0.97320095641170234     
          30          32  0.98043045883727209     
          30          33  0.97286184173762391     
           7          34   1.0294833771394025     
          34          35  0.97310567522983593     
          34          36  0.97292073645327337     
          34          37  0.98044168260293851     
          11          38   1.0329960800965488     
          38          39  0.96811454318790324     
          38          40  0.97606299560986998     
          38          41  0.97727713699309393     
          12          42   1.1052655911341382     
          42          43  0.95829182172813243     
          42          44   1.8860531092877684     
          44          45  0.97583222738150999     
          44          46  0.97934568321134274     
          15          47   1.0314402610705047     
          47          48  0.97341895709754966     
          47          49  0.97004596041747415     
          47          50  0.98212278592337343     
          16          51   1.0969466275817357     
          51          52  0.95778637425906021     
          51          53   1.8945748661235458     
          53          54  0.97517945554590613     
          53          55  0.97912356541183965     
          19          56   1.0293205863345196     
          56          57  0.97309622181742772     
          56          58  0.97289273802569554     
          56          59  0.98049595914605647     
          20          60   1.0292272534106861     
          60          61  0.98053388651627915     
          60          62  0.97289221300081496     
          60          63  0.97332324947892168     
           1          64  0.26200929279427765     
          64          65  0.88373841018790578     
          64          66  0.88406104231169391     
          67          68  0.97100054265219127     
          67          69  0.97096286232860229     
          67          70  0.98189063566104506     
          71          72  0.94115283355244339     
          67          73   1.0317436391331614     
          71          73   1.1887409742261095     
          71          74   1.2624655304356327     
          73          74  0.11241951805056226     
          74          75  0.95313263992667241     
           1          76  0.50900226657365566     
          74          76   1.4786381085743563     
          73          77   1.5596229916977207     
          76          77   1.2468425618373407     
          77          78  0.95979295235079143     
