    0.44085876
   -0.21052740
   -0.20468643
   -0.22772018
   -0.23403330
    0.05052215
   -0.03054218
   -0.02800466
    0.05517021
    0.05619453
   -0.01897057
   -0.03187285
    0.05627579
    0.04958547
   -0.02342984
   -0.03395509
    0.05197891
    0.04786484
   -0.03191732
   -0.03308543
    0.04643989
   -0.07538879
    0.03447049
   -0.06430563
    0.03902575
   -0.07107741
    0.03489643
   -0.07389393
    0.03369349
   -0.09945448
    0.03446262
    0.03916793
    0.03517029
   -0.09853779
    0.03318945
    0.03724867
    0.03448405
   -0.10113599
    0.03491893
    0.03988775
    0.04273917
   -0.02675895
    0.02323619
   -0.09682917
    0.03572213
    0.02306074
   -0.10017102
    0.03417855
    0.03743011
    0.04200136
   -0.02745974
    0.02394230
   -0.09716218
    0.02266119
    0.03444440
   -0.09839471
    0.03518554
    0.03581230
    0.03344223
   -0.09839695
    0.03332312
    0.03369143
    0.03594342
   -0.48037631
    0.32122860
    0.32149510
   -0.11785843
    0.05678032
    0.05644491
    0.06386062
   -0.08420221
    0.17414433
    0.03850741
    0.07259694
    0.06991659
   -0.13145159
   -0.00302628
    0.06733140
