           1           2  0.59792319095937130     
           1           3  0.59703295152056646     
           1           4  0.58367236793949873     
           1           5  0.58444513372321760     
           2           6   1.2512336585679553     
           6           7   1.1277015662086987     
           7           8   1.6088641350738726     
           2           9   1.2464705800833875     
           8           9   1.1269622336439151     
           3          10   1.2459576755176107     
          10          11   1.1506225939753076     
          11          12   1.5372641509877409     
           3          13   1.2544137062828740     
          12          13   1.1113633873785496     
           4          14   1.2347932048761616     
          14          15   1.1607392536685666     
          15          16   1.5268057143132077     
           4          17   1.2541021626716462     
          16          17   1.1215459711842950     
           5          18   1.2426385222230787     
          18          19   1.1371087907213759     
          19          20   1.5968170867238176     
           5          21   1.2428245525935002     
          20          21   1.1381810510181483     
           6          22   1.3569091792935879     
          21          22   1.3554298565300735     
          22          23  0.96220709494518597     
           9          24   1.3682215615327054     
          10          24   1.3452185615925056     
          24          25  0.96044754744109717     
          13          26   1.3655389332033376     
          14          26   1.3443081274585074     
          26          27  0.95852954249246869     
          17          28   1.3553215637375304     
          18          28   1.3589050732124672     
          28          29  0.96005593558941260     
           8          30   1.0298541037539573     
          30          31  0.98042492422996252     
          30          32  0.97242916530653600     
          30          33  0.97308819352732001     
           7          34   1.0291636942682809     
          34          35  0.97334910606854808     
          34          36  0.97309303368482503     
          34          37  0.98042011559459730     
          11          38   1.0334755843932508     
          38          39  0.97630565000454284     
          38          40  0.96723762117257450     
          38          41  0.97740781469519966     
          12          42   1.1047044564793067     
          42          43  0.95832577498166616     
          42          44   1.8867121956849147     
          44          45  0.97571485410597480     
          44          46  0.97932340204085366     
          15          47   1.0328615152389411     
          47          48  0.97619429160624449     
          47          49  0.96775745659366597     
          47          50  0.97761380251214036     
          16          51   1.1035428876791136     
          51          52  0.95839046147636631     
          51          53   1.8877676394009677     
          53          54  0.97932072480255439     
          53          55  0.97576750060919781     
          19          56   1.0293334172097266     
          56          57  0.97303242824834779     
          56          58  0.97297535448613226     
          56          59  0.98046064835768276     
          20          60   1.0288856454302433     
          60          61  0.97345245190845564     
          60          62  0.98049351701004350     
          60          63  0.97314221247564270     
           1          64  0.26292511064602747     
          64          65  0.88430650079034123     
          64          66  0.88376356517626808     
          67          68  0.97081622880891660     
          67          69  0.97110472331409725     
          67          70  0.98185936838071575     
          71          72  0.94125265671609959     
          67          73   1.0317542189652176     
          71          73   1.1886436645463598     
          71          74   1.2620351651397701     
          73          74  0.11216532575009332     
          74          75  0.95379601152297833     
           1          76  0.50999309809141391     
          74          76   1.4790435007710847     
          73          77   1.5599973622395538     
          76          77   1.2461580475137910     
          77          78  0.95875042839353364     
