    0.42851002
   -0.21812675
   -0.22383473
   -0.22372669
   -0.21741910
    0.05498252
   -0.02823521
   -0.02985390
    0.05269687
    0.04968920
   -0.03309346
   -0.03081616
    0.05328595
    0.05543169
   -0.03384520
   -0.02453074
    0.05196385
    0.05536037
   -0.03482134
   -0.02174774
    0.05344904
   -0.06757365
    0.03630091
   -0.07393172
    0.03383059
   -0.07129259
    0.03199575
   -0.07258597
    0.03096654
   -0.09867315
    0.03469343
    0.03833916
    0.03418396
   -0.09821177
    0.03781888
    0.03300870
    0.03419141
   -0.09997057
    0.03745427
    0.03450825
    0.04183251
   -0.02720998
    0.02277302
   -0.09718482
    0.03417122
    0.02250094
   -0.09884859
    0.03559885
    0.03323553
    0.04126294
   -0.02729721
    0.02350156
   -0.09689104
    0.03362790
    0.02211936
   -0.09771206
    0.03608593
    0.03461763
    0.03309824
   -0.09790989
    0.03351374
    0.03275926
    0.03610729
   -0.11707138
    0.05592456
    0.05601220
    0.06325928
   -0.08477559
    0.17363161
    0.03781996
    0.07412797
    0.06963101
   -0.13041827
   -0.00195305
    0.06622213
   -0.10797933
    0.04539047
    0.05760019
    0.04851163
   -0.02083658
    0.05763752
    0.05077257
   -0.06026606
   -0.07232598
    0.06419331
    0.05928996
    0.07147857
