           1           2  0.57196510429081104     
           1           3  0.56626157704663205     
           1           4  0.57752927064608250     
           1           5  0.58515072602897977     
           2           6   1.2491826273028459     
           6           7   1.1360966666005721     
           7           8   1.5995509365622809     
           2           9   1.2378007041681798     
           8           9   1.1351276614720280     
           3          10   1.2323340949961190     
          10          11   1.1631883276511139     
          11          12   1.5257883880988885     
           3          13   1.2478791648127023     
          12          13   1.1253017161382464     
           4          14   1.2374652580897836     
          14          15   1.1501275880064128     
          15          16   1.5386960404691745     
           4          17   1.2612430441352231     
          16          17   1.1153422061968639     
           5          18   1.2533916447094842     
          18          19   1.1214158218138151     
          19          20   1.6153155433355886     
           5          21   1.2514098198254149     
          20          21   1.1216920090048996     
           6          22   1.3540824952096679     
          21          22   1.3655770870380306     
          22          23  0.96161774165548786     
           9          24   1.3662270865503146     
          10          24   1.3431695199486580     
          24          25  0.96062849342454282     
          13          26   1.3600661993718064     
          14          26   1.3528829171779426     
          26          27  0.95848578532471640     
          17          28   1.3556302776856999     
          18          28   1.3647889851572412     
          28          29  0.95959637255794927     
           8          30   1.0295767425334126     
          30          31  0.98027522442417281     
          30          32  0.97310783848921723     
          30          33  0.97255944204986400     
           7          34   1.0301951503259628     
          34          35  0.97276428297155348     
          34          36  0.97205249862902465     
          34          37  0.98032603878996805     
          11          38   1.0329969848951461     
          38          39  0.96753903636410754     
          38          40  0.97630469995085689     
          38          41  0.97732669959061380     
          12          42   1.1018002656213501     
          42          43  0.95812598899192680     
          42          44   1.8903541509533428     
          44          45  0.97567938499965245     
          44          46  0.97917570088929895     
          15          47   1.0337384297590717     
          47          48  0.96729509236428546     
          47          49  0.97577458747711909     
          47          50  0.97726216781997455     
          16          51   1.1011664751905690     
          51          52  0.95814266667308345     
          51          53   1.8914889993283561     
          53          54  0.97554831511732054     
          53          55  0.97907585640595729     
          19          56   1.0310894816089009     
          56          57  0.97192905393127416     
          56          58  0.97197003731689979     
          56          59  0.98020074820523884     
          20          60   1.0305314447175027     
          60          61  0.98020646065072636     
          60          62  0.97220937088520576     
          60          63  0.97257506895936041     
           1          64  0.27479704932154336     
          64          65  0.88067308363521746     
          64          66  0.87991600223999367     
          67          68  0.98090979399523448     
          67          69  0.97906329705343453     
          67          70  0.97492503723485191     
           1          71  0.43629408175077999     
          67          71  0.99333484663358251     
          71          72  0.94241003858468242     
