    0.43113592
   -0.22281960
   -0.21974150
   -0.21871555
   -0.22065301
    0.05102838
   -0.03171328
   -0.03049574
    0.05189224
    0.05286710
   -0.02971934
   -0.02950364
    0.05354025
    0.05662684
   -0.03222625
   -0.02379012
    0.05287659
    0.05475268
   -0.03533837
   -0.02270528
    0.05234486
   -0.07165848
    0.03282327
   -0.07147133
    0.03547813
   -0.07025055
    0.03373086
   -0.07311068
    0.03011521
   -0.09772403
    0.03420104
    0.03537538
    0.03366448
   -0.09825847
    0.03783045
    0.03326312
    0.03362454
   -0.09949673
    0.03380648
    0.04157545
    0.03589648
   -0.02752791
    0.02266832
   -0.09739996
    0.03328858
    0.02205433
   -0.09887504
    0.03601499
    0.03325961
    0.04118774
   -0.02685801
    0.02365517
   -0.09666049
    0.03421298
    0.02242972
   -0.09835746
    0.03766296
    0.03472205
    0.03398300
   -0.09843129
    0.03415983
    0.03323067
    0.03815889
   -0.11716387
    0.05598201
    0.05627379
    0.06342636
   -0.08452368
    0.17384662
    0.03798973
    0.07434263
    0.06932675
   -0.12973462
   -0.00158782
    0.06589133
   -0.10856606
    0.04593978
    0.05838827
    0.04853034
   -0.02003886
    0.05460395
    0.05075269
   -0.06071953
   -0.07223929
    0.06244828
    0.05879689
    0.07239781
