           1           2  0.58542771351319078     
           1           3  0.58378928110760231     
           1           4  0.59618881366013876     
           1           5  0.59783716531684672     
           2           6   1.2471844887699728     
           6           7   1.1373015925954406     
           7           8   1.5980103155411296     
           2           9   1.2373189343491093     
           8           9   1.1362702183289246     
           3          10   1.2350832265906095     
          10          11   1.1626312098996456     
          11          12   1.5245239074542516     
           3          13   1.2503611485722348     
          12          13   1.1226910000678125     
           4          14   1.2398444156949906     
          14          15   1.1500128536199365     
          15          16   1.5372233753269402     
           4          17   1.2617925660440827     
          16          17   1.1129676358284510     
           5          18   1.2507718778201702     
          18          19   1.1260001231547838     
          19          20   1.6100783787103929     
           5          21   1.2497551782964711     
          20          21   1.1261971687800059     
           6          22   1.3536372455418293     
          21          22   1.3622830073577101     
          22          23  0.96201056753125769     
           9          24   1.3652531529429446     
          10          24   1.3414313474705895     
          24          25  0.96078354890331230     
          13          26   1.3605063000849613     
          14          26   1.3516905012322864     
          26          27  0.95856025267884715     
          17          28   1.3543927450355615     
          18          28   1.3603346703090533     
          28          29  0.96003515262750949     
           8          30   1.0287506506063200     
          30          31  0.98044291348020784     
          30          32  0.97333879260253209     
          30          33  0.97343643309364003     
           7          34   1.0293742337844205     
          34          35  0.97279382439070583     
          34          36  0.97315568881795911     
          34          37  0.98049002493086745     
          11          38   1.0322763407981428     
          38          39  0.97670323605001030     
          38          40  0.96823892830127356     
          38          41  0.97733385717457000     
          12          42   1.1048162299556210     
          42          43  0.95834586914431730     
          42          44   1.8865296713884652     
          44          45  0.97933244903346117     
          44          46  0.97579567091792052     
          15          47   1.0332808151087114     
          47          48  0.97597211341995860     
          47          49  0.96775156382336769     
          47          50  0.97748144241848134     
          16          51   1.1036658063378659     
          51          52  0.95826346363864057     
          51          53   1.8878391873954574     
          53          54  0.97578425774729960     
          53          55  0.97929300161276345     
          19          56   1.0298939814587704     
          56          57  0.97246885970702235     
          56          58  0.97297642869151035     
          56          59  0.98042050875322029     
          20          60   1.0295507844811649     
          60          61  0.98042315422922233     
          60          62  0.97319428552911069     
          60          63  0.97281189715025040     
           1          64  0.26213312382825310     
          64          65  0.88381017885810687     
          64          66  0.88413897664120344     
          67          68  0.97079181519353419     
          67          69  0.97112088606803015     
          67          70  0.98183868221890569     
          71          72  0.94121233155928907     
          67          73   1.0317160642738508     
          71          73   1.1887757172412934     
          71          74   1.2621060028485078     
          73          74  0.11199125333606194     
          74          75  0.95480163190741452     
           1          76  0.50938352733153702     
          74          76   1.4798711200703227     
          73          77   1.5603059620757413     
          76          77   1.2457716487432351     
          77          78  0.95767540787744276     
