    0.61271096
   -0.21797345
   -0.23118397
   -0.22571189
   -0.21012761
    0.06415024
   -0.01299163
   -0.01550200
    0.05804676
    0.05637956
   -0.01025561
   -0.01775538
    0.06141508
    0.05967901
   -0.00788373
   -0.01822090
    0.06183944
    0.06186573
   -0.01291847
   -0.01205212
    0.06487884
   -0.06122262
    0.06580770
   -0.07063770
    0.06122324
   -0.06519969
    0.06031725
   -0.06612162
    0.06164254
   -0.10946401
    0.05428884
    0.05044618
    0.05351477
   -0.11023883
    0.05606910
    0.05199647
    0.05406916
   -0.11059161
    0.04973784
    0.05413663
    0.06044268
   -0.02891643
    0.04000289
   -0.08455584
    0.04939640
    0.05099508
   -0.11059711
    0.04943446
    0.05627980
    0.06049063
   -0.02950574
    0.04053109
   -0.08474618
    0.05132663
    0.04921228
   -0.10983040
    0.05457633
    0.05262967
    0.05463569
   -0.11032717
    0.05457428
    0.05239446
    0.05591211
   -0.48057267
    0.33135761
    0.33167436
   -0.12668794
    0.07391927
    0.07417469
    0.07560702
   -0.06670484
    0.19556088
    0.05118800
    0.07733695
    0.07788238
   -0.14682476
   -0.00334141
    0.07291232
