    0.59208208
   -0.20830794
   -0.22456074
   -0.19971985
   -0.20666188
    0.06486521
   -0.01789961
   -0.01377934
    0.05216340
    0.06978417
   -0.00513576
   -0.01030231
    0.06523799
    0.06111407
   -0.01034530
   -0.01273666
    0.06350159
    0.07761323
   -0.00836917
   -0.00431501
    0.06711843
   -0.05766496
    0.06742608
   -0.06616197
    0.06165677
   -0.06145360
    0.06186278
   -0.06286613
    0.06333881
   -0.10919882
    0.05577830
    0.05312277
    0.05515936
   -0.10921308
    0.05389646
    0.05220366
    0.05383547
   -0.11130236
    0.05196401
    0.05776511
    0.06212936
   -0.02660203
    0.04409126
   -0.08110542
    0.05371583
    0.05564055
   -0.10959583
    0.04848431
    0.05791414
    0.06222270
   -0.02383836
    0.04459916
   -0.08127550
    0.05802584
    0.05333459
   -0.11051061
    0.05854594
    0.05582952
    0.05632630
   -0.11170204
    0.05759071
    0.05772218
    0.06016573
   -0.50811398
    0.31898998
    0.31928694
   -0.12206604
    0.06647424
    0.06662585
    0.06846715
   -0.07901630
    0.18509222
    0.04488123
    0.08365393
    0.05758348
   -0.19915316
    0.00092478
    0.05316610
