           1           2  0.58542340732507714     
           1           3  0.58381169402298794     
           1           4  0.59620323032179123     
           1           5  0.59791920597741954     
           2           6   1.2472085204079824     
           6           7   1.1372768435946412     
           7           8   1.5980389599170823     
           2           9   1.2373472330143078     
           8           9   1.1362441031398838     
           3          10   1.2350673643133434     
          10          11   1.1626498203271203     
          11          12   1.5245014395614407     
           3          13   1.2503316917246234     
          12          13   1.1227056035017464     
           4          14   1.2397984665449253     
          14          15   1.1500721059369519     
          15          16   1.5371611469931632     
           4          17   1.2617543599682222     
          16          17   1.1130110458228197     
           5          18   1.2507741509136396     
          18          19   1.1259747175746881     
          19          20   1.6101111234180023     
           5          21   1.2497648677792821     
          20          21   1.1261672392343487     
           6          22   1.3536446195206226     
          21          22   1.3623036828248318     
          22          23  0.96200611263242497     
           9          24   1.3652543568451114     
          10          24   1.3414420231490747     
          24          25  0.96078035359116720     
          13          26   1.3605136566230551     
          14          26   1.3516633747709532     
          26          27  0.95856138027783011     
          17          28   1.3543828920945182     
          18          28   1.3603513317589970     
          28          29  0.96003599835882225     
           8          30   1.0287479423357906     
          30          31  0.98044558029709816     
          30          32  0.97334571893749533     
          30          33  0.97343130220118457     
           7          34   1.0293769874123893     
          34          35  0.97279265150502081     
          34          36  0.97315325453475854     
          34          37  0.98049243760421567     
          11          38   1.0322711027890272     
          38          39  0.97671228430793278     
          38          40  0.96824008651013094     
          38          41  0.97733558725134462     
          12          42   1.1048252684432727     
          42          43  0.95835506592155928     
          42          44   1.8865155127057971     
          44          45  0.97933351800633583     
          44          46  0.97580212035469427     
          15          47   1.0332727230603358     
          47          48  0.97597609571110400     
          47          49  0.96775447947098914     
          47          50  0.97748275132543772     
          16          51   1.1036771694990530     
          51          52  0.95826408058438051     
          51          53   1.8878275691441835     
          53          54  0.97578427397550493     
          53          55  0.97929319815255855     
          19          56   1.0298919273142924     
          56          57  0.97246732206145170     
          56          58  0.97298131180913250     
          56          59  0.98042067056284998     
          20          60   1.0295535426979339     
          60          61  0.98042323348095750     
          60          62  0.97318193155637578     
          60          63  0.97281943840455920     
           1          64  0.26214910185776374     
          64          65  0.88379066231088954     
          64          66  0.88418529673148560     
          67          68  0.97082174326823412     
          67          69  0.97109058699279860     
          67          70  0.98184021439899527     
          71          72  0.94121241219807683     
          67          73   1.0317151617784248     
          71          73   1.1887764372813994     
          71          74   1.2620991278262454     
          73          74  0.11199104357772981     
          74          75  0.95480284491960987     
           1          76  0.50933456412843447     
          74          76   1.4798975581855212     
          73          77   1.5603061462231638     
          76          77   1.2457789095640395     
          77          78  0.95768235155620329     
