           1           2  0.62231412156094801     
           1           3  0.60784179827562179     
           1           4  0.60840623056540788     
           1           5  0.62933564660122587     
           2           6   1.2437383011880905     
           6           7   1.1315942192303228     
           7           8   1.5838444117119586     
           2           9   1.2250387845433421     
           8           9   1.1328564583100753     
           3          10   1.2280179322957891     
          10          11   1.1643380184167058     
          11          12   1.5082074276422390     
           3          13   1.2389022736820003     
          12          13   1.1264423261289622     
           4          14   1.2254158302574052     
          14          15   1.1585933207694223     
          15          16   1.5115999963525302     
           4          17   1.2445508498488067     
          16          17   1.1277810379949138     
           5          18   1.2334448015253947     
          18          19   1.1310485291613799     
          19          20   1.5808949655220013     
           5          21   1.2358271856582650     
          20          21   1.1330874794365973     
           6          22   1.3565947766149131     
          21          22   1.3641039901696523     
          22          23  0.95781310491373040     
           9          24   1.3750114146995678     
          10          24   1.3411117126963898     
          24          25  0.95703451901792924     
          13          26   1.3645868824295768     
          14          26   1.3527797159027610     
          26          27  0.95511284307597577     
          17          28   1.3526553460284143     
          18          28   1.3663680959997946     
          28          29  0.95661889549812817     
           8          30   1.0364475647394553     
          30          31  0.97795370716886321     
          30          32  0.96761198607736787     
          30          33  0.96783419828918338     
           7          34   1.0373924364078488     
          34          35  0.96572397835146362     
          34          36  0.96823968355369461     
          34          37  0.97797313565117416     
          11          38   1.0400957731634350     
          38          39  0.97323234838486106     
          38          40  0.96103185217301168     
          38          41  0.97375822539525536     
          12          42   1.1035412695335702     
          42          43  0.95582969186577393     
          42          44   1.8876466954411943     
          44          45  0.97729712203421693     
          44          46  0.97410450653227554     
          15          47   1.0409885968779988     
          47          48  0.97223168727743969     
          47          49  0.96038766067842363     
          47          50  0.97409126372036470     
          16          51   1.1007650844056640     
          51          52  0.95615780590164445     
          51          53   1.8908223987400710     
          53          54  0.97407989540802753     
          53          55  0.97723380768296364     
          19          56   1.0374280681196182     
          56          57  0.96717624700987992     
          56          58  0.96668802517735886     
          56          59  0.97787425325011423     
          20          60   1.0374059997194371     
          60          61  0.97792235896306656     
          60          62  0.96815684069600128     
          60          63  0.96578374481998297     
           1          64  0.29221449468281141     
          64          65  0.88169135865002413     
          64          66  0.88124980064345881     
          67          68  0.96542846398794580     
          67          69  0.96513350140932663     
          67          70  0.97935148293090235     
          71          72  0.93358163621652490     
          67          73   1.0369726934708343     
          71          73   1.1958814150468517     
          71          74   1.2931428267088920     
          73          74  0.10488256742183090     
          74          75  0.95267467022806362     
           1          76  0.53770079094284462     
          74          76   1.4666396855408050     
          73          77   1.5533217284725267     
          76          77   1.2434690907574246     
          77          78  0.95735289895789688     
