           1           2  0.56766678690580685     
           1           3  0.58031985264242802     
           1           4  0.58214783867362818     
           1           5  0.57043434023066664     
           2           6   1.2411894234280558     
           6           7   1.1390651882371179     
           7           8   1.5960236962356014     
           2           9   1.2377649685151639     
           8           9   1.1389683874234744     
           3          10   1.2432824724527656     
          10          11   1.1499911065477373     
          11          12   1.5451292873961318     
           3          13   1.2560764829424209     
          12          13   1.1134973956788006     
           4          14   1.2438894590203611     
          14          15   1.1450704487782151     
          15          16   1.5437337212432134     
           4          17   1.2609001920120400     
          16          17   1.1096487821294363     
           5          18   1.2441301996734775     
          18          19   1.1373896878701781     
          19          20   1.5973469173223420     
           5          21   1.2416352241739628     
          20          21   1.1374736430469494     
           6          22   1.3547342684490218     
          21          22   1.3576176069256731     
          22          23  0.96215218222627086     
           9          24   1.3647054524854141     
          10          24   1.3474607363482851     
          24          25  0.96187471601219787     
          13          26   1.3630630099704766     
          14          26   1.3535538527818034     
          26          27  0.95622178551311676     
          17          28   1.3607036209801162     
          18          28   1.3583218449213328     
          28          29  0.95988189327296380     
           8          30   1.0298290106627768     
          30          31  0.98035252658150229     
          30          32  0.97193890089689572     
          30          33  0.97333616618814189     
           7          34   1.0294379339375141     
          34          35  0.97276061464366403     
          34          36  0.97300084999314196     
          34          37  0.98035905336768681     
          11          38   1.0319481289023220     
          38          39  0.97316201420279347     
          38          40  0.96985428008446872     
          38          41  0.98199653798308106     
          12          42   1.0943918238020627     
          42          43  0.95743976257407937     
          42          44   1.8989902726248415     
          44          45  0.97473785367385246     
          44          46  0.97886852533277580     
          15          47   1.0347548019899695     
          47          48  0.97552924104180838     
          47          49  0.96635710744884240     
          47          50  0.97702145770069615     
          16          51   1.1023253557495736     
          51          52  0.95831155984325611     
          51          53   1.8902037080790484     
          53          54  0.97914551169436947     
          53          55  0.97555010840955425     
          19          56   1.0302641349643928     
          56          57  0.97227974014150531     
          56          58  0.97239201501969130     
          56          59  0.98032824445062605     
          20          60   1.0294914649112656     
          60          61  0.97231210069430096     
          60          62  0.98029824244540542     
          60          63  0.97349449407909261     
           1          64  0.27435706919507313     
          64          65  0.87982402592438269     
          64          66  0.88005128678343869     
          67          68  0.98096214774681967     
          67          69  0.97905431151112277     
          67          70  0.97496661228876469     
           1          71  0.43751391600157430     
          67          71  0.99316845909652929     
          71          72  0.94225244190642232     
