           1           2  0.57258138621435029     
           1           3  0.58432392582551318     
           1           4  0.57703922532030572     
           1           5  0.56655780822432122     
           2           6   1.2449762584985613     
           6           7   1.1356557980422008     
           7           8   1.5997288079513994     
           2           9   1.2425869302806549     
           8           9   1.1352732231261118     
           3          10   1.2462257516852910     
          10          11   1.1434915260107910     
          11          12   1.5463632126986355     
           3          13   1.2596855046164797     
          12          13   1.1081921433217015     
           4          14   1.2416608433501670     
          14          15   1.1513303680943066     
          15          16   1.5367349860337425     
           4          17   1.2557989873829669     
          16          17   1.1151883510933387     
           5          18   1.2415710876441994     
          18          19   1.1400109669343923     
          19          20   1.5946952614467667     
           5          21   1.2385643906939285     
          20          21   1.1399763586960459     
           6          22   1.3556521874588954     
          21          22   1.3570976940972714     
          22          23  0.96211405674375028     
           9          24   1.3645189725281588     
          10          24   1.3517952019325365     
          24          25  0.96025828791919832     
          13          26   1.3667413923809275     
          14          26   1.3502297691434055     
          26          27  0.95830603719322571     
          17          28   1.3589173001030606     
          18          28   1.3572030191147606     
          28          29  0.95999390521978689     
           8          30   1.0302299404266468     
          30          31  0.98031188054895591     
          30          32  0.97195131245310817     
          30          33  0.97284084894425071     
           7          34   1.0295414786006261     
          34          35  0.97250512750882734     
          34          36  0.97322429453248394     
          34          37  0.98030173969238299     
          11          38   1.0341852650283676     
          38          39  0.96699870136982446     
          38          40  0.97556706976499774     
          38          41  0.97720666243546828     
          12          42   1.1015144775230568     
          42          43  0.95798533894961635     
          42          44   1.8911154479005972     
          44          45  0.97555917601168396     
          44          46  0.97908443013973545     
          15          47   1.0345848423974586     
          47          48  0.96649998169806617     
          47          49  0.97551289015475273     
          47          50  0.97727407839238967     
          16          51   1.1019265092246282     
          51          52  0.95823894974453416     
          51          53   1.8903770748908491     
          53          54  0.97561558701115914     
          53          55  0.97915097550117558     
          19          56   1.0299387882963251     
          56          57  0.97305007013402078     
          56          58  0.97201808024892622     
          56          59  0.98031967417878441     
          20          60   1.0294465743770052     
          60          61  0.97267022281052395     
          60          62  0.98034761092428080     
          60          63  0.97308840901897919     
           1          64  0.27497165975595600     
          64          65  0.87994691359120625     
          64          66  0.88068442205439545     
          67          68  0.98093649329829224     
          67          69  0.97490136850042797     
          67          70  0.97902265998857751     
           1          71  0.43690126947128788     
          67          71  0.99333197335894163     
          71          72  0.94243008338581291     
