    0.65647784
   -0.22299937
   -0.22648823
   -0.21766727
   -0.21701303
    0.06618168
   -0.02050439
   -0.02020821
    0.06254409
    0.06415962
   -0.01191257
   -0.02190751
    0.07560096
    0.07262090
   -0.01093784
   -0.01862327
    0.07049880
    0.06687972
   -0.01624324
   -0.01871370
    0.06847663
   -0.06250463
    0.05280350
   -0.06570877
    0.04799906
   -0.05827871
    0.05083065
   -0.05857091
    0.05228886
   -0.10300925
    0.04248169
    0.04681061
    0.04118590
   -0.10329451
    0.04218963
    0.04659500
    0.04225187
   -0.10388749
    0.04202767
    0.04438893
    0.05104781
   -0.02648618
    0.03591237
   -0.09261906
    0.03901097
    0.03236551
   -0.10468382
    0.04047656
    0.05102042
    0.04967416
   -0.02588567
    0.03231405
   -0.09021811
    0.04474033
    0.03364274
   -0.10367061
    0.04476736
    0.04765933
    0.04339418
   -0.10342634
    0.04332131
    0.04613892
    0.04354232
   -0.15667964
   -0.27761946
   -0.06112298
    0.06888971
    0.06979669
    0.06821553
   -0.18487604
    0.16453696
