    0.44067239
   -0.23381801
   -0.23269879
   -0.20474599
   -0.20606260
    0.04899980
   -0.03106136
   -0.03401018
    0.04508796
    0.04550372
   -0.02560457
   -0.03353240
    0.05256118
    0.05388904
   -0.01990641
   -0.03079465
    0.05899806
    0.05583973
   -0.02813235
   -0.02869516
    0.05330297
   -0.07034133
    0.03648198
   -0.07955260
    0.03182205
   -0.06895114
    0.03605068
   -0.06572978
    0.03760931
   -0.09795494
    0.03359608
    0.03449342
    0.03342561
   -0.09894130
    0.03556928
    0.03621170
    0.03349976
   -0.09965403
    0.03465307
    0.03365905
    0.04203566
   -0.02743227
    0.02486243
   -0.09697355
    0.03343694
    0.02303342
   -0.10053832
    0.03742417
    0.03570212
    0.04350183
   -0.02677256
    0.02678698
   -0.09732581
    0.03411624
    0.02317688
   -0.09930685
    0.03580658
    0.03872264
    0.03457291
   -0.09900048
    0.03475194
    0.03691199
    0.03530988
   -0.48078056
    0.32129154
    0.32131114
   -0.11803705
    0.05659274
    0.05684939
    0.06402787
   -0.08433045
    0.17430348
    0.03873232
    0.07303236
    0.06961415
   -0.13166266
   -0.00324058
    0.06775431
