           1           2  0.58532344367355071     
           1           3  0.58393409677855701     
           1           4  0.59643090920171815     
           1           5  0.59762094806212773     
           2           6   1.2471070268816848     
           6           7   1.1373921788003512     
           7           8   1.5979033409285457     
           2           9   1.2372782947604473     
           8           9   1.1363680888448808     
           3          10   1.2351051464731144     
          10          11   1.1625459803846057     
          11          12   1.5246312442070460     
           3          13   1.2504198344009838     
          12          13   1.1226455069398820     
           4          14   1.2399268377730568     
          14          15   1.1498170323580186     
          15          16   1.5374782091571708     
           4          17   1.2618230253346170     
          16          17   1.1128076069768986     
           5          18   1.2507584312337428     
          18          19   1.1261342600320374     
          19          20   1.6099298153013462     
           5          21   1.2496625303619004     
          20          21   1.1263202715796732     
           6          22   1.3536152093761011     
          21          22   1.3622568392475296     
          22          23  0.96201679347226188     
           9          24   1.3652192692274068     
          10          24   1.3414558258271532     
          24          25  0.96078354371927344     
          13          26   1.3604852589886660     
          14          26   1.3517851142855866     
          26          27  0.95858547500492519     
          17          28   1.3544850791044420     
          18          28   1.3602427247010169     
          28          29  0.96003918742935035     
           8          30   1.0287496353185557     
          30          31  0.98044509101158006     
          30          32  0.97343189245511685     
          30          33  0.97334205470507917     
           7          34   1.0293608663631824     
          34          35  0.97315613706911275     
          34          36  0.97280821523892635     
          34          37  0.98049124017115941     
          11          38   1.0322755920929971     
          38          39  0.96824697905881529     
          38          40  0.97668974837227729     
          38          41  0.97733830133181088     
          12          42   1.1047744859090574     
          42          43  0.95833914402082376     
          42          44   1.8865781829074697     
          44          45  0.97579572464322517     
          44          46  0.97933097331857866     
          15          47   1.0332845154241894     
          47          48  0.96776254994677280     
          47          49  0.97594683299289664     
          47          50  0.97751157374671627     
          16          51   1.1035773436569263     
          51          52  0.95825209461975480     
          51          53   1.8879353039292437     
          53          54  0.97578670363173958     
          53          55  0.97929020380193821     
          19          56   1.0298918132734540     
          56          57  0.97296998290717940     
          56          58  0.97247597283846932     
          56          59  0.98042285233690640     
          20          60   1.0295392918609649     
          60          61  0.98042475111229899     
          60          62  0.97282947692753674     
          60          63  0.97319118452276943     
           1          64  0.26214442222046680     
          64          65  0.88406857395612781     
          64          66  0.88385714408660254     
          67          68  0.97086543368585743     
          67          69  0.97104974868675442     
          67          70  0.98183919071399905     
          71          72  0.94121269257682272     
          67          73   1.0317154470100383     
          71          73   1.1887708995094455     
          71          74   1.2621251661816306     
          73          74  0.11199576114130469     
          74          75  0.95478709284994834     
           1          76  0.50929264718781697     
          74          76   1.4798939546617147     
          73          77   1.5602998272955197     
          76          77   1.2458034175972368     
          77          78  0.95768244271692815     
