           1           2  0.58254483569636695     
           1           3  0.57603235366198879     
           1           4  0.56887378825852841     
           1           5  0.57258365870000971     
           2           6   1.2537937072647480     
           6           7   1.1269378082480228     
           7           8   1.6097843666282925     
           2           9   1.2458662391868478     
           8           9   1.1263730813878903     
           3          10   1.2418281032542795     
          10          11   1.1535033707429800     
          11          12   1.5352963308106071     
           3          13   1.2526411690137944     
          12          13   1.1161183984346077     
           4          14   1.2339389088845278     
          14          15   1.1609446375153469     
          15          16   1.5326862474297167     
           4          17   1.2501703517635558     
          16          17   1.1237205054302182     
           5          18   1.2434571346634895     
          18          19   1.1314154882741374     
          19          20   1.6040330592728573     
           5          21   1.2459931484301632     
          20          21   1.1320814595839497     
           6          22   1.3579993583134748     
          21          22   1.3610370633758533     
          22          23  0.96169423753766603     
           9          24   1.3688312286049511     
          10          24   1.3443405137964286     
          24          25  0.96041281373963083     
          13          26   1.3651662644483085     
          14          26   1.3466976153281465     
          26          27  0.95986717370513086     
          17          28   1.3542355978674789     
          18          28   1.3636045670961829     
          28          29  0.95791770135359466     
           8          30   1.0302745021541333     
          30          31  0.98026589513985662     
          30          32  0.97252954424059501     
          30          33  0.97239087934074886     
           7          34   1.0302780306793922     
          34          35  0.97268540146066795     
          34          36  0.97223870753529817     
          34          37  0.98029048635666249     
          11          38   1.0336994204166987     
          38          39  0.96740980492780915     
          38          40  0.97568874434407649     
          38          41  0.97724811603602602     
          12          42   1.1023161497438392     
          42          43  0.95808844733675125     
          42          44   1.8898287471855975     
          44          45  0.97571339776408483     
          44          46  0.97918949332468797     
          15          47   1.0319712015338485     
          47          48  0.97306926178580833     
          47          49  0.96970403461343824     
          47          50  0.98196582274017075     
          16          51   1.0946485390870910     
          51          52  0.95749374856927960     
          51          53   1.8982145654529960     
          53          54  0.97515874614992026     
          53          55  0.97894036737293277     
          19          56   1.0305372996463991     
          56          57  0.97201063026170043     
          56          58  0.97241514206534052     
          56          59  0.98028671098719156     
          20          60   1.0302734567196723     
          60          61  0.98032622983718665     
          60          62  0.97230599633060799     
          60          63  0.97261213592809659     
           1          64  0.27342907657913645     
          64          65  0.87942260771498559     
          64          66  0.87950058958079980     
          67          68  0.98108693768197597     
          67          69  0.97862999771298331     
          67          70  0.97417490648761296     
           1          71  0.44112508631424435     
          67          71  0.99296035737366062     
          71          72  0.94210357969703651     
