    0.46472985
   -0.22862477
   -0.24296166
   -0.23602225
   -0.22035593
    0.05487382
   -0.02883195
   -0.02909222
    0.05124577
    0.04900842
   -0.02215942
   -0.03158111
    0.05356031
    0.05258424
   -0.02004749
   -0.03027095
    0.05703388
    0.05461921
   -0.02778419
   -0.02814702
    0.05621280
   -0.06856190
    0.03826812
   -0.07411186
    0.03640378
   -0.07145160
    0.03743251
   -0.06835095
    0.03851143
   -0.09941666
    0.03562353
    0.03778988
    0.03592376
   -0.09974766
    0.03532830
    0.03959026
    0.03557823
   -0.10136121
    0.03875155
    0.03590612
    0.04344979
   -0.02765120
    0.02564060
   -0.09460174
    0.03685667
    0.02588396
   -0.10153783
    0.03847848
    0.03788530
    0.04451146
   -0.02697900
    0.02739371
   -0.09519302
    0.03598149
    0.02589780
   -0.09985059
    0.03722045
    0.03912510
    0.03594670
   -0.10006751
    0.03601945
    0.03606848
    0.03955306
   -0.47994656
    0.32519233
    0.32457299
   -0.07633384
    0.07100612
    0.07469694
    0.07592931
   -0.11008821
    0.16484431
