           1           2  0.58547210676802719     
           1           3  0.58386404037189221     
           1           4  0.59612470608010726     
           1           5  0.59799719989365896     
           2           6   1.2472706838635632     
           6           7   1.1372356622131801     
           7           8   1.5980804700992073     
           2           9   1.2373494813703936     
           8           9   1.1362027657553067     
           3          10   1.2350487138077306     
          10          11   1.1627019978522415     
          11          12   1.5244483535424498     
           3          13   1.2502773132263902     
          12          13   1.1227243941568941     
           4          14   1.2397376939913149     
          14          15   1.1501283006368082     
          15          16   1.5371190510272881     
           4          17   1.2617594825325562     
          16          17   1.1130693661270958     
           5          18   1.2507944291853108     
          18          19   1.1258994643845084     
          19          20   1.6101942759118435     
           5          21   1.2498272280180613     
          20          21   1.1260969041862958     
           6          22   1.3536422294819421     
          21          22   1.3623261868278753     
          22          23  0.96200529516119349     
           9          24   1.3652762445297013     
          10          24   1.3414109185356733     
          24          25  0.96079251037434799     
          13          26   1.3605084026181973     
          14          26   1.3516563777947181     
          26          27  0.95857062701759865     
          17          28   1.3543191624718642     
          18          28   1.3604070105330257     
          28          29  0.96002559435968127     
           8          30   1.0287505364464078     
          30          31  0.98044408391734361     
          30          32  0.97334082052957993     
          30          33  0.97343686549611153     
           7          34   1.0293824735440720     
          34          35  0.97279737318693937     
          34          36  0.97314174012857135     
          34          37  0.98049207984854680     
          11          38   1.0322679806530615     
          38          39  0.97669414154170453     
          38          40  0.96824814072607412     
          38          41  0.97734398187388494     
          12          42   1.1048470856171306     
          42          43  0.95836286382327029     
          42          44   1.8864841883116692     
          44          45  0.97579258025138227     
          44          46  0.97933417100147313     
          15          47   1.0332690744618926     
          47          48  0.97597872110431227     
          47          49  0.96775551472063748     
          47          50  0.97749181900264703     
          16          51   1.1036427921555225     
          51          52  0.95825378178554854     
          51          53   1.8878684534023171     
          53          54  0.97578566035793812     
          53          55  0.97929262802502381     
          19          56   1.0298946705627035     
          56          57  0.97248890580255698     
          56          58  0.97295763792143097     
          56          59  0.98042059361677381     
          20          60   1.0295589711737416     
          60          61  0.98042367797804642     
          60          62  0.97317943797790329     
          60          63  0.97281536614852726     
           1          64  0.26214611633762175     
          64          65  0.88375827164328657     
          64          66  0.88421207920876288     
          67          68  0.97088387506355689     
          67          69  0.97102772249180314     
          67          70  0.98183983460855373     
          71          72  0.94121135730459704     
          67          73   1.0317175124270828     
          71          73   1.1887645699602054     
          71          74   1.2621426680358492     
          73          74  0.11199469461167352     
          74          75  0.95479734105088077     
           1          76  0.50911076394175048     
          74          76   1.4799563313935247     
          73          77   1.5603047495838291     
          76          77   1.2458367300761113     
          77          78  0.95768433072556813     
