    0.44063545
   -0.23336883
   -0.23307569
   -0.20528335
   -0.20553294
    0.04928816
   -0.03094798
   -0.03400218
    0.04503632
    0.04556578
   -0.02560771
   -0.03363008
    0.05229293
    0.05364186
   -0.02002988
   -0.03083692
    0.05895152
    0.05588357
   -0.02809934
   -0.02858782
    0.05354893
   -0.06997387
    0.03663372
   -0.07955272
    0.03183238
   -0.06931218
    0.03589338
   -0.06572947
    0.03760712
   -0.09795544
    0.03362259
    0.03343935
    0.03448416
   -0.09897206
    0.03632425
    0.03559911
    0.03351981
   -0.09964942
    0.03367281
    0.03463428
    0.04201067
   -0.02745797
    0.02475800
   -0.09698427
    0.03343864
    0.02300961
   -0.10049043
    0.03558824
    0.03739156
    0.04346172
   -0.02679866
    0.02676000
   -0.09732817
    0.03411517
    0.02316598
   -0.09930604
    0.03874411
    0.03579510
    0.03459922
   -0.09903169
    0.03477307
    0.03534055
    0.03701727
   -0.48076357
    0.32137412
    0.32122517
   -0.11803808
    0.05694385
    0.05650509
    0.06402825
   -0.08432952
    0.17430637
    0.03873133
    0.07305637
    0.06960084
   -0.13169377
   -0.00322740
    0.06774968
