           1           2  0.58532270716249046     
           1           3  0.58375681852423267     
           1           4  0.59623309742480779     
           1           5  0.59777576909537367     
           2           6   1.2471701180902963     
           6           7   1.1373357229705048     
           7           8   1.5979590900837448     
           2           9   1.2372756341477422     
           8           9   1.1363175126644391     
           3          10   1.2351079109403325     
          10          11   1.1626126828301937     
          11          12   1.5245618801411633     
           3          13   1.2503576030097152     
          12          13   1.1226915060281002     
           4          14   1.2398227943491471     
          14          15   1.1499742358591498     
          15          16   1.5373287306492496     
           4          17   1.2617813875817034     
          16          17   1.1129502443834027     
           5          18   1.2507840976267177     
          18          19   1.1260002652664636     
          19          20   1.6100861264621475     
           5          21   1.2497695233686703     
          20          21   1.1261846322597375     
           6          22   1.3536261700519587     
          21          22   1.3622908082742053     
          22          23  0.96201475831682293     
           9          24   1.3652231990089951     
          10          24   1.3414438904525283     
          24          25  0.96077672621301402     
          13          26   1.3605057344035929     
          14          26   1.3517223284459754     
          26          27  0.95857413509051814     
          17          28   1.3544018097264987     
          18          28   1.3603235561769846     
          28          29  0.96004005158590988     
           8          30   1.0287470525474580     
          30          31  0.98044616343322799     
          30          32  0.97329194897562898     
          30          33  0.97348376913888213     
           7          34   1.0293761152983771     
          34          35  0.97281185632425748     
          34          36  0.97313836658840636     
          34          37  0.98049395443331244     
          11          38   1.0322765590162590     
          38          39  0.97669375781489964     
          38          40  0.96824144876968354     
          38          41  0.97733969387531661     
          12          42   1.1047820930023251     
          42          43  0.95834839566770336     
          42          44   1.8865646097837334     
          44          45  0.97579688045927804     
          44          46  0.97933174604366013     
          15          47   1.0332739161671922     
          47          48  0.97596725823101749     
          47          49  0.96775526268630063     
          47          50  0.97750657284806586     
          16          51   1.1035645111717090     
          51          52  0.95826068921270879     
          51          53   1.8879504384711645     
          53          54  0.97578849638486576     
          53          55  0.97929016978893602     
          19          56   1.0298929764470279     
          56          57  0.97248515826668946     
          56          58  0.97296028807902346     
          56          59  0.98042177723893109     
          20          60   1.0295527284735038     
          60          61  0.98042321154715184     
          60          62  0.97320851940844788     
          60          63  0.97279784474134134     
           1          64  0.26210274134323125     
          64          65  0.88371505913051907     
          64          66  0.88417941752167539     
          67          68  0.97077742999080985     
          67          69  0.97113485428231916     
          67          70  0.98184009553900253     
          71          72  0.94121275681350536     
          67          73   1.0317169038416305     
          71          73   1.1887816494025103     
          71          74   1.2620942650994553     
          73          74  0.11199516028696388     
          74          75  0.95477732094811429     
           1          76  0.50960865289367363     
          74          76   1.4797872577934752     
          73          77   1.5602905463677696     
          76          77   1.2457392470405004     
          77          78  0.95767687769051768     
