    0.39757232
   -0.21695550
   -0.20961762
   -0.20311745
   -0.21061240
    0.04837216
   -0.03328970
   -0.03356774
    0.04847466
    0.04942309
   -0.02745420
   -0.03417444
    0.05608394
    0.05217619
   -0.02562164
   -0.03338606
    0.05690245
    0.05112569
   -0.03154751
   -0.03289578
    0.04916467
   -0.07451297
    0.03091989
   -0.07419455
    0.03074909
   -0.07011635
    0.03769706
   -0.07036990
    0.03787548
   -0.09675858
    0.03166959
    0.03352919
    0.03253642
   -0.09679990
    0.03390933
    0.03217558
    0.03165404
   -0.09745239
    0.03285743
    0.03468061
    0.03507811
   -0.02611039
    0.02288856
   -0.09759686
    0.03114046
    0.02133555
   -0.09820457
    0.03563328
    0.03537057
    0.03540823
   -0.02584737
    0.02319542
   -0.09755219
    0.03124211
    0.02104652
   -0.09750054
    0.03458953
    0.03472557
    0.03199100
   -0.09683060
    0.03382134
    0.03214723
    0.03203280
   -0.11602761
    0.05406209
    0.05455480
    0.06194523
   -0.08664641
    0.17136528
    0.03687914
    0.07459602
    0.06708669
   -0.12534065
   -0.00112807
    0.06409026
   -0.11605749
    0.05413188
    0.05443647
    0.06195087
   -0.08663467
    0.17145380
    0.03686103
    0.07495231
    0.06662018
   -0.12537750
   -0.00144823
    0.06456658
