           1           2  0.58456535253619968     
           1           3  0.58562105442899148     
           1           4  0.58790942772558286     
           1           5  0.58756381170651695     
           2           6   1.2530606573795087     
           6           7   1.1329061882144296     
           7           8   1.6027306577897780     
           2           9   1.2444602268428946     
           8           9   1.1320328845605192     
           3          10   1.2454205842596298     
          10          11   1.1583714197370785     
          11          12   1.5330755332308268     
           3          13   1.2541692387272758     
          12          13   1.1165407575334243     
           4          14   1.2416622240540802     
          14          15   1.1560121532183882     
          15          16   1.5347556490065914     
           4          17   1.2608138761453325     
          16          17   1.1158506754285431     
           5          18   1.2487087480106072     
          18          19   1.1309558359606184     
          19          20   1.6042073413218778     
           5          21   1.2507447078946898     
          20          21   1.1314145926261447     
           6          22   1.3513979261862550     
          21          22   1.3554406802234911     
          22          23  0.96271110897587742     
           9          24   1.3648911898639118     
          10          24   1.3375560924202359     
          24          25  0.96263558969875684     
          13          26   1.3602134263996799     
          14          26   1.3436904292923819     
          26          27  0.95877884518202383     
          17          28   1.3506341868381395     
          18          28   1.3576356768433080     
          28          29  0.95876681248162599     
           8          30   1.0283395764464025     
          30          31  0.98067578191369587     
          30          32  0.97430686324067850     
          30          33  0.97316650913247948     
           7          34   1.0283183158037066     
          34          35  0.97356170008641785     
          34          36  0.97387493242191381     
          34          37  0.98071323935083954     
          11          38   1.0301683627388112     
          38          39  0.97125581833799157     
          38          40  0.97401767560355812     
          38          41  0.98227506909188889     
          12          42   1.0996055755093437     
          42          43  0.95807126910354656     
          42          44   1.8912554230574863     
          44          45  0.97526132437838597     
          44          46  0.97927415541229756     
          15          47   1.0308227173161721     
          47          48  0.97330950865628685     
          47          49  0.97094898741922564     
          47          50  0.98240099480855925     
          16          51   1.0995294235094626     
          51          52  0.95817395894033230     
          51          53   1.8915569974951878     
          53          54  0.97520859729646170     
          53          55  0.97927508250705564     
          19          56   1.0289496982923791     
          56          57  0.97365170035598037     
          56          58  0.97295205355634518     
          56          59  0.98068765086429455     
          20          60   1.0283109359491733     
          60          61  0.97424920674247850     
          60          62  0.98068388840587006     
          60          63  0.97331284776403948     
          64          65  0.97162269860222927     
          64          66  0.97144523599131483     
          64          67  0.98218330413288657     
          68          69  0.94213295648879813     
          64          70   1.0312445333026450     
          68          70   1.1870664872003533     
          68          71   1.2603472905685016     
          70          71  0.11286610344988653     
          71          72  0.95575673920188164     
           1          73  0.49389512256475399     
          71          73   1.4855107992642109     
          70          74   1.5615184612944528     
          73          74   1.2501308418949080     
          74          75  0.96083927361981358     
          76          77  0.97154064153709396     
          76          78  0.97155806869315697     
          76          79  0.98219175894727095     
          80          81  0.94210608251287375     
          76          82   1.0312179623181561     
          80          82   1.1870817698017035     
          80          83   1.2604946378354751     
          82          83  0.11290937882313895     
          83          84  0.95594166191953567     
           1          85  0.49370461678022165     
          83          85   1.4855750494130906     
          82          86   1.5614934779818681     
          85          86   1.2501509844675185     
          86          87  0.96060812166164367     
