    0.39630971
   -0.21049699
   -0.20327191
   -0.20972362
   -0.21640062
    0.04932458
   -0.03254343
   -0.03226516
    0.05115411
    0.05218793
   -0.02599520
   -0.03329622
    0.05700216
    0.05180207
   -0.02308234
   -0.03491421
    0.05267524
    0.04861384
   -0.03311870
   -0.03341989
    0.04853220
   -0.07421865
    0.03116922
   -0.07085082
    0.03196293
   -0.06994180
    0.03759726
   -0.07351387
    0.03105478
   -0.09715703
    0.03186595
    0.03403946
    0.03359208
   -0.09689849
    0.03189103
    0.03439062
    0.03200037
   -0.09789566
    0.03473757
    0.03465929
    0.03528852
   -0.02575898
    0.02326004
   -0.09722696
    0.03080315
    0.02142212
   -0.09920432
    0.03567524
    0.03420258
    0.04062884
   -0.02682508
    0.02102389
   -0.09874791
    0.03280496
    0.01985506
   -0.09674334
    0.03458230
    0.03242084
    0.03180682
   -0.09679991
    0.03190289
    0.03386374
    0.03227037
   -0.11609588
    0.05456901
    0.05417931
    0.06210964
   -0.08661980
    0.17143751
    0.03692615
    0.07469878
    0.06694368
   -0.12552785
   -0.00132096
    0.06445179
   -0.11597315
    0.05406661
    0.05468749
    0.06157013
   -0.08644775
    0.17166712
    0.03682604
    0.07482203
    0.06731636
   -0.12522471
   -0.00124799
    0.06412382
