    0.39383780
   -0.20404829
   -0.20377565
   -0.21511707
   -0.21497269
    0.05220184
   -0.03021971
   -0.03258748
    0.05178363
    0.05219479
   -0.02375569
   -0.03294284
    0.05548156
    0.05128139
   -0.02614651
   -0.03672871
    0.05126109
    0.04612154
   -0.03445693
   -0.03169789
    0.05104885
   -0.06908040
    0.03332439
   -0.07263015
    0.03068697
   -0.06846243
    0.03275643
   -0.07909904
    0.03514914
   -0.09698362
    0.03213194
    0.03318357
    0.03372844
   -0.09746184
    0.03423565
    0.03426926
    0.03223161
   -0.09877081
    0.03488125
    0.03268023
    0.04062202
   -0.02638570
    0.02259058
   -0.09833324
    0.03269135
    0.02021660
   -0.09786485
    0.03594495
    0.03485296
    0.03493397
   -0.02613859
    0.02274237
   -0.09821804
    0.02771540
    0.02071183
   -0.09658379
    0.03315435
    0.03257140
    0.03204223
   -0.09733887
    0.03432276
    0.03193107
    0.03400267
   -0.11598382
    0.05453476
    0.05414962
    0.06164226
   -0.08633198
    0.17176275
    0.03666993
    0.07539621
    0.06822811
   -0.12606317
   -0.00158457
    0.06492517
   -0.11602712
    0.05420949
    0.05454576
    0.06175433
   -0.08645701
    0.17167181
    0.03672051
    0.07518703
    0.06771519
   -0.12576676
   -0.00142769
    0.06481217
