    0.44068807
   -0.23345031
   -0.23306039
   -0.20529246
   -0.20555499
    0.04926695
   -0.03095750
   -0.03401435
    0.04501699
    0.04558175
   -0.02559224
   -0.03362287
    0.05230265
    0.05365580
   -0.02002048
   -0.03084706
    0.05894395
    0.05589767
   -0.02809279
   -0.02858894
    0.05354405
   -0.06999429
    0.03662550
   -0.07955353
    0.03182548
   -0.06929998
    0.03591494
   -0.06574278
    0.03760112
   -0.09795238
    0.03362228
    0.03342639
    0.03448467
   -0.09897056
    0.03631700
    0.03559863
    0.03351743
   -0.09965439
    0.03366640
    0.03465198
    0.04201522
   -0.02746186
    0.02476805
   -0.09697869
    0.03344389
    0.02301049
   -0.10050425
    0.03559575
    0.03740109
    0.04346704
   -0.02679796
    0.02676359
   -0.09732902
    0.03410869
    0.02316470
   -0.09930721
    0.03874000
    0.03580647
    0.03460000
   -0.09902875
    0.03477737
    0.03533371
    0.03701405
   -0.48076098
    0.32140075
    0.32124108
   -0.11804289
    0.05681098
    0.05663264
    0.06403536
   -0.08433665
    0.17430056
    0.03873195
    0.07302205
    0.06960218
   -0.13164189
   -0.00324865
    0.06776371
