           1           2  0.57835947492544226     
           1           3  0.56878398237615702     
           1           4  0.56987167292984731     
           1           5  0.58162948910205037     
           2           6   1.2503840885413913     
           6           7   1.1300006749628069     
           7           8   1.6064472990253014     
           2           9   1.2435558370157345     
           8           9   1.1293057675913629     
           3          10   1.2357420476654175     
          10          11   1.1597701908633187     
          11          12   1.5295645707850880     
           3          13   1.2483311315626620     
          12          13   1.1220843053269638     
           4          14   1.2364392232768058     
          14          15   1.1540950566146375     
          15          16   1.5349201350751704     
           4          17   1.2555548223296362     
          16          17   1.1187088369247078     
           5          18   1.2500736471969012     
          18          19   1.1270881389970369     
          19          20   1.6086465580664346     
           5          21   1.2501835581097580     
          20          21   1.1277074044717406     
           6          22   1.3557679571255812     
          21          22   1.3605968390232892     
          22          23  0.96178316582523382     
           9          24   1.3681625835494917     
          10          24   1.3452951322595377     
          24          25  0.96031570845571079     
          13          26   1.3629024963238572     
          14          26   1.3517189792374973     
          26          27  0.95843460029839878     
          17          28   1.3573626627072071     
          18          28   1.3620180397285677     
          28          29  0.95986499225755995     
           8          30   1.0300336508230907     
          30          31  0.97327065612849917     
          30          32  0.98024001943224348     
          30          33  0.97193322913932201     
           7          34   1.0301511074006540     
          34          35  0.97290668497808674     
          34          36  0.97208123365218224     
          34          37  0.98029906139772383     
          11          38   1.0334958518869384     
          38          39  0.96724524954010727     
          38          40  0.97596332556392096     
          38          41  0.97725026854333918     
          12          42   1.1017161085175178     
          42          43  0.95847866061634523     
          42          44   1.8904951205599603     
          44          45  0.97557463696857827     
          44          46  0.97912394683129023     
          15          47   1.0338372505289284     
          47          48  0.97543211567363919     
          47          49  0.96735488674561221     
          47          50  0.97722739848518891     
          16          51   1.1011068672993871     
          51          52  0.95830647713421069     
          51          53   1.8913664920818327     
          53          54  0.97562875594443033     
          53          55  0.97911976534612721     
          19          56   1.0304738405367282     
          56          57  0.97247329126755400     
          56          58  0.97214776926073010     
          56          59  0.98025084247637329     
          20          60   1.0302175237005435     
          60          61  0.98027553484222341     
          60          62  0.97240818801268136     
          60          63  0.97259152938927063     
           1          64  0.27366371171545834     
          64          65  0.88013081334796262     
          64          66  0.87934782549584589     
          67          68  0.98107826405086251     
          67          69  0.97861035751501968     
          67          70  0.97403747771568039     
           1          71  0.44281256141170550     
          67          71  0.99282707615445753     
          71          72  0.94237827851053213     
