    0.46469890
   -0.22862674
   -0.24289101
   -0.23605116
   -0.22033931
    0.05484949
   -0.02885022
   -0.02908703
    0.05125125
    0.04903538
   -0.02214544
   -0.03159732
    0.05354474
    0.05262295
   -0.02001860
   -0.03027453
    0.05701875
    0.05460075
   -0.02777627
   -0.02813369
    0.05621698
   -0.06858361
    0.03824740
   -0.07408287
    0.03643439
   -0.07142659
    0.03742944
   -0.06839108
    0.03850026
   -0.09942017
    0.03591847
    0.03562117
    0.03781585
   -0.09974193
    0.03530576
    0.03959238
    0.03557519
   -0.10136750
    0.03876805
    0.03591623
    0.04345954
   -0.02767101
    0.02562905
   -0.09462140
    0.03686964
    0.02587253
   -0.10153563
    0.03847139
    0.03789726
    0.04453045
   -0.02699060
    0.02738508
   -0.09519804
    0.03599719
    0.02588880
   -0.09985101
    0.03722593
    0.03911392
    0.03594994
   -0.10006637
    0.03606909
    0.03955516
    0.03602090
   -0.47993476
    0.32458766
    0.32516600
   -0.07634158
    0.07099421
    0.07465852
    0.07597531
   -0.11011388
    0.16484795
