           1           2  0.57183959466069090     
           1           3  0.56630854205926484     
           1           4  0.57756407603346727     
           1           5  0.58519649393786322     
           2           6   1.2492255666497936     
           6           7   1.1361052215018124     
           7           8   1.5995295648588552     
           2           9   1.2377713631857974     
           8           9   1.1351500005391717     
           3          10   1.2323589181086663     
          10          11   1.1631667736911178     
          11          12   1.5257823572046345     
           3          13   1.2479102942138762     
          12          13   1.1252622323067463     
           4          14   1.2374143700776481     
          14          15   1.1501405282457675     
          15          16   1.5387417346889090     
           4          17   1.2612705558819279     
          16          17   1.1153697270239307     
           5          18   1.2533348784411160     
          18          19   1.1214111197342918     
          19          20   1.6153303964506438     
           5          21   1.2513908445404749     
          20          21   1.1216804862736665     
           6          22   1.3540406179259847     
          21          22   1.3656036050965377     
          22          23  0.96161966067942439     
           9          24   1.3662684089201502     
          10          24   1.3432052674712465     
          24          25  0.96062911795121830     
          13          26   1.3600770925059558     
          14          26   1.3529032506089769     
          26          27  0.95848943430724809     
          17          28   1.3555574764483966     
          18          28   1.3648480844072255     
          28          29  0.95960774719207287     
           8          30   1.0295728040376944     
          30          31  0.98027923290631258     
          30          32  0.97319295033401532     
          30          33  0.97248069526380332     
           7          34   1.0301988078792319     
          34          35  0.97272251311934377     
          34          36  0.97209149134842565     
          34          37  0.98033388475133731     
          11          38   1.0329960110464580     
          38          39  0.96754321130404453     
          38          40  0.97629919005193877     
          38          41  0.97732225739015866     
          12          42   1.1018713683337322     
          42          43  0.95813207653903965     
          42          44   1.8902750706919789     
          44          45  0.97567396775419279     
          44          46  0.97917761932693115     
          15          47   1.0337295312125740     
          47          48  0.96730317186810466     
          47          49  0.97577583806888291     
          47          50  0.97727869357072294     
          16          51   1.1010601650971952     
          51          52  0.95814419166633391     
          51          53   1.8915947426274251     
          53          54  0.97556067497521248     
          53          55  0.97907343190431184     
          19          56   1.0310876761091976     
          56          57  0.97192015814942867     
          56          58  0.97197828838925759     
          56          59  0.98020651495600730     
          20          60   1.0305303745242305     
          60          61  0.97257702869183116     
          60          62  0.98021156689677791     
          60          63  0.97220633909235477     
           1          64  0.27475034477995242     
          64          65  0.88072133370981343     
          64          66  0.87989636385483760     
          67          68  0.98090061797742645     
          67          69  0.97903255205947259     
          67          70  0.97501800433656260     
           1          71  0.43686841127591414     
          67          71  0.99326808088373142     
          71          72  0.94237067611220138     
