           1           2  0.58232017574655082     
           1           3  0.57680279414431268     
           1           4  0.56661245945403194     
           1           5  0.57336701299124504     
           2           6   1.2544012620102016     
           6           7   1.1267589284995687     
           7           8   1.6097672118609054     
           2           9   1.2460030576097261     
           8           9   1.1263879413824411     
           3          10   1.2412463598121490     
          10          11   1.1535629669481440     
          11          12   1.5357124122161172     
           3          13   1.2530316380851398     
          12          13   1.1163520920134129     
           4          14   1.2325719081902198     
          14          15   1.1596133839109406     
          15          16   1.5290427465041643     
           4          17   1.2524880579175652     
          16          17   1.1230471937242530     
           5          18   1.2447018983897720     
          18          19   1.1312606360329327     
          19          20   1.6040638997223058     
           5          21   1.2455318452500643     
          20          21   1.1318520334556252     
           6          22   1.3575223086320751     
          21          22   1.3618770688364930     
          22          23  0.96164039189441286     
           9          24   1.3686053442335255     
          10          24   1.3448402192977564     
          24          25  0.96045862494323042     
          13          26   1.3639908098582936     
          14          26   1.3490349348864548     
          26          27  0.95855333765575079     
          17          28   1.3557190254245111     
          18          28   1.3623297440296824     
          28          29  0.95964174901747268     
           8          30   1.0302663360592585     
          30          31  0.98025905476318687     
          30          32  0.97218966458710387     
          30          33  0.97273656142762266     
           7          34   1.0303317842175643     
          34          35  0.97290437220457671     
          34          36  0.97195700304509813     
          34          37  0.98026438619301326     
          11          38   1.0336474923469665     
          38          39  0.96744708230441778     
          38          40  0.97570853471506680     
          38          41  0.97729468878962256     
          12          42   1.1017661965797336     
          42          43  0.95810522709984502     
          42          44   1.8903805277280221     
          44          45  0.97572021491801275     
          44          46  0.97917251539780992     
          15          47   1.0335993114689186     
          47          48  0.97611019253499176     
          47          49  0.96716730234309334     
          47          50  0.97720835547327867     
          16          51   1.1013091405954467     
          51          52  0.95802357876730726     
          51          53   1.8911651953500948     
          53          54  0.97565054593680289     
          53          55  0.97914273535490781     
          19          56   1.0303550362564113     
          56          57  0.97160050752370430     
          56          58  0.97311596889215624     
          56          59  0.98022100844801963     
          20          60   1.0303581920142866     
          60          61  0.97231441967087795     
          60          62  0.98028519792129210     
          60          63  0.97246175204314744     
           1          64  0.27401285107656753     
          64          65  0.87963514302365242     
          64          66  0.87970825073143344     
          67          68  0.98107297744047284     
          67          69  0.97861677692858828     
          67          70  0.97428400451479868     
           1          71  0.44042388143912387     
          67          71  0.99302347194032947     
          71          72  0.94239154098227451     
