           1           2  0.57177162267308113     
           1           3  0.56637009884164569     
           1           4  0.57757639314144127     
           1           5  0.58507591507938472     
           2           6   1.2490623290482701     
           6           7   1.1362480408358682     
           7           8   1.5993788114812086     
           2           9   1.2377174101452102     
           8           9   1.1352712412465358     
           3          10   1.2322864100170057     
          10          11   1.1631113901800083     
          11          12   1.5259172374454020     
           3          13   1.2478716607489553     
          12          13   1.1252876913730743     
           4          14   1.2375732354066074     
          14          15   1.1499873712200499     
          15          16   1.5388708165047296     
           4          17   1.2613624282659770     
          16          17   1.1152373930070116     
           5          18   1.2533544613957870     
          18          19   1.1214720205910320     
          19          20   1.6152537758497190     
           5          21   1.2513197838093326     
          20          21   1.1217492223498908     
           6          22   1.3540231804026952     
          21          22   1.3655966528487455     
          22          23  0.96162760503684841     
           9          24   1.3661922816055723     
          10          24   1.3432457761733110     
          24          25  0.96064872204632590     
          13          26   1.3600590950279956     
          14          26   1.3529253993305650     
          26          27  0.95849507980084181     
          17          28   1.3556210611755515     
          18          28   1.3647824190336735     
          28          29  0.95960001653592897     
           8          30   1.0295750684929266     
          30          31  0.98027666224265564     
          30          32  0.97317969790104353     
          30          33  0.97249042928004659     
           7          34   1.0301871055393590     
          34          35  0.97273487322124741     
          34          36  0.97209129885469459     
          34          37  0.98033074446512791     
          11          38   1.0329859565442350     
          38          39  0.96755524873979204     
          38          40  0.97629645621435024     
          38          41  0.97735167646731158     
          12          42   1.1016837123783418     
          42          43  0.95812410880178334     
          42          44   1.8904804767184142     
          44          45  0.97568461566967146     
          44          46  0.97917273559355711     
          15          47   1.0337483479886980     
          47          48  0.96728754431556352     
          47          49  0.97578164367858389     
          47          50  0.97726166942802284     
          16          51   1.1010903152122529     
          51          52  0.95813877691900440     
          51          53   1.8915688422595953     
          53          54  0.97556082690033785     
          53          55  0.97907322647046013     
          19          56   1.0310899010858792     
          56          57  0.97190287065179093     
          56          58  0.97198997562610934     
          56          59  0.98020513683675259     
          20          60   1.0305257476351841     
          60          61  0.97258933561353633     
          60          62  0.98020992798241635     
          60          63  0.97220354465131154     
           1          64  0.27470387896526699     
          64          65  0.88060896660930155     
          64          66  0.87984637594161474     
          67          68  0.98090500993280916     
          67          69  0.97904242806097375     
          67          70  0.97500066573619337     
           1          71  0.43682863269841976     
          67          71  0.99326311821065005     
          71          72  0.94237139572571171     
