           1           2  0.59793574900782920     
           1           3  0.59708933023154365     
           1           4  0.58381715056929140     
           1           5  0.58424506672093302     
           2           6   1.2511401955342429     
           6           7   1.1277622383029926     
           7           8   1.6088028633196796     
           2           9   1.2464036243901500     
           8           9   1.1270161362719984     
           3          10   1.2459880989959407     
          10          11   1.1505727139195658     
          11          12   1.5372268218513894     
           3          13   1.2545496054607213     
          12          13   1.1112924759892260     
           4          14   1.2347650146158646     
          14          15   1.1607119423275922     
          15          16   1.5268588846591395     
           4          17   1.2540410844308578     
          16          17   1.1215123196784766     
           5          18   1.2426547097454865     
          18          19   1.1371716723093186     
          19          20   1.5967358581887565     
           5          21   1.2427873520183967     
          20          21   1.1382594399595323     
           6          22   1.3569135660855172     
          21          22   1.3553706007992143     
          22          23  0.96220848465663489     
           9          24   1.3682354659529150     
          10          24   1.3452226176380269     
          24          25  0.96042661280279162     
          13          26   1.3655152763119958     
          14          26   1.3443767154308099     
          26          27  0.95851326289500216     
          17          28   1.3553386104113052     
          18          28   1.3588769360116784     
          28          29  0.96004612956440094     
           8          30   1.0298580568748430     
          30          31  0.98042493182972412     
          30          32  0.97244470414890216     
          30          33  0.97306506765112832     
           7          34   1.0291566377779027     
          34          35  0.97333418180453679     
          34          36  0.97311471108285275     
          34          37  0.98041982016127704     
          11          38   1.0334898952284464     
          38          39  0.97634853154319234     
          38          40  0.96720745869306712     
          38          41  0.97735785352738047     
          12          42   1.1048740450646910     
          42          43  0.95834391427214416     
          42          44   1.8865386450727304     
          44          45  0.97570872193193370     
          44          46  0.97932623392193008     
          15          47   1.0328735195837522     
          47          48  0.97616709739680152     
          47          49  0.96774930942380821     
          47          50  0.97763016497759003     
          16          51   1.1035038706827012     
          51          52  0.95837326609527929     
          51          53   1.8878098858169505     
          53          54  0.97576941380457383     
          53          55  0.97931960555429454     
          19          56   1.0293347066075627     
          56          57  0.97306490115853728     
          56          58  0.97294396728953259     
          56          59  0.98046068426114297     
          20          60   1.0288754376901230     
          60          61  0.97348016433064799     
          60          62  0.98049369955929988     
          60          63  0.97312512369018334     
           1          64  0.26286298294651933     
          64          65  0.88417232732615236     
          64          66  0.88383793457960835     
          67          68  0.97077006659715637     
          67          69  0.97115017068362819     
          67          70  0.98185866963610458     
          71          72  0.94125243273571746     
          67          73   1.0317547763868355     
          71          73   1.1886471414262472     
          71          74   1.2620444329496874     
          73          74  0.11215801329677032     
          74          75  0.95378979629220095     
           1          76  0.50995148566763004     
          74          76   1.4790654480874983     
          73          77   1.5600036633995280     
          76          77   1.2461560140133616     
          77          78  0.95874307071590126     
