           1           2  0.59832358225587612     
           1           3  0.59498943193499187     
           1           4  0.58412408595360743     
           1           5  0.58692961086669659     
           2           6   1.2529836330251201     
           6           7   1.1272719086490224     
           7           8   1.6090401497813680     
           2           9   1.2451290557967998     
           8           9   1.1270426888816423     
           3          10   1.2436752602227685     
          10          11   1.1534173706589839     
          11          12   1.5349604638329966     
           3          13   1.2543843885875492     
          12          13   1.1137327399395600     
           4          14   1.2349612407354225     
          14          15   1.1607171622212047     
          15          16   1.5263187524100621     
           4          17   1.2535364070056914     
          16          17   1.1213982727919889     
           5          18   1.2428771965484415     
          18          19   1.1348818741266444     
          19          20   1.5995983096947752     
           5          21   1.2448168539765161     
          20          21   1.1356719225284462     
           6          22   1.3574619743438017     
          21          22   1.3583835662422896     
          22          23  0.96201409300605001     
           9          24   1.3676881678294850     
          10          24   1.3428256978575621     
          24          25  0.96051671178152831     
          13          26   1.3652681511561797     
          14          26   1.3467113153463979     
          26          27  0.95855820187451657     
          17          28   1.3535256417885198     
          18          28   1.3580594339625376     
          28          29  0.96010835490537128     
           8          30   1.0294216101335627     
          30          31  0.97329269935083629     
          30          32  0.98041985291374467     
          30          33  0.97278110807274154     
           7          34   1.0295875469695801     
          34          35  0.97326686295255249     
          34          36  0.97263701805100200     
          34          37  0.98043379131441621     
          11          38   1.0330265000095320     
          38          39  0.97648457985509851     
          38          40  0.96742987238393430     
          38          41  0.97752852875895557     
          12          42   1.1042118103517573     
          42          43  0.95832465867188399     
          42          44   1.8872320643361462     
          44          45  0.97569766485928111     
          44          46  0.97930136320663286     
          15          47   1.0330250968967658     
          47          48  0.97624571501954083     
          47          49  0.96763817811165642     
          47          50  0.97753525575396882     
          16          51   1.1040411084695854     
          51          52  0.95840966173792008     
          51          53   1.8871866604694332     
          53          54  0.97578700212079039     
          53          55  0.97933818082911572     
          19          56   1.0291638495768647     
          56          57  0.97279957937418393     
          56          58  0.97344337803700476     
          56          59  0.98044324204025457     
          20          60   1.0293796267031112     
          60          61  0.97315209935198566     
          60          62  0.98049770773758538     
          60          63  0.97285342309474609     
           1          64  0.26277589707096660     
          64          65  0.88452829281730472     
          64          66  0.88380045917144723     
          67          68  0.97086108177594010     
          67          69  0.97109186176184958     
          67          70  0.98189157306722286     
          71          72  0.94116837562760780     
          67          73   1.0317578286451057     
          71          73   1.1886642435528476     
          71          74   1.2625375375905457     
          73          74  0.11242902303864002     
          74          75  0.95292188387072685     
           1          76  0.50901856948033541     
          74          76   1.4787432223683907     
          73          77   1.5596050594895561     
          76          77   1.2469312105622508     
          77          78  0.95971205822248018     
