    0.44055430
   -0.20982853
   -0.21126563
   -0.22800789
   -0.22744712
    0.05307857
   -0.02883819
   -0.02973110
    0.05293598
    0.05307778
   -0.02140161
   -0.03182462
    0.05532268
    0.04982737
   -0.02240622
   -0.03483071
    0.05158479
    0.04786622
   -0.03242280
   -0.03047176
    0.05036739
   -0.06948882
    0.03671673
   -0.06934065
    0.03705423
   -0.06976464
    0.03570544
   -0.07610819
    0.03257918
   -0.09895981
    0.03309122
    0.03457009
    0.03899342
   -0.09904470
    0.03509563
    0.03764537
    0.03438651
   -0.10066104
    0.03288041
    0.04000689
    0.04214232
   -0.02686543
    0.02369846
   -0.09675436
    0.03575171
    0.02316174
   -0.10027564
    0.03471524
    0.03739580
    0.04212099
   -0.02769739
    0.02349098
   -0.09724934
    0.03433657
    0.02260115
   -0.09824295
    0.03492958
    0.03527857
    0.03365151
   -0.09898146
    0.03573550
    0.03388981
    0.03596744
   -0.48040365
    0.32122490
    0.32143943
   -0.11775691
    0.05646667
    0.05663356
    0.06369108
   -0.08388173
    0.17432538
    0.03829563
    0.07267204
    0.07002397
   -0.13141055
   -0.00288936
    0.06727260
