    0.44144856
   -0.23458705
   -0.23254364
   -0.20449172
   -0.20624553
    0.04897223
   -0.03115423
   -0.03418631
    0.04470797
    0.04518169
   -0.02888329
   -0.03314084
    0.05439439
    0.05347401
   -0.01961531
   -0.03087910
    0.05901167
    0.05567082
   -0.02824790
   -0.02876101
    0.05324893
   -0.07035921
    0.03628959
   -0.08004508
    0.03169894
   -0.06936415
    0.04162306
   -0.06578102
    0.03753738
   -0.09796383
    0.03448491
    0.03348883
    0.03333904
   -0.09891033
    0.03619040
    0.03545475
    0.03340738
   -0.09851573
    0.03525638
    0.03399120
    0.03642626
   -0.02686490
    0.02502045
   -0.09624779
    0.03364418
    0.02426812
   -0.10092343
    0.03650694
    0.03754587
    0.04363362
   -0.02686849
    0.02667503
   -0.09743614
    0.03422651
    0.02300695
   -0.09927749
    0.03863852
    0.03574111
    0.03446843
   -0.09894561
    0.03464558
    0.03512204
    0.03695279
   -0.48120684
    0.32135389
    0.32124581
   -0.11801034
    0.05686025
    0.05645885
    0.06399112
   -0.08443938
    0.17420920
    0.03874511
    0.07314661
    0.06917909
   -0.13133999
   -0.00328257
    0.06793378
