    0.63833623
   -0.20984751
   -0.20690788
   -0.20654341
   -0.20757083
    0.06254702
   -0.02046488
   -0.02285304
    0.06411575
    0.06435404
   -0.01748453
   -0.02269746
    0.06668982
    0.06421175
   -0.01059890
   -0.02426874
    0.07550690
    0.07103111
   -0.02176724
   -0.01987294
    0.06305922
   -0.06324331
    0.04764870
   -0.06546829
    0.04819716
   -0.06145664
    0.05283389
   -0.05963009
    0.04787610
   -0.10193800
    0.04026959
    0.04497067
    0.03867705
   -0.10206557
    0.03954286
    0.04552761
    0.04031042
   -0.10266203
    0.04027245
    0.04546319
    0.04319739
   -0.02481942
    0.03457916
   -0.09394074
    0.03543665
    0.03102579
   -0.10354351
    0.04134005
    0.04458974
    0.05023506
   -0.02597683
    0.03450895
   -0.09542228
    0.03670067
    0.02903066
   -0.10188290
    0.03755056
    0.04817267
    0.04002651
   -0.10189262
    0.04036448
    0.04647696
    0.03871356
   -0.16549308
   -0.29455410
   -0.11734243
    0.05797581
    0.05772593
    0.06381001
   -0.08404002
    0.17614982
    0.03897155
    0.08585698
    0.06230850
   -0.18156009
    0.00433803
    0.05728230
