           1           2  0.61505635785207069     
           1           3  0.62237129168154337     
           1           4  0.61140541854927211     
           1           5  0.62548319663611907     
           2           6   1.2635370914848238     
           6           7   1.1324055386171878     
           7           8   1.5930429050759942     
           2           9   1.1908322116029435     
           8           9   1.1210570948460628     
           3          10   1.2550547377116941     
          10          11   1.2432120731573251     
          11          12   1.4098801706147110     
           3          13   1.2169933997795721     
          12          13   1.1650377748520557     
           4          14   1.2574295668109086     
          14          15   1.1561538522454882     
          15          16   1.5172287572070062     
           4          17   1.2003811619199316     
          16          17   1.1098765045702268     
           5          18   1.2815616537032306     
          18          19   1.1917963808567655     
          19          20   1.5089050828631443     
           5          21   1.1980767227161766     
          20          21   1.1877001169101493     
           6          22   1.3281680748904661     
          21          22   1.3331067960685024     
          22          23  0.96111794063700329     
           9          24   1.4347634864327092     
          10          24   1.2117343089578645     
          24          25  0.96151017320517496     
          13          26   1.3337985408496127     
          14          26   1.3148972009219508     
          26          27  0.95465613559503082     
          17          28   1.4265323655481581     
          18          28   1.2277802633721462     
          28          29  0.95967525371264473     
           8          30   1.0328770432865255     
          30          31  0.97986319157151758     
          30          32  0.97145237661329209     
          30          33  0.97003958069644058     
           7          34   1.0314248292326276     
          34          35  0.97311584954961916     
          34          36  0.97012708774276457     
          34          37  0.97995198153319230     
          11          38   1.0316922173059910     
          38          39  0.97043925889019955     
          38          40  0.97350579197181009     
          38          41  0.98095102099130471     
          12          42   1.1269188979540472     
          42          43  0.95671551996416759     
          42          44   1.8539099782388957     
          44          45  0.97469739908014452     
          44          46  0.97950164462047262     
          15          47   1.0352001217391289     
          47          48  0.96654957319160495     
          47          49  0.97453339812843909     
          47          50  0.97590306209139022     
          16          51   1.1105193655307997     
          51          52  0.95791085081432170     
          51          53   1.8783040693490654     
          53          54  0.97525489636797913     
          53          55  0.97899282927017572     
          19          56   1.0308211518589414     
          56          57  0.97300261384433950     
          56          58  0.97146867148928207     
          56          59  0.98024681770340405     
          20          60   1.0309493529461620     
          60          61  0.97989131330495971     
          60          62  0.96959458388917052     
          60          63  0.97521304383334129     
           1          64  0.98628580614394912     
           1          65  0.56521953981373685     
          64          65   1.2600901437816958     
          66          67  0.96932633149132674     
          66          68  0.96967315761349604     
          66          69  0.98115135065281622     
          70          71  0.93863775318236942     
          66          72   1.0333309177426364     
          70          72   1.1890030412910515     
          70          73   1.2801138826438874     
          72          73  0.10959983601412934     
          73          74  0.95671077363466694     
           1          75  0.41089522653986649     
          73          75   1.5018055842897928     
          72          76   1.5607780687116337     
          75          76   1.2621211318429379     
          76          77  0.96394996938670474     
