           1           2  0.57768137086160154     
           1           3  0.58061338213381675     
           1           4  0.57277952890921258     
           1           5  0.58007476542059133     
           2           6   1.2507776090721729     
           6           7   1.1288453353895049     
           7           8   1.6027489129744832     
           2           9   1.2476673667218960     
           8           9   1.1295869781243399     
           3          10   1.2473291100405250     
          10          11   1.1544643596663757     
          11          12   1.5379511553958369     
           3          13   1.2517060495210020     
          12          13   1.1180816296762790     
           4          14   1.2411475791819309     
          14          15   1.1474465722936396     
          15          16   1.5359226465056812     
           4          17   1.2637078612552193     
          16          17   1.1157392055932664     
           5          18   1.2506382082560756     
          18          19   1.1299995964957186     
          19          20   1.6012832286957335     
           5          21   1.2499283809202046     
          20          21   1.1283609776698700     
           6          22   1.3546296777152214     
          21          22   1.3568141356373786     
          22          23  0.96123429937586080     
           9          24   1.3673156437315512     
          10          24   1.3435105972130841     
          24          25  0.96089942525301342     
          13          26   1.3572621529261524     
          14          26   1.3504870946276686     
          26          27  0.95598381590018144     
          17          28   1.3550324187721012     
          18          28   1.3608778250416178     
          28          29  0.95892338434093205     
           8          30   1.0312678287797579     
          30          31  0.97991266043092951     
          30          32  0.97147879380384861     
          30          33  0.97226360007019386     
           7          34   1.0317943627563539     
          34          35  0.97221792835552057     
          34          36  0.97079898782772589     
          34          37  0.97992011628443665     
          11          38   1.0329963113359111     
          38          39  0.97000755500191127     
          38          40  0.97144183359341418     
          38          41  0.98188405386458177     
          12          42   1.0931133761208265     
          42          43  0.95680825414558623     
          42          44   1.9011855412998782     
          44          45  0.97483464576516266     
          44          46  0.97864293161796712     
          15          47   1.0357846787646112     
          47          48  0.96604474361795534     
          47          49  0.97473825020973304     
          47          50  0.97645056694473997     
          16          51   1.1010649634575627     
          51          52  0.95751379235875200     
          51          53   1.8923782368426729     
          53          54  0.97552299213922977     
          53          55  0.97894783490053494     
          19          56   1.0316526628246021     
          56          57  0.97300615430954440     
          56          58  0.97004624643120729     
          56          59  0.97989276276134241     
          20          60   1.0319087747415125     
          60          61  0.97990655000152693     
          60          62  0.97005337295617788     
          60          63  0.97282003547464790     
           1          64   1.1711028023514933     
           1          65  0.67714995095494790     
          64          65   1.1824794665646174     
          66          67  0.97041216785408468     
          66          68  0.97051014989676976     
          66          69  0.98176238024587237     
          70          71  0.94021832584634679     
          66          72   1.0324909725624156     
          70          72   1.1873414164050207     
          70          73   1.2758494418035140     
          72          73  0.11139746330801163     
          73          74  0.95904046447164915     
           1          75  0.32244128157029117     
          73          75   1.5234807965275816     
          72          76   1.5617245245632962     
          75          76   1.2717717339418653     
          76          77  0.96570644361735147     
