    0.67998740
   -0.21819080
   -0.21151689
   -0.21391258
   -0.20548542
    0.06630219
   -0.02184454
   -0.01967324
    0.06177573
    0.06068048
   -0.02796585
   -0.02903483
    0.06053584
    0.06733789
   -0.01399887
   -0.02098337
    0.07175717
    0.06638109
   -0.02901527
   -0.02756935
    0.05391446
   -0.06309375
    0.04989421
   -0.06436532
    0.04939026
   -0.06410795
    0.05529886
   -0.05541478
    0.05133482
   -0.10278487
    0.04178368
    0.04707625
    0.04081760
   -0.10231050
    0.03946462
    0.04580608
    0.04104141
   -0.10037978
    0.03541768
    0.04118333
    0.04154315
   -0.02616044
    0.03167876
   -0.09948796
    0.03020670
    0.02717938
   -0.10373544
    0.04039659
    0.04455624
    0.05108368
   -0.02599238
    0.03681134
   -0.09490408
    0.03772609
    0.03055320
   -0.10083807
    0.03453023
    0.04558588
    0.03928049
   -0.10089282
    0.03979345
    0.04339247
    0.03527841
   -0.19416393
   -0.26887767
   -0.11934606
    0.06196772
    0.06100465
    0.06727194
   -0.07832566
    0.18127017
    0.04274962
    0.08424179
    0.06922593
   -0.16795676
    0.00409771
    0.06372259
