           1           2  0.57768131488830610     
           1           3  0.58061342642423353     
           1           4  0.57277953800887338     
           1           5  0.58007472783822345     
           2           6   1.2507776154300434     
           6           7   1.1288453152084952     
           7           8   1.6027489415473533     
           2           9   1.2476673921215604     
           8           9   1.1295869576124973     
           3          10   1.2473290923287188     
          10          11   1.1544643784988879     
          11          12   1.5379511351972648     
           3          13   1.2517060429107949     
          12          13   1.1180816480836198     
           4          14   1.2411475828946521     
          14          15   1.1474465580839524     
          15          16   1.5359226747144272     
           4          17   1.2637078463195484     
          16          17   1.1157391911718784     
           5          18   1.2506382265466844     
          18          19   1.1299996150260054     
          19          20   1.6012832010787617     
           5          21   1.2499283842781230     
          20          21   1.1283609950532834     
           6          22   1.3546296951448444     
          21          22   1.3568141208573976     
          22          23  0.96123429957647266     
           9          24   1.3673156433326719     
          10          24   1.3435105903859759     
          24          25  0.96089942348709179     
          13          26   1.3572621374245439     
          14          26   1.3504871099884828     
          26          27  0.95598380705360086     
          17          28   1.3550324496244286     
          18          28   1.3608777887042995     
          28          29  0.95892338623679885     
           8          30   1.0312678283952446     
          30          31  0.97991266149559175     
          30          32  0.97147878072722949     
          30          33  0.97226361187083366     
           7          34   1.0317943634443447     
          34          35  0.97221793350111452     
          34          36  0.97079898291538202     
          34          37  0.97992011654302125     
          11          38   1.0329963099563273     
          38          39  0.97000755829546237     
          38          40  0.97144182974866156     
          38          41  0.98188405661614941     
          12          42   1.0931133691903527     
          42          43  0.95680825595770103     
          42          44   1.9011855493370620     
          44          45  0.97483464074339532     
          44          46  0.97864293107841960     
          15          47   1.0357846798214494     
          47          48  0.96604473908363897     
          47          49  0.97473825959782945     
          47          50  0.97645056118159856     
          16          51   1.1010649505683237     
          51          52  0.95751379233460898     
          51          53   1.8923782484162934     
          53          54  0.97552299537530274     
          53          55  0.97894783520217876     
          19          56   1.0316526631289356     
          56          57  0.97300615916074251     
          56          58  0.97004624172037102     
          56          59  0.97989276153280647     
          20          60   1.0319087761500698     
          60          61  0.97990654898542440     
          60          62  0.97005337492349331     
          60          63  0.97282003314849230     
           1          64   1.1711027374995981     
           1          65  0.67714992565083076     
          64          65   1.1824795042998133     
          66          67  0.97041216411077380     
          66          68  0.97051015436332289     
          66          69  0.98176238064670174     
          70          71  0.94021832543297901     
          66          72   1.0324909710692414     
          70          72   1.1873414127477382     
          70          73   1.2758494461305168     
          72          73  0.11139746243501386     
          73          74  0.95904045908823177     
           1          75  0.32244133796756430     
          73          75   1.5234807882743513     
          72          76   1.5617245280755567     
          75          76   1.2717717281397540     
          76          77  0.96570643907900244     
