    0.72412287
   -0.20826158
   -0.21740759
   -0.19974493
   -0.21171393
    0.07186768
   -0.01019976
   -0.01164309
    0.07184316
    0.08273409
   -0.00091673
   -0.00722272
    0.08194085
    0.07045668
   -0.00960877
   -0.00625694
    0.08828791
    0.08874949
   -0.00703391
   -0.00631193
    0.07561983
   -0.05176820
    0.07619867
   -0.05392489
    0.07579879
   -0.05495779
    0.07559481
   -0.04906962
    0.07527243
   -0.11174981
    0.05974228
    0.06112327
    0.05534773
   -0.11153804
    0.05492350
    0.06272814
    0.05999351
   -0.11352328
    0.06092766
    0.06432560
    0.06262664
   -0.02460101
    0.05801024
   -0.08293436
    0.04736768
    0.05849503
   -0.11177716
    0.05762608
    0.05256360
    0.06724357
   -0.01920134
    0.05547122
   -0.07593053
    0.06452648
    0.06197365
   -0.11298683
    0.05567896
    0.06634589
    0.06050798
   -0.11292134
    0.06081688
    0.06486852
    0.05501922
   -0.18621426
   -0.23027157
   -0.12604890
    0.07415279
    0.07436392
    0.07486566
   -0.06823250
    0.19560994
    0.05110909
    0.08184923
    0.06940933
   -0.17655677
   -0.00030876
    0.06273827
