    0.79021088
   -0.22384102
   -0.21594033
   -0.21927588
   -0.21874227
    0.07057420
   -0.00598120
   -0.00621165
    0.06911394
    0.06879433
   -0.00298204
   -0.00917524
    0.07300550
    0.07087774
    0.00334567
   -0.00780964
    0.07583034
    0.07004668
   -0.00712846
   -0.00653192
    0.06877392
   -0.06127873
    0.07370184
   -0.06273403
    0.07280518
   -0.05988045
    0.07592484
   -0.06070374
    0.07179749
   -0.11248756
    0.05993024
    0.06201833
    0.05649384
   -0.11257308
    0.05661796
    0.06189543
    0.05968258
   -0.11309222
    0.05730415
    0.06252370
    0.06175715
   -0.02669104
    0.05572196
   -0.08492945
    0.04471977
    0.05562498
   -0.11393475
    0.06130144
    0.05936819
    0.06856730
   -0.02743312
    0.05006563
   -0.08200608
    0.05513524
    0.05601073
   -0.11245921
    0.05432085
    0.06416182
    0.05973637
   -0.11262824
    0.05974663
    0.06305129
    0.05531454
   -0.11352409
   -0.19973105
   -0.12642159
    0.07507483
    0.07498943
    0.07555026
   -0.06608759
    0.19696039
    0.05182566
    0.08416635
    0.07260334
   -0.18108306
    0.00100542
    0.06525040
