    0.44065246
   -0.23342265
   -0.23304884
   -0.20518124
   -0.20566168
    0.04923675
   -0.03096504
   -0.03399162
    0.04506494
    0.04554578
   -0.02561467
   -0.03362194
    0.05233891
    0.05369276
   -0.01999976
   -0.03082569
    0.05896695
    0.05586761
   -0.02811377
   -0.02860914
    0.05349672
   -0.07004457
    0.03660526
   -0.07953639
    0.03182559
   -0.06924823
    0.03591846
   -0.06573828
    0.03760136
   -0.09795850
    0.03448235
    0.03362147
    0.03344776
   -0.09896685
    0.03629502
    0.03560218
    0.03351833
   -0.09964645
    0.03366507
    0.03463610
    0.04201338
   -0.02745278
    0.02477978
   -0.09698121
    0.03343225
    0.02301170
   -0.10050566
    0.03561054
    0.03739836
    0.04347905
   -0.02679155
    0.02677199
   -0.09732798
    0.03410597
    0.02316534
   -0.09930469
    0.03873468
    0.03579350
    0.03459267
   -0.09902634
    0.03476820
    0.03533566
    0.03699553
   -0.48075843
    0.32134767
    0.32126433
   -0.11803924
    0.05693102
    0.05651640
    0.06402843
   -0.08432560
    0.17430634
    0.03873472
    0.07303690
    0.06959131
   -0.13164046
   -0.00324774
    0.06776941
