           1           2  0.58547262458229354     
           1           3  0.58377513166476158     
           1           4  0.59614502002649039     
           1           5  0.59785726065001388     
           2           6   1.2472451597952199     
           6           7   1.1372534865164432     
           7           8   1.5980709966992992     
           2           9   1.2373474704758602     
           8           9   1.1362116969992686     
           3          10   1.2350523126522142     
          10          11   1.1626872159042645     
          11          12   1.5244714982460317     
           3          13   1.2503297372846944     
          12          13   1.1227443307568385     
           4          14   1.2397798081339890     
          14          15   1.1500560177413293     
          15          16   1.5371794157712628     
           4          17   1.2617991881558552     
          16          17   1.1130019304583831     
           5          18   1.2507997390682135     
          18          19   1.1259531545489310     
          19          20   1.6101282796174625     
           5          21   1.2497956095147675     
          20          21   1.1261521585651360     
           6          22   1.3536384225138010     
          21          22   1.3623051506578772     
          22          23  0.96200863480167209     
           9          24   1.3652927850665686     
          10          24   1.3414049803649726     
          24          25  0.96077994305083303     
          13          26   1.3604690619770927     
          14          26   1.3516976460688896     
          26          27  0.95857814421138299     
          17          28   1.3543635740268629     
          18          28   1.3603420208333008     
          28          29  0.96002808130657047     
           8          30   1.0287526768931845     
          30          31  0.97344378964203893     
          30          32  0.98043981680258763     
          30          33  0.97333289164679992     
           7          34   1.0293796245121301     
          34          35  0.97280845458298448     
          34          36  0.97313475993102871     
          34          37  0.98048814858579081     
          11          38   1.0322774857319987     
          38          39  0.97670197597065256     
          38          40  0.96823826302467464     
          38          41  0.97732789483008842     
          12          42   1.1047930359629823     
          42          43  0.95835636649180855     
          42          44   1.8865452125235000     
          44          45  0.97579537512241821     
          44          46  0.97933248710435550     
          15          47   1.0332805379170114     
          47          48  0.97597084643370757     
          47          49  0.96775357986358512     
          47          50  0.97748514293960365     
          16          51   1.1036681449419941     
          51          52  0.95824614341714298     
          51          53   1.8878434520691512     
          53          54  0.97578424328909275     
          53          55  0.97929193507014500     
          19          56   1.0298953380364344     
          56          57  0.97248676492589636     
          56          58  0.97296022328425225     
          56          59  0.98041902740744202     
          20          60   1.0295567727263197     
          60          61  0.98042234747443668     
          60          62  0.97318189284571477     
          60          63  0.97281756940427844     
           1          64  0.26216289512169688     
          64          65  0.88380430803875698     
          64          66  0.88415107622611799     
          67          68  0.97091163037621053     
          67          69  0.97100283059820780     
          67          70  0.98183923790685568     
          71          72  0.94121218383646599     
          67          73   1.0317147622229574     
          71          73   1.1887813357436980     
          71          74   1.2621032234740397     
          73          74  0.11199286987482965     
          74          75  0.95481594621251853     
           1          76  0.50932539891412310     
          74          76   1.4799010663948231     
          73          77   1.5603038550461361     
          76          77   1.2457866345119277     
          77          78  0.95766491686612820     
