    0.39802927
   -0.21058343
   -0.20382724
   -0.20971240
   -0.21628113
    0.04924857
   -0.03259245
   -0.03231418
    0.05100754
    0.05219757
   -0.02596268
   -0.03340982
    0.05676562
    0.05124527
   -0.02641398
   -0.03453701
    0.05451624
    0.04814071
   -0.03302577
   -0.03350521
    0.04856489
   -0.07422442
    0.03102862
   -0.07093551
    0.03175935
   -0.07043102
    0.03751998
   -0.07374849
    0.03673697
   -0.09711897
    0.03177421
    0.03402549
    0.03349871
   -0.09689473
    0.03183032
    0.03437597
    0.03191031
   -0.09784244
    0.03469607
    0.03463238
    0.03517006
   -0.02586434
    0.02297091
   -0.09746548
    0.03097375
    0.02115912
   -0.09809839
    0.03561586
    0.03521159
    0.03514107
   -0.02619405
    0.02247243
   -0.09770377
    0.03124027
    0.02085073
   -0.09709201
    0.03477049
    0.03281978
    0.03187609
   -0.09680850
    0.03182535
    0.03362879
    0.03244749
   -0.11602914
    0.05464910
    0.05402469
    0.06193989
   -0.08661880
    0.17138222
    0.03690973
    0.07457653
    0.06709969
   -0.12539384
   -0.00112162
    0.06406292
   -0.11594506
    0.05398538
    0.05467606
    0.06156251
   -0.08652921
    0.17157822
    0.03680309
    0.07473015
    0.06714475
   -0.12547387
   -0.00119363
    0.06408983
