           1           2  0.58770976015621512     
           1           3  0.58355133841083351     
           1           4  0.58514038257675605     
           1           5  0.58949329623633839     
           2           6   1.2541739982378834     
           6           7   1.1305792384948599     
           7           8   1.6055347598067640     
           2           9   1.2453799810681550     
           8           9   1.1297610061063028     
           3          10   1.2428156483263435     
          10          11   1.1603102041969093     
          11          12   1.5246942798523584     
           3          13   1.2556105022734714     
          12          13   1.1172968948968078     
           4          14   1.2414833845074071     
          14          15   1.1580693296526456     
          15          16   1.5328454194098362     
           4          17   1.2597749462434749     
          16          17   1.1178839406615075     
           5          18   1.2497973018827546     
          18          19   1.1289807502284275     
          19          20   1.6065090543719707     
           5          21   1.2520087101071993     
          20          21   1.1295211818418285     
           6          22   1.3522688950615103     
          21          22   1.3558343945614573     
          22          23  0.96258735875827806     
           9          24   1.3656161683934958     
          10          24   1.3377516701089738     
          24          25  0.96093084313772670     
          13          26   1.3606347215676242     
          14          26   1.3420934960469628     
          26          27  0.96014041782207293     
          17          28   1.3497905205342524     
          18          28   1.3585341875590196     
          28          29  0.95881070840496974     
           8          30   1.0284330482233737     
          30          31  0.98061143303694909     
          30          32  0.97388879190465572     
          30          33  0.97344525402146453     
           7          34   1.0286464608021746     
          34          35  0.97357989006411638     
          34          36  0.97347130824144301     
          34          37  0.98065184346616074     
          11          38   1.0320084072037807     
          38          39  0.96851247076801128     
          38          40  0.97681370656590127     
          38          41  0.97746461803482498     
          12          42   1.1087811292533880     
          42          43  0.95854306013830581     
          42          44   1.8812538171793594     
          44          45  0.97592346547461051     
          44          46  0.97953154681167920     
          15          47   1.0303804495055195     
          47          48  0.97399352035639963     
          47          49  0.97102132576987021     
          47          50  0.98223122141182972     
          16          51   1.0984657556015793     
          51          52  0.95799917063198847     
          51          53   1.8925795067317286     
          53          54  0.97526072263529351     
          53          55  0.97924188804164147     
          19          56   1.0289984477221237     
          56          57  0.97349329754736147     
          56          58  0.97306044669174752     
          56          59  0.98065174526785226     
          20          60   1.0285776441540326     
          60          61  0.98066868885155212     
          60          62  0.97326189807434715     
          60          63  0.97394981360108712     
          64          65  0.97152127300444679     
          64          66  0.97158406322554058     
          64          67  0.98226051877079579     
          68          69  0.94200240720911710     
          64          70   1.0311903224043799     
          68          70   1.1872055224534783     
          68          71   1.2609385575250367     
          70          71  0.11275585579656339     
          71          72  0.95574293832910495     
           1          73  0.49418383445871117     
          71          73   1.4855550600305991     
          70          74   1.5614172173480338     
          73          74   1.2501544192342740     
          74          75  0.96067242566922684     
          76          77  0.97164548258899652     
          76          78  0.97141235862491626     
          76          79  0.98218914065675733     
          80          81  0.94205442674023743     
          76          82   1.0312381599389060     
          80          82   1.1871035736514159     
          80          83   1.2608600351705179     
          82          83  0.11282559058759734     
          83          84  0.95558158530194159     
           1          85  0.49354763662649559     
          83          85   1.4857133766539043     
          82          86   1.5615247579153069     
          85          86   1.2502418406940869     
          86          87  0.96066520605131256     
