    0.39639474
   -0.21028155
   -0.21565288
   -0.20950754
   -0.20449376
    0.05127126
   -0.03181534
   -0.03275832
    0.04930892
    0.04905860
   -0.02471128
   -0.03561130
    0.05201948
    0.04970656
   -0.02734160
   -0.03399611
    0.05626587
    0.05193735
   -0.03098081
   -0.03167098
    0.05189795
   -0.07106297
    0.03216474
   -0.07386723
    0.03098357
   -0.07329623
    0.03089436
   -0.07032080
    0.03788182
   -0.09686527
    0.03213656
    0.03393932
    0.03230909
   -0.09723513
    0.03389608
    0.03398700
    0.03191168
   -0.09847300
    0.03355868
    0.03310001
    0.04052231
   -0.02703334
    0.02164349
   -0.09892697
    0.03173322
    0.01998665
   -0.09738301
    0.03532557
    0.03311603
    0.03520389
   -0.02596042
    0.02312733
   -0.09750206
    0.03131820
    0.02140643
   -0.09753970
    0.03432965
    0.03501918
    0.03228691
   -0.09722329
    0.03230245
    0.03352381
    0.03390679
   -0.11601103
    0.05452298
    0.05418752
    0.06155735
   -0.08643014
    0.17177902
    0.03680606
    0.07517302
    0.06683345
   -0.12519619
   -0.00156266
    0.06461732
   -0.11609448
    0.05417367
    0.05457048
    0.06197520
   -0.08653139
    0.17158913
    0.03686969
    0.07484042
    0.06702070
   -0.12555490
   -0.00138469
    0.06438485
