           1           2  0.59059268420272026     
           1           3  0.58874808435954973     
           1           4  0.58540773112027389     
           1           5  0.58821653296046639     
           2           6   1.2550218108475968     
           6           7   1.1284967352103037     
           7           8   1.6078119158667969     
           2           9   1.2457677053978575     
           8           9   1.1281072633206091     
           3          10   1.2463932813403500     
          10          11   1.1559116870730732     
          11          12   1.5363233393148998     
           3          13   1.2548281161890389     
          12          13   1.1146139112894229     
           4          14   1.2401162964377819     
          14          15   1.1617424777360914     
          15          16   1.5268776836407354     
           4          17   1.2581146809292743     
          16          17   1.1201299473449498     
           5          18   1.2454818460354955     
          18          19   1.1327508158411941     
          19          20   1.6020714876165281     
           5          21   1.2517901201504100     
          20          21   1.1329029697136195     
           6          22   1.3557653703141794     
          21          22   1.3543288575085097     
          22          23  0.96250249203166527     
           9          24   1.3644330203522741     
          10          24   1.3360138461004156     
          24          25  0.96264227169161154     
          13          26   1.3639144559864120     
          14          26   1.3416915959279543     
          26          27  0.95865619388863454     
          17          28   1.3459802695893146     
          18          28   1.3567447045496215     
          28          29  0.95894855537489598     
           8          30   1.0284636988088554     
          30          31  0.97414777082999060     
          30          32  0.98065529447487021     
          30          33  0.97318564118374096     
           7          34   1.0288262043422383     
          34          35  0.97379446487760446     
          34          36  0.97308143486870469     
          34          37  0.98066438327813032     
          11          38   1.0302518387600117     
          38          39  0.97382108919437416     
          38          40  0.97123435855091633     
          38          41  0.98241908892048957     
          12          42   1.0988512890236872     
          42          43  0.95806367700594885     
          42          44   1.8922732400437154     
          44          45  0.97527332981844439     
          44          46  0.97925189041768546     
          15          47   1.0309078346881846     
          47          48  0.97110386534767101     
          47          49  0.97287720833199165     
          47          50  0.98248998801059617     
          16          51   1.1012250492505733     
          51          52  0.95831617250860734     
          51          53   1.8890216382262099     
          53          54  0.97524343122391099     
          53          55  0.97932322883839062     
          19          56   1.0283041586945545     
          56          57  0.97300464869464787     
          56          58  0.97442444028805386     
          56          59  0.98066498177276218     
          20          60   1.0287031114228691     
          60          61  0.98072113388585713     
          60          62  0.97389539653405466     
          60          63  0.97311644732204949     
          64          65  0.97151245501392491     
          64          66  0.97164212296142682     
          64          67  0.98228002841879047     
          68          69  0.94200552230298862     
          64          70   1.0311784589214774     
          68          70   1.1867403121030051     
          68          71   1.2624838788020531     
          70          71  0.11262944599838839     
          71          72  0.95444417752712807     
           1          73  0.48808526953330106     
          71          73   1.4878010855152368     
          70          74   1.5616814999358946     
          73          74   1.2511957414885853     
          74          75  0.95967552304539450     
          76          77  0.97168028469048040     
          76          78  0.97137630058383428     
          76          79  0.98223719989701974     
          80          81  0.94201667367952446     
          76          82   1.0312400791941676     
          80          82   1.1869036864250897     
          80          83   1.2618480112499901     
          82          83  0.11267823876801790     
          83          84  0.95505142197585735     
           1          85  0.48999330302118149     
          83          85   1.4872910993556527     
          82          86   1.5615561992353131     
          85          86   1.2508899467543644     
          86          87  0.96032312309048939     
