    0.44150995
   -0.23481880
   -0.20970625
   -0.20402347
   -0.22886554
    0.04751058
   -0.03221328
   -0.03327747
    0.04593641
    0.05051536
   -0.02546127
   -0.03038581
    0.05958426
    0.05630753
   -0.01834255
   -0.03193770
    0.05615533
    0.04939452
   -0.03134287
   -0.03161318
    0.04859850
   -0.07484583
    0.03386250
   -0.07525025
    0.03423650
   -0.06344208
    0.04441808
   -0.07159645
    0.03487549
   -0.09843025
    0.03352297
    0.03365753
    0.03568533
   -0.09845238
    0.03497500
    0.03506398
    0.03332756
   -0.09913378
    0.03767648
    0.03417115
    0.03745364
   -0.02590508
    0.02679307
   -0.09665769
    0.03320866
    0.02460446
   -0.10142720
    0.03818806
    0.03781938
    0.04375411
   -0.02689914
    0.02500212
   -0.09756368
    0.03444724
    0.02270176
   -0.09871519
    0.03591394
    0.03580402
    0.03360001
   -0.09841596
    0.03465804
    0.03371953
    0.03512607
   -0.48097261
    0.32132523
    0.32134409
   -0.11789578
    0.05676425
    0.05638137
    0.06388876
   -0.08421735
    0.17421599
    0.03853804
    0.07289236
    0.06943362
   -0.13132734
   -0.00312329
    0.06769671
