    0.46558092
   -0.21711563
   -0.24535752
   -0.24456723
   -0.22019511
    0.05714247
   -0.02687570
   -0.02858091
    0.05505902
    0.05108264
   -0.02314137
   -0.03382373
    0.04926004
    0.04839409
   -0.02217274
   -0.03104363
    0.05402181
    0.05451448
   -0.02630309
   -0.02548339
    0.05894747
   -0.06413488
    0.04135781
   -0.07109128
    0.03643270
   -0.07779208
    0.03393592
   -0.07110771
    0.03867699
   -0.09981266
    0.03613397
    0.03871825
    0.03603545
   -0.10033599
    0.03731618
    0.03995532
    0.03603114
   -0.10103898
    0.03711301
    0.03647945
    0.04311715
   -0.02843090
    0.02499992
   -0.09532794
    0.03564032
    0.02509667
   -0.10071232
    0.03578321
    0.03792039
    0.04388207
   -0.02775749
    0.02766327
   -0.09529911
    0.03578820
    0.02578014
   -0.10011810
    0.03940384
    0.03781160
    0.03670795
   -0.10050835
    0.03893513
    0.03671913
    0.03925887
   -0.47895083
    0.32496769
    0.32533576
   -0.07593039
    0.07097754
    0.07428932
    0.07602646
   -0.11166970
    0.16638496
