           1           2  0.58277990709285366     
           1           3  0.56795515745001057     
           1           4  0.56660864720501658     
           1           5  0.58166257067713523     
           2           6   1.2565634879803900     
           6           7   1.1259882123863216     
           7           8   1.6107342102512463     
           2           9   1.2446025442250199     
           8           9   1.1254574526442909     
           3          10   1.2350231902143562     
          10          11   1.1622635028914809     
          11          12   1.5267801870675288     
           3          13   1.2474767066290546     
          12          13   1.1236306488922032     
           4          14   1.2320426835044094     
          14          15   1.1592954103507001     
          15          16   1.5291223401912239     
           4          17   1.2534778674800884     
          16          17   1.1234549770904421     
           5          18   1.2498325978179810     
          18          19   1.1239673328869693     
          19          20   1.6124071006758374     
           5          21   1.2516106276502128     
          20          21   1.1243122220253619     
           6          22   1.3566664242734863     
          21          22   1.3635929676418790     
          22          23  0.96149671500874778     
           9          24   1.3701360219423182     
          10          24   1.3421244580089171     
          24          25  0.96039345157286893     
          13          26   1.3615801198438773     
          14          26   1.3501071403316107     
          26          27  0.95847118944149456     
          17          28   1.3541531924485295     
          18          28   1.3647671132863357     
          28          29  0.95972096721272737     
           8          30   1.0301149980546747     
          30          31  0.97261490407558682     
          30          32  0.98023412031332291     
          30          33  0.97254538777254151     
           7          34   1.0305616691095196     
          34          35  0.97277626973832376     
          34          36  0.97175683367566101     
          34          37  0.98026887140613383     
          11          38   1.0333434082830493     
          38          39  0.96740830687782065     
          38          40  0.97596842790292271     
          38          41  0.97730078520427266     
          12          42   1.1020621560116217     
          42          43  0.95823391663250579     
          42          44   1.8899242090537136     
          44          45  0.97569638689438598     
          44          46  0.97918940293531775     
          15          47   1.0335278227003366     
          47          48  0.96717436663189371     
          47          49  0.97600934548779195     
          47          50  0.97726890120372290     
          16          51   1.1013984248386095     
          51          52  0.95843996640242213     
          51          53   1.8910047351154988     
          53          54  0.97553384481429517     
          53          55  0.97910472713349739     
          19          56   1.0306621918447425     
          56          57  0.97197398478357389     
          56          58  0.97248082113856260     
          56          59  0.98019633143961227     
          20          60   1.0306982301595589     
          60          61  0.98023901511179035     
          60          62  0.97196958419418944     
          60          63  0.97251627740064728     
           1          64  0.27450999768339385     
          64          65  0.88009374261279416     
          64          66  0.88043841876224449     
          67          68  0.98098333284249351     
          67          69  0.97864797001579518     
          67          70  0.97453688416177076     
           1          71  0.44006927416798181     
          67          71  0.99306272792109640     
          71          72  0.94189266214462297     
