    0.44256990
   -0.21362774
   -0.20891199
   -0.22502768
   -0.22941770
    0.05140307
   -0.02951170
   -0.02979401
    0.05289560
    0.05307439
   -0.02435389
   -0.03129202
    0.05781112
    0.05065385
   -0.02474317
   -0.03500250
    0.05152480
    0.04827964
   -0.03192366
   -0.03097279
    0.04917548
   -0.07196288
    0.03549211
   -0.06945777
    0.03685465
   -0.06789739
    0.04219835
   -0.07606255
    0.03842967
   -0.09900837
    0.03430168
    0.03368317
    0.03848028
   -0.09884906
    0.03688128
    0.03487667
    0.03417816
   -0.09959601
    0.03914823
    0.03446748
    0.03745074
   -0.02576810
    0.02665612
   -0.09691164
    0.03171853
    0.02401367
   -0.10000777
    0.03807341
    0.03723965
    0.03694738
   -0.02661367
    0.02508196
   -0.09704286
    0.03086359
    0.02346650
   -0.09857411
    0.03556306
    0.03540319
    0.03353031
   -0.09872858
    0.03369885
    0.03517778
    0.03545203
   -0.48132329
    0.32152544
    0.32102546
   -0.11776566
    0.05656983
    0.05645428
    0.06368653
   -0.08392534
    0.17430238
    0.03829563
    0.07290018
    0.06969114
   -0.13135473
   -0.00287443
    0.06713585
