    0.46577088
   -0.25002801
   -0.24351112
   -0.21589289
   -0.21882551
    0.04908978
   -0.03167529
   -0.03190252
    0.04592075
    0.04820784
   -0.02270917
   -0.03096357
    0.05404018
    0.05647985
   -0.01746889
   -0.02760129
    0.06249537
    0.05739347
   -0.02651358
   -0.02881778
    0.05435568
   -0.07333867
    0.03595270
   -0.07826920
    0.03430687
   -0.06849958
    0.03924938
   -0.06300455
    0.04102601
   -0.09897880
    0.03485588
    0.03562805
    0.03602090
   -0.09928818
    0.03545588
    0.03721829
    0.03480543
   -0.10098022
    0.03865440
    0.03484164
    0.04328504
   -0.02772569
    0.02637127
   -0.09446660
    0.03687858
    0.02608373
   -0.10201862
    0.03852124
    0.03998095
    0.04508281
   -0.02619547
    0.02746703
   -0.09478395
    0.03721438
    0.02622317
   -0.10032435
    0.03743341
    0.04075684
    0.03605361
   -0.09968706
    0.03615976
    0.03844310
    0.03572266
   -0.47960407
    0.32499952
    0.32501012
   -0.07611360
    0.07081097
    0.07430348
    0.07614478
   -0.11161404
    0.16608655
