    0.44106974
   -0.23344831
   -0.20418505
   -0.20549755
   -0.23450239
    0.04485451
   -0.03383389
   -0.03122065
    0.04918503
    0.05393108
   -0.02004252
   -0.03083980
    0.05879068
    0.05619127
   -0.01969700
   -0.03103833
    0.05622970
    0.04893301
   -0.03098925
   -0.03398609
    0.04522847
   -0.08004283
    0.03198771
   -0.06928785
    0.03649073
   -0.06510305
    0.03760921
   -0.06985391
    0.03590801
   -0.09893622
    0.03358950
    0.03658264
    0.03521899
   -0.09800760
    0.03325439
    0.03476236
    0.03355883
   -0.10075143
    0.03445289
    0.03880490
    0.04270783
   -0.02666924
    0.02448001
   -0.09645265
    0.03561401
    0.02340152
   -0.10098404
    0.03683434
    0.03792417
    0.04349944
   -0.02659043
    0.02502409
   -0.09728487
    0.03443285
    0.02284439
   -0.09879663
    0.03607832
    0.03627268
    0.03347170
   -0.09793144
    0.03360905
    0.03481171
    0.03292978
   -0.48075316
    0.32132245
    0.32139536
   -0.11797663
    0.05691236
    0.05656631
    0.06397110
   -0.08440584
    0.17416570
    0.03876235
    0.07290603
    0.06958695
   -0.13157667
   -0.00315325
    0.06768040
