    0.44069749
   -0.23386697
   -0.23265947
   -0.20472715
   -0.20610777
    0.04897718
   -0.03106934
   -0.03401551
    0.04508742
    0.04551634
   -0.02559509
   -0.03352060
    0.05259301
    0.05391218
   -0.01989786
   -0.03080183
    0.05899710
    0.05584112
   -0.02813304
   -0.02870406
    0.05328471
   -0.07036534
    0.03647011
   -0.07955425
    0.03182267
   -0.06892215
    0.03605182
   -0.06572635
    0.03761131
   -0.09795315
    0.03448914
    0.03359376
    0.03342639
   -0.09893983
    0.03620393
    0.03556563
    0.03350023
   -0.09964874
    0.03365929
    0.03465554
    0.04203896
   -0.02742855
    0.02486097
   -0.09697606
    0.03343999
    0.02303338
   -0.10052442
    0.03569627
    0.03742253
    0.04351303
   -0.02678591
    0.02676927
   -0.09733786
    0.03413700
    0.02316694
   -0.09930739
    0.03871820
    0.03581083
    0.03457234
   -0.09899744
    0.03689841
    0.03475139
    0.03530944
   -0.48078217
    0.32131844
    0.32129090
   -0.11804083
    0.05684539
    0.05660118
    0.06403122
   -0.08433034
    0.17430340
    0.03873415
    0.07301789
    0.06961010
   -0.13164155
   -0.00324859
    0.06776160
