           1           2  0.59798634768667536     
           1           3  0.59709958011782338     
           1           4  0.58378855308225730     
           1           5  0.58430768187837023     
           2           6   1.2511761539857442     
           6           7   1.1277249954085229     
           7           8   1.6088402748762440     
           2           9   1.2464211809155736     
           8           9   1.1269848532246980     
           3          10   1.2459791480236098     
          10          11   1.1505927858926976     
          11          12   1.5372271523769951     
           3          13   1.2545129424748735     
          12          13   1.1113061133356681     
           4          14   1.2347406984084803     
          14          15   1.1607111758165105     
          15          16   1.5268778473763565     
           4          17   1.2540653585278827     
          16          17   1.1215411299480533     
           5          18   1.2426477109315530     
          18          19   1.1371547862988505     
          19          20   1.5967577251009384     
           5          21   1.2428066779815714     
          20          21   1.1382348594752549     
           6          22   1.3569164982892845     
          21          22   1.3553841002725355     
          22          23  0.96221050688316090     
           9          24   1.3682446276412710     
          10          24   1.3452118310092291     
          24          25  0.96043599409113134     
          13          26   1.3655289028597597     
          14          26   1.3443691157943087     
          26          27  0.95853200428343932     
          17          28   1.3553114153289696     
          18          28   1.3588894514131766     
          28          29  0.96005011658286032     
           8          30   1.0298579783026629     
          30          31  0.98042575116794850     
          30          32  0.97244462632319373     
          30          33  0.97306495290958006     
           7          34   1.0291604275659045     
          34          35  0.97332600842408123     
          34          36  0.97312078148133441     
          34          37  0.98042018218237903     
          11          38   1.0334822264494035     
          38          39  0.97633239054787024     
          38          40  0.96722170360938364     
          38          41  0.97737297973671833     
          12          42   1.1048444696276456     
          42          43  0.95834877544384700     
          42          44   1.8865658090976845     
          44          45  0.97570691728704639     
          44          46  0.97932652713255952     
          15          47   1.0328685025372615     
          47          48  0.97616263410862825     
          47          49  0.96775879462415726     
          47          50  0.97763768932764483     
          16          51   1.1034449892681903     
          51          52  0.95836851118319721     
          51          53   1.8878708829398796     
          53          54  0.97577037492170626     
          53          55  0.97931781695765241     
          19          56   1.0293330742445082     
          56          57  0.97304451409757420     
          56          58  0.97296415458427810     
          56          59  0.98046230601562823     
          20          60   1.0288795504474451     
          60          61  0.97346033333051429     
          60          62  0.98049502494035434     
          60          63  0.97314209499602877     
           1          64  0.26287983183330998     
          64          65  0.88421498508956398     
          64          66  0.88381200922019820     
          67          68  0.97086598382009037     
          67          69  0.97105407797567234     
          67          70  0.98186055880547651     
          71          72  0.94125213257324025     
          67          73   1.0317536848923001     
          71          73   1.1886349367017295     
          71          74   1.2620736303251241     
          73          74  0.11215929986906181     
          74          75  0.95378584197662164     
           1          76  0.50978095068628992     
          74          76   1.4791113670088940     
          73          77   1.5600053170069053     
          76          77   1.2461963324799077     
          77          78  0.95877197248590407     
