    0.46561837
   -0.21944616
   -0.22917582
   -0.24340924
   -0.23619314
    0.05495072
   -0.02789553
   -0.02804002
    0.05619957
    0.05479762
   -0.02381060
   -0.03132352
    0.05512710
    0.04830171
   -0.02181848
   -0.03188495
    0.05393336
    0.05181297
   -0.02813898
   -0.02761201
    0.05455687
   -0.06838989
    0.03915800
   -0.06818819
    0.03807765
   -0.07424011
    0.04145286
   -0.07243621
    0.03737287
   -0.10008343
    0.03597744
    0.03953543
    0.03613415
   -0.09992125
    0.03703790
    0.03864479
    0.03584831
   -0.10037480
    0.03657727
    0.03991901
    0.03844881
   -0.02624683
    0.02812539
   -0.09488926
    0.02646438
    0.03132369
   -0.10134309
    0.03647520
    0.03877284
    0.04411873
   -0.02782413
    0.02720030
   -0.09564036
    0.03577943
    0.02552958
   -0.09983784
    0.03954973
    0.03655433
    0.03602259
   -0.10006926
    0.03611228
    0.03732798
    0.03898799
   -0.07601792
    0.07104092
    0.07446056
    0.07582448
   -0.11022986
    0.16562688
   -0.47989479
    0.32486939
    0.32472625
