    0.44085814
   -0.21058933
   -0.20463866
   -0.22766273
   -0.23406986
    0.05047332
   -0.03056870
   -0.02801474
    0.05515919
    0.05621472
   -0.01895880
   -0.03185175
    0.05631376
    0.04961670
   -0.02341792
   -0.03395194
    0.05196652
    0.04786832
   -0.03191630
   -0.03309490
    0.04641345
   -0.07544442
    0.03444655
   -0.06429886
    0.03902456
   -0.07103615
    0.03493181
   -0.07389495
    0.03369035
   -0.09945355
    0.03517316
    0.03445945
    0.03915846
   -0.09853262
    0.03317740
    0.03723209
    0.03448344
   -0.10113673
    0.03492048
    0.03989622
    0.04274604
   -0.02675399
    0.02325207
   -0.09683061
    0.03572006
    0.02306206
   -0.10018358
    0.03418050
    0.03744882
    0.04200446
   -0.02745396
    0.02395182
   -0.09715781
    0.03444890
    0.02266718
   -0.09839586
    0.03519369
    0.03580335
    0.03344232
   -0.09839300
    0.03332359
    0.03369135
    0.03592573
   -0.48038413
    0.32124407
    0.32147190
   -0.11786125
    0.05674309
    0.05648079
    0.06385726
   -0.08419925
    0.17414601
    0.03850682
    0.07258907
    0.06993979
   -0.13146337
   -0.00302250
    0.06731339
