    0.44079101
   -0.21079615
   -0.20993444
   -0.22750458
   -0.22846489
    0.05264999
   -0.02903167
   -0.02985492
    0.05272610
    0.05329690
   -0.02111114
   -0.03153543
    0.05578042
    0.05043008
   -0.02214902
   -0.03484278
    0.05145754
    0.04789954
   -0.03245885
   -0.03069974
    0.04978211
   -0.07010799
    0.03650167
   -0.06931748
    0.03694842
   -0.06906777
    0.03585392
   -0.07612330
    0.03259261
   -0.09897628
    0.03451349
    0.03840250
    0.03367238
   -0.09900368
    0.03511050
    0.03744895
    0.03434588
   -0.10069937
    0.03505030
    0.03723702
    0.04359596
   -0.02673078
    0.02588620
   -0.09741901
    0.03343509
    0.02308371
   -0.10040676
    0.03530438
    0.03727992
    0.04215157
   -0.02772369
    0.02344268
   -0.09728734
    0.03441023
    0.02258117
   -0.09825318
    0.03498908
    0.03523965
    0.03362208
   -0.09895352
    0.03387555
    0.03572353
    0.03578802
   -0.48077844
    0.32141404
    0.32126428
   -0.11776956
    0.05644115
    0.05676085
    0.06369193
   -0.08380023
    0.17439187
    0.03830914
    0.07273956
    0.07015922
   -0.13159455
   -0.00283254
    0.06715692
