           1           2  0.59733364805423539     
           1           3  0.59666948060288361     
           1           4  0.58516330695049401     
           1           5  0.58617569149479853     
           2           6   1.2525312188178306     
           6           7   1.1278102493065878     
           7           8   1.6083892789120269     
           2           9   1.2449956787730134     
           8           9   1.1276152740636116     
           3          10   1.2438346381947265     
          10          11   1.1527877528465049     
          11          12   1.5346765406035867     
           3          13   1.2548772055181323     
          12          13   1.1131642009295406     
           4          14   1.2349065018842580     
          14          15   1.1607449341966696     
          15          16   1.5261606417114517     
           4          17   1.2534321430518955     
          16          17   1.1213081222551409     
           5          18   1.2426738366775834     
          18          19   1.1352651385297694     
          19          20   1.5992169350753391     
           5          21   1.2443708596316052     
          20          21   1.1360081048054447     
           6          22   1.3573604520532876     
          21          22   1.3583641887364193     
          22          23  0.96202880661801005     
           9          24   1.3673173901037565     
          10          24   1.3432356234898890     
          24          25  0.96057164079913204     
          13          26   1.3654273016023348     
          14          26   1.3467043984218343     
          26          27  0.95850884048894813     
          17          28   1.3531779867473721     
          18          28   1.3582247946641317     
          28          29  0.96024837911065986     
           8          30   1.0294200213952907     
          30          31  0.97263636883630500     
          30          32  0.98042274093905735     
          30          33  0.97342957306335975     
           7          34   1.0295519295206443     
          34          35  0.97269632327724465     
          34          36  0.97325070769300481     
          34          37  0.98042961753953806     
          11          38   1.0329883460736602     
          38          39  0.97612069919104016     
          38          40  0.96808521782144308     
          38          41  0.97722050876664746     
          12          42   1.1051699954003213     
          42          43  0.95833968811926340     
          42          44   1.8861452526251610     
          44          45  0.97583008117762238     
          44          46  0.97933829603750522     
          15          47   1.0331419323040552     
          47          48  0.97602264456078802     
          47          49  0.96760400044026540     
          47          50  0.97753344507470541     
          16          51   1.1042020123015612     
          51          52  0.95860565447006096     
          51          53   1.8868179064747510     
          53          54  0.97578683283227385     
          53          55  0.97933678824153414     
          19          56   1.0291947012926137     
          56          57  0.97328626370610261     
          56          58  0.97289974472676599     
          56          59  0.98045012029825118     
          20          60   1.0293299704576815     
          60          61  0.98048937830516614     
          60          62  0.97308389879002677     
          60          63  0.97297454271900308     
           1          64  0.26228485678285962     
          64          65  0.88388894655967443     
          64          66  0.88404595394404573     
          67          68  0.97098982894891395     
          67          69  0.97094203105429588     
          67          70  0.98186098702047031     
          71          72  0.94114136836361395     
          67          73   1.0317751784623763     
          71          73   1.1887315848458559     
          71          74   1.2627337894034416     
          73          74  0.11246810650021574     
          74          75  0.95285696794361008     
           1          76  0.50880745090202528     
          74          76   1.4787003254683380     
          73          77   1.5595813790934678     
          76          77   1.2470601377633124     
          77          78  0.95967088976614567     
