           1           2  0.72960082559002160     
           1           3  0.63990243840068983     
           1           4  0.59505117492119619     
           1           5  0.62939452713768940     
           2           6   1.2198455925576379     
           6           7   1.1917842393796336     
           7           8   1.4966535097696141     
           2           9   1.2076252926477653     
           8           9   1.1925305824331911     
           3          10   1.2176811954654960     
          10          11   1.1662770911672735     
          11          12   1.5013675775140325     
           3          13   1.2148268834384002     
          12          13   1.1123203751926771     
           4          14   1.2132870059442993     
          14          15   1.2741042025112215     
          15          16   1.3527047983488243     
           4          17   1.2486140938598029     
          16          17   1.1994564257597824     
           5          18   1.2107575860313073     
          18          19   1.1336188917246854     
          19          20   1.5786874283461545     
           5          21   1.2213236350336187     
          20          21   1.1408539440764076     
           6          22   1.3034478968306664     
          21          22   1.3759531816846720     
          22          23  0.96139073253771545     
           9          24   1.3189674806293807     
          10          24   1.3561997797759211     
          24          25  0.95972801249339545     
          13          26   1.4126082589988107     
          14          26   1.2451143903636190     
          26          27  0.95751606943729650     
          17          28   1.2687152412771567     
          18          28   1.3978472584384700     
          28          29  0.95829894957235040     
           8          30   1.0312367639617979     
          30          31  0.97127136825991345     
          30          32  0.97981931598839467     
          30          33  0.97231938380794114     
           7          34   1.0312730494013178     
          34          35  0.97156490926489358     
          34          36  0.97198458808339128     
          34          37  0.97983265916266049     
          11          38   1.0352094820900941     
          38          39  0.97563797239122974     
          38          40  0.96559224609802063     
          38          41  0.97615732963484536     
          12          42   1.1141403512621684     
          42          43  0.95813597689351071     
          42          44   1.8724839386035217     
          44          45  0.97546017040662858     
          44          46  0.97927580625236199     
          15          47   1.0326461365949549     
          47          48  0.97656013017540744     
          47          49  0.96793758823100551     
          47          50  0.97627929250589296     
          16          51   1.1391789367682210     
          51          52  0.95792973405984672     
          51          53   1.8359398293110401     
          53          54  0.97568001558210193     
          53          55  0.98010785702822034     
          19          56   1.0313531890214649     
          56          57  0.97230863684973179     
          56          58  0.97090035394900931     
          56          59  0.97984625086772414     
          20          60   1.0313089313601411     
          60          61  0.98000976260853156     
          60          62  0.97109369139603818     
          60          63  0.97203278729287423     
           1          64  0.20094309666328961     
          64          65  0.89258047751380598     
          64          66  0.89065104361877045     
          67          68  0.96501871067296285     
          67          69  0.97457228866548629     
          67          70  0.98233890461729645     
          71          72  0.94123081548412768     
          67          73   1.0321098482788962     
          71          73   1.1884098446059053     
          71          74   1.2711670215271949     
          73          74  0.10994346904755264     
          74          75  0.95878157529260577     
           1          76  0.26282600616882440     
          74          76   1.5111487525013265     
          73          77   1.5618352464169689     
          76          77   1.2621606794907563     
          77          78  0.96462592488393373     
