    0.59183769
   -0.21341627
   -0.19766238
   -0.22048833
   -0.20796232
    0.07317628
   -0.00982802
   -0.00665859
    0.06556738
    0.06447406
   -0.01066867
   -0.01193772
    0.06293655
    0.07435724
   -0.00399642
   -0.00993063
    0.06449373
    0.06037495
   -0.01752023
   -0.01232385
    0.05537834
   -0.06299841
    0.06492550
   -0.06003688
    0.06484799
   -0.06386360
    0.06218063
   -0.06028769
    0.06247505
   -0.11116947
    0.05980012
    0.05695009
    0.05555633
   -0.11058538
    0.05698599
    0.05538380
    0.05570971
   -0.11006908
    0.05062359
    0.05587606
    0.06267788
   -0.02344283
    0.04359751
   -0.08120906
    0.05789480
    0.05345536
   -0.11143461
    0.05252150
    0.05986975
    0.06219163
   -0.02677488
    0.04487070
   -0.08084255
    0.05657335
    0.05400722
   -0.10854342
    0.05232173
    0.05228185
    0.05415338
   -0.10978576
    0.05560340
    0.05571112
    0.05546043
   -0.50808172
    0.31908039
    0.31918436
   -0.12194039
    0.06634876
    0.06657639
    0.06823667
   -0.07871990
    0.18515869
    0.04455896
    0.08339429
    0.05804993
   -0.19926867
    0.00114431
    0.05261233
