           1           2  0.61207055315196290     
           1           3  0.62149714031078651     
           1           4  0.61433720466535291     
           1           5  0.61988553401029656     
           2           6   1.2402734366932815     
           6           7   1.1339952906393529     
           7           8   1.5825580204492542     
           2           9   1.2277478042133847     
           8           9   1.1356180279374040     
           3          10   1.2293602507862835     
          10          11   1.1575096525466884     
          11          12   1.5106235766295952     
           3          13   1.2431723506474517     
          12          13   1.1212375626725084     
           4          14   1.2268183257319882     
          14          15   1.1567317313414411     
          15          16   1.5151410223378738     
           4          17   1.2444189435817086     
          16          17   1.1229087136387141     
           5          18   1.2323522151794735     
          18          19   1.1375739219855039     
          19          20   1.5746207444488651     
           5          21   1.2305144516790272     
          20          21   1.1398930519485180     
           6          22   1.3576290969154687     
          21          22   1.3634498068551633     
          22          23  0.95822273506001909     
           9          24   1.3700700313436505     
          10          24   1.3466937478900860     
          24          25  0.95693503548069347     
          13          26   1.3649529278567150     
          14          26   1.3532564587309028     
          26          27  0.95496816440843268     
          17          28   1.3571557179362554     
          18          28   1.3614687228111455     
          28          29  0.95683065367696807     
           8          30   1.0364137669745734     
          30          31  0.96777092221980210     
          30          32  0.97803701276875366     
          30          33  0.96767453118574687     
           7          34   1.0368231442736835     
          34          35  0.96674232735740206     
          34          36  0.96817270301601199     
          34          37  0.97803413985784660     
          11          38   1.0408668938856913     
          38          39  0.97252628463043911     
          38          40  0.96056904659088205     
          38          41  0.97355089043687915     
          12          42   1.1043639459294132     
          42          43  0.95549039194193985     
          42          44   1.8861438563101509     
          44          45  0.97408327585758570     
          44          46  0.97724045553427508     
          15          47   1.0410218840387926     
          47          48  0.97191738901449898     
          47          49  0.96047225300876338     
          47          50  0.97415961409737550     
          16          51   1.1015263716145187     
          51          52  0.95618023768148352     
          51          53   1.8895770690019882     
          53          54  0.97405701132719469     
          53          55  0.97725484179785582     
          19          56   1.0371195415787453     
          56          57  0.96762158656325681     
          56          58  0.96671064246646832     
          56          59  0.97795558583667674     
          20          60   1.0368774768820823     
          60          61  0.97801919616621036     
          60          62  0.96794847754367186     
          60          63  0.96681771681427409     
           1          64  0.29179029263355799     
          64          65  0.88184051943019837     
          64          66  0.88151791506798260     
          67          68  0.96564002236770030     
          67          69  0.96496678458349416     
          67          70  0.97936434007295470     
          71          72  0.93358425355779806     
          67          73   1.0369591562407661     
          71          73   1.1960310152383784     
          71          74   1.2930847811682826     
          73          74  0.10500486644761092     
          74          75  0.95236778371433417     
           1          76  0.53758441724934103     
          74          76   1.4665578980343112     
          73          77   1.5530429140903126     
          76          77   1.2436684479976163     
          77          78  0.95750682128412290     
