    0.61270095
   -0.22641470
   -0.21263076
   -0.21960004
   -0.22602784
    0.05915049
   -0.01545832
   -0.01612422
    0.05895395
    0.06170720
   -0.00667891
   -0.01494500
    0.06592186
    0.06300528
   -0.00661721
   -0.01798294
    0.06101857
    0.05860646
   -0.01478630
   -0.01447298
    0.05999279
   -0.06712184
    0.06270333
   -0.06665954
    0.06279613
   -0.06117794
    0.06271995
   -0.06905793
    0.06016600
   -0.10962672
    0.05386513
    0.05374471
    0.05049421
   -0.10961337
    0.05335861
    0.05170377
    0.05360867
   -0.11107687
    0.05215968
    0.05471814
    0.06190513
   -0.02795257
    0.04211451
   -0.08450416
    0.05122695
    0.05011193
   -0.11106957
    0.05093513
    0.05637006
    0.06082045
   -0.02914610
    0.04004750
   -0.08473630
    0.05163453
    0.04922727
   -0.10946701
    0.05280679
    0.05258559
    0.05374019
   -0.10969992
    0.05371857
    0.05222532
    0.05308852
   -0.48063590
    0.33123926
    0.33170352
   -0.12662840
    0.07385798
    0.07412613
    0.07550862
   -0.06661098
    0.19554142
    0.05106161
    0.07722660
    0.07800443
   -0.14684630
   -0.00330150
    0.07274823
