    0.44062833
   -0.21121556
   -0.20950304
   -0.22719681
   -0.22879321
    0.05246557
   -0.02908163
   -0.02984376
    0.05274920
    0.05331670
   -0.02112150
   -0.03149182
    0.05599581
    0.05061362
   -0.02213112
   -0.03478134
    0.05115679
    0.04817443
   -0.03233587
   -0.03074705
    0.04958247
   -0.07048439
    0.03638633
   -0.06932038
    0.03694255
   -0.06865203
    0.03602381
   -0.07598947
    0.03264267
   -0.09898065
    0.03838145
    0.03450900
    0.03371178
   -0.09899091
    0.03733844
    0.03513318
    0.03435091
   -0.10068712
    0.03720488
    0.03506001
    0.04363259
   -0.02649557
    0.02532138
   -0.09742946
    0.03347749
    0.02311499
   -0.10048242
    0.03498509
    0.03754115
    0.04219790
   -0.02773527
    0.02345841
   -0.09714990
    0.03439726
    0.02253141
   -0.09828979
    0.03478067
    0.03556036
    0.03361125
   -0.09891749
    0.03386309
    0.03573066
    0.03566124
   -0.48081934
    0.32134236
    0.32134720
   -0.11783586
    0.05677479
    0.05639873
    0.06387762
   -0.08378138
    0.17439570
    0.03833331
    0.07268978
    0.07013141
   -0.13164225
   -0.00285718
    0.06725982
