    0.46520963
   -0.21904778
   -0.22862522
   -0.24442474
   -0.23614929
    0.05506675
   -0.02781476
   -0.02820898
    0.05605614
    0.05516614
   -0.02071549
   -0.03142374
    0.05408258
    0.04846391
   -0.02195922
   -0.03152358
    0.05427235
    0.05173013
   -0.02828215
   -0.02773943
    0.05433324
   -0.06804112
    0.03950505
   -0.06796726
    0.03809791
   -0.07437865
    0.03563877
   -0.07223599
    0.03751305
   -0.10008083
    0.03605317
    0.03941286
    0.03625076
   -0.09998559
    0.03718035
    0.03875023
    0.03592278
   -0.10138293
    0.03710181
    0.03797457
    0.04415957
   -0.02768469
    0.02636835
   -0.09559247
    0.03546299
    0.02530819
   -0.10097948
    0.03602495
    0.03856760
    0.04397369
   -0.02776582
    0.02732594
   -0.09542353
    0.03589339
    0.02564700
   -0.09986809
    0.03956258
    0.03656576
    0.03606451
   -0.10014068
    0.03912196
    0.03615374
    0.03732207
   -0.47989413
    0.32527393
    0.32460464
   -0.07613944
    0.07111360
    0.07459341
    0.07586241
   -0.11069019
    0.16541277
