           1           2  0.58223516641068862     
           1           3  0.57683504415087672     
           1           4  0.56652739958205878     
           1           5  0.57355503483407322     
           2           6   1.2543745842364653     
           6           7   1.1267695914055453     
           7           8   1.6097349103993541     
           2           9   1.2460281925054384     
           8           9   1.1264143462831802     
           3          10   1.2412278731656587     
          10          11   1.1535303558100143     
          11          12   1.5357048406812723     
           3          13   1.2530985424746344     
          12          13   1.1163446205361787     
           4          14   1.2325393526255022     
          14          15   1.1596335124131321     
          15          16   1.5289436125174631     
           4          17   1.2524666960451341     
          16          17   1.1230772119477632     
           5          18   1.2446081368341912     
          18          19   1.1312926600301358     
          19          20   1.6040212614495781     
           5          21   1.2455190453015410     
          20          21   1.1318884701526293     
           6          22   1.3575576539294063     
          21          22   1.3618239893358404     
          22          23  0.96163197425503955     
           9          24   1.3685407947069521     
          10          24   1.3449297812408640     
          24          25  0.96047102505833193     
          13          26   1.3639454373644235     
          14          26   1.3490251883611912     
          26          27  0.95861039843441920     
          17          28   1.3557121385077080     
          18          28   1.3623305983147580     
          28          29  0.95967176932841392     
           8          30   1.0302649223580251     
          30          31  0.98026045120317429     
          30          32  0.97208677972242574     
          30          33  0.97284351840683758     
           7          34   1.0303327609227519     
          34          35  0.97306341969701282     
          34          36  0.97180612978267256     
          34          37  0.98025460481339077     
          11          38   1.0336553649294848     
          38          39  0.96742487492770513     
          38          40  0.97576402962247810     
          38          41  0.97725196551591376     
          12          42   1.1018312624465769     
          42          43  0.95814090106711158     
          42          44   1.8903092851776568     
          44          45  0.97571683896051786     
          44          46  0.97917431273944677     
          15          47   1.0335963123295846     
          47          48  0.97615910085310520     
          47          49  0.96716012564763054     
          47          50  0.97717812917208458     
          16          51   1.1014203919307217     
          51          52  0.95806324687412237     
          51          53   1.8910519400663963     
          53          54  0.97564064255453409     
          53          55  0.97914572990414395     
          19          56   1.0303513814638254     
          56          57  0.97153670400059444     
          56          58  0.97319211572833864     
          56          59  0.98021333338803096     
          20          60   1.0303580713947933     
          60          61  0.97224143732306645     
          60          62  0.98028296114120517     
          60          63  0.97253027724564955     
           1          64  0.27394241008460113     
          64          65  0.87969484066436099     
          64          66  0.87964776872780193     
          67          68  0.98107520907606682     
          67          69  0.97863064752675799     
          67          70  0.97432421739049324     
           1          71  0.44053418984974124     
          67          71  0.99298668706473836     
          71          72  0.94236370307515616     
