           1           2  0.58047852590802884     
           1           3  0.57635867526779139     
           1           4  0.57374500256842664     
           1           5  0.57688837767556278     
           2           6   1.2524994215286092     
           6           7   1.1273476237361479     
           7           8   1.6098217742278405     
           2           9   1.2466912034975639     
           8           9   1.1263834145987976     
           3          10   1.2453958662738509     
          10          11   1.1559254708481648     
          11          12   1.5315339684321039     
           3          13   1.2533011321790053     
          12          13   1.1159664993772371     
           4          14   1.2376393458227541     
          14          15   1.1570908847357875     
          15          16   1.5306354975409200     
           4          17   1.2579777527483336     
          16          17   1.1184523679443099     
           5          18   1.2474167459412617     
          18          19   1.1325643049505656     
          19          20   1.6010885888176041     
           5          21   1.2477038560283520     
          20          21   1.1327944067567093     
           6          22   1.3568719129742433     
          21          22   1.3531886659235823     
          22          23  0.96224952384826035     
           9          24   1.3693669043582981     
          10          24   1.3412736651586252     
          24          25  0.96072608662182912     
          13          26   1.3613183557143904     
          14          26   1.3434604019517542     
          26          27  0.95880435958564281     
          17          28   1.3518436936329155     
          18          28   1.3576965760179300     
          28          29  0.96015693553617454     
           8          30   1.0296854337895365     
          30          31  0.98045148420953687     
          30          32  0.97298480492208606     
          30          33  0.97279149677261723     
           7          34   1.0292774229104462     
          34          35  0.97299321273735018     
          34          36  0.97328834317642787     
          34          37  0.98046810160136100     
          11          38   1.0329348875533899     
          38          39  0.96768170356587735     
          38          40  0.97643372519239557     
          38          41  0.97758492940779362     
          12          42   1.1045789766081995     
          42          43  0.95857530109505862     
          42          44   1.8864237483222612     
          44          45  0.97584606160991616     
          44          46  0.97935422466885202     
          15          47   1.0326343121990671     
          47          48  0.96813924340774360     
          47          49  0.97582275640668859     
          47          50  0.97775472802967389     
          16          51   1.1034741644756076     
          51          52  0.95820796758183169     
          51          53   1.8876427973159020     
          53          54  0.97583691020113661     
          53          55  0.97934360998345760     
          19          56   1.0294331816411613     
          56          57  0.97259268941027721     
          56          58  0.97339779664440162     
          56          59  0.98049469279433332     
          20          60   1.0289273661324674     
          60          61  0.98050795051220874     
          60          62  0.97369855286891627     
          60          63  0.97285151692556915     
          64          65  0.97112125778183800     
          64          66  0.97103779611963170     
          64          67  0.98194537506217572     
          68          69  0.94134945571283335     
          64          70   1.0316848496860540     
          68          70   1.1881277493581255     
          68          71   1.2632466172111976     
          70          71  0.11254335064037412     
          71          72  0.95382483312464816     
           1          73  0.49414366174255026     
          71          73   1.4810041934038567     
          70          74   1.5596573059528533     
          73          74   1.2481086770844261     
          74          75  0.95918828698268810     
          76          77  0.98021187967607881     
          76          78  0.97981020852274914     
          76          79  0.98642742533382399     
          76          80   1.0263825989211450     
          80          81  0.96780948316778048     
          80          82  0.97311650732813848     
           1          83  0.39470971059823579     
          80          83  0.96221590572955629     
          83          84  0.99624728710270583     
          84          85  0.97711397622743068     
          84          86  0.98068076445758723     
          84          87  0.97562307686018557     
