           1           2  0.58537165557553017     
           1           3  0.58391449772809978     
           1           4  0.59630086634022517     
           1           5  0.59779114315490933     
           2           6   1.2471564931377586     
           6           7   1.1373306718221647     
           7           8   1.5979746480349069     
           2           9   1.2373358956705980     
           8           9   1.1363053870721183     
           3          10   1.2350798019643978     
          10          11   1.1625845359251408     
          11          12   1.5245900346842971     
           3          13   1.2503575187819205     
          12          13   1.1226719791413857     
           4          14   1.2398617797285367     
          14          15   1.1499435752003049     
          15          16   1.5373441022605951     
           4          17   1.2618188207297012     
          16          17   1.1129053766586758     
           5          18   1.2507663771404658     
          18          19   1.1260470568770440     
          19          20   1.6100251175498332     
           5          21   1.2497093228142653     
          20          21   1.1262439538873781     
           6          22   1.3536324862804920     
          21          22   1.3622778733813179     
          22          23  0.96201826090054610     
           9          24   1.3652256505402505     
          10          24   1.3414548203644778     
          24          25  0.96079559119709113     
          13          26   1.3605000028427667     
          14          26   1.3517286915484790     
          26          27  0.95858596116947803     
          17          28   1.3544106344694620     
          18          28   1.3603086595130334     
          28          29  0.96002883140945783     
           8          30   1.0287495465263197     
          30          31  0.98044393471136870     
          30          32  0.97332718873758572     
          30          33  0.97344721265632117     
           7          34   1.0293696487005610     
          34          35  0.97282166717244645     
          34          36  0.97313587538120805     
          34          37  0.98049102396539878     
          11          38   1.0322673401704805     
          38          39  0.97669095783228299     
          38          40  0.96825386502384625     
          38          41  0.97734889466551700     
          12          42   1.1047779925187282     
          42          43  0.95835459072820606     
          42          44   1.8865656841252683     
          44          45  0.97579464331454435     
          44          46  0.97933156013123845     
          15          47   1.0332774783946272     
          47          48  0.97595293147409923     
          47          49  0.96776309341385824     
          47          50  0.97750939527827763     
          16          51   1.1035931697448964     
          51          52  0.95824986898793163     
          51          53   1.8879181196023369     
          53          54  0.97578867367386712     
          53          55  0.97929088499279771     
          19          56   1.0298929821648948     
          56          57  0.97248414163020191     
          56          58  0.97295970968866230     
          56          59  0.98042022880207658     
          20          60   1.0295463867985952     
          60          61  0.97282892833197043     
          60          62  0.98042264893469588     
          60          63  0.97318538816586031     
           1          64  0.26218872555733713     
          64          65  0.88383373406123034     
          64          66  0.88409982019827038     
          67          68  0.97099247769025354     
          67          69  0.97092074688342045     
          67          70  0.98183915485752205     
          71          72  0.94121282753308111     
          67          73   1.0317170020658997     
          71          73   1.1887799506384134     
          71          74   1.2621256278450252     
          73          74  0.11199860462193167     
          74          75  0.95479924531313076     
           1          76  0.50914544359781455     
          74          76   1.4799487239233684     
          73          77   1.5602867062730685     
          76          77   1.2458413474354035     
          77          78  0.95768798053429460     
