    0.44064450
   -0.23364067
   -0.23284925
   -0.20492662
   -0.20587160
    0.04909907
   -0.03101857
   -0.03400391
    0.04508142
    0.04551201
   -0.02561495
   -0.03357106
    0.05246357
    0.05380582
   -0.01995373
   -0.03080799
    0.05898500
    0.05585264
   -0.02812395
   -0.02865644
    0.05338517
   -0.07020852
    0.03652959
   -0.07955688
    0.03183601
   -0.06907439
    0.03598868
   -0.06572984
    0.03761119
   -0.09795425
    0.03360253
    0.03343695
    0.03448716
   -0.09895183
    0.03624355
    0.03558193
    0.03350954
   -0.09965406
    0.03366419
    0.03464631
    0.04202344
   -0.02744216
    0.02482753
   -0.09697447
    0.03343870
    0.02302595
   -0.10051833
    0.03566275
    0.03740418
    0.04348505
   -0.02677831
    0.02677355
   -0.09732628
    0.03411635
    0.02317371
   -0.09930606
    0.03873094
    0.03580322
    0.03458005
   -0.09901237
    0.03694024
    0.03476162
    0.03532461
   -0.48075319
    0.32133173
    0.32127183
   -0.11803745
    0.05688454
    0.05656116
    0.06402877
   -0.08432916
    0.17430381
    0.03873676
    0.07304233
    0.06960346
   -0.13167186
   -0.00323109
    0.06774616
