    0.42853792
   -0.22328665
   -0.22477054
   -0.21791886
   -0.21737482
    0.04963647
   -0.03311070
   -0.03095221
    0.05307174
    0.05201002
   -0.03178941
   -0.03270569
    0.05154951
    0.05540796
   -0.03479770
   -0.02169822
    0.05347480
    0.05826870
   -0.03058576
   -0.02152979
    0.05305145
   -0.07332156
    0.03368470
   -0.07198371
    0.03242838
   -0.07310285
    0.03110772
   -0.06681095
    0.03590594
   -0.09789456
    0.03250120
    0.03639420
    0.03346684
   -0.09782834
    0.03545372
    0.03454760
    0.03306109
   -0.09995073
    0.03943621
    0.03237159
    0.04186437
   -0.02629845
    0.02382159
   -0.09632191
    0.03568575
    0.02317979
   -0.09976460
    0.03793698
    0.03450311
    0.04184816
   -0.02732856
    0.02310358
   -0.09723412
    0.03427768
    0.02234927
   -0.09718234
    0.03286617
    0.03426341
    0.03440302
   -0.09738033
    0.03294192
    0.03485243
    0.03385091
   -0.11704368
    0.05620958
    0.05566806
    0.06311141
   -0.08476537
    0.17372781
    0.03776876
    0.07429735
    0.06943280
   -0.13045066
   -0.00206911
    0.06638405
   -0.10809977
    0.04496220
    0.05777702
    0.04879377
   -0.02124729
    0.05777206
    0.05057428
   -0.05947624
   -0.07242122
    0.06417740
    0.05926221
    0.07146208
