           1           2  0.57741471657930321     
           1           3  0.57574353085810825     
           1           4  0.57488716573306020     
           1           5  0.57841559116962216     
           2           6   1.2430867062497426     
           6           7   1.1315399748164265     
           7           8   1.6021356770046995     
           2           9   1.2513447779455702     
           8           9   1.1327527875457633     
           3          10   1.2479067327039661     
          10          11   1.1321304377643482     
          11          12   1.6036751631357811     
           3          13   1.2468046677499278     
          12          13   1.1319056407575334     
           4          14   1.2579451206158898     
          14          15   1.1172107611887243     
          15          16   1.5306852708476602     
           4          17   1.2419801179133378     
          16          17   1.1558579003240341     
           5          18   1.2571633581981929     
          18          19   1.1129355306388151     
          19          20   1.5367513216255340     
           5          21   1.2428880111440368     
          20          21   1.1520074696828999     
           6          22   1.3610788500288877     
          21          22   1.3450853062470720     
          22          23  0.96053803059489928     
           9          24   1.3529674841173960     
          10          24   1.3563996609034243     
          24          25  0.96235184571821986     
          13          26   1.3558300884177059     
          14          26   1.3524845351084291     
          26          27  0.96049129713887305     
          17          28   1.3454458503894025     
          18          28   1.3648539245885538     
          28          29  0.95860718378827514     
           7          30   1.0289505362130758     
          30          31  0.97365182495259373     
          30          32  0.97285547392390725     
          30          33  0.98048488103593445     
           8          34   1.0292366586726052     
          34          35  0.97264693123410495     
          34          36  0.97363820955906710     
          34          37  0.98051392396954429     
          20          38   1.0329964274997456     
          38          39  0.96757556010085366     
          38          40  0.97621943132255562     
          38          41  0.97758429256639856     
          19          42   1.1040558738373805     
          42          43  0.95818163146635993     
          42          44   1.8875045757350375     
          44          45  0.97569827874793280     
          44          46  0.97929370304884200     
          16          47   1.0331238886921175     
          47          48  0.96751712491416675     
          47          49  0.97634261037950987     
          47          50  0.97757481645120947     
          15          51   1.1044947582801032     
          51          52  0.95865061018194875     
          51          53   1.8865694999327993     
          53          54  0.97579966156844611     
          53          55  0.97935026720615137     
          12          56   1.0290572947176537     
          56          57  0.98048201292582382     
          56          58  0.97392701828086226     
          56          59  0.97243760298409998     
          11          60   1.0290633599035315     
          60          61  0.98053720736519123     
          60          62  0.97269046458178710     
          60          63  0.97373372472024788     
          64          65  0.97097555651355316     
          64          66  0.97123837291941939     
          64          67  0.98197974317175651     
          68          69  0.94132830492561237     
          64          70   1.0316457350768180     
          68          70   1.1881445472039935     
          68          71   1.2633412966446209     
          70          71  0.11258627396634634     
          71          72  0.95379403739158630     
           1          73  0.49330763781754122     
          71          73   1.4812183536321588     
          70          74   1.5596644811026938     
          73          74   1.2482275453350282     
          74          75  0.95903876267709587     
          76          77  0.98029448054794055     
          76          78  0.97934842165068392     
          76          79  0.98637379073893294     
          76          80   1.0263218731373123     
          80          81  0.96801684537676780     
          80          82  0.97318630521873151     
           1          83  0.39765756510482647     
          80          83  0.96198891567971045     
          83          84  0.99600023829280726     
          84          85  0.97703268061014725     
          84          86  0.98070332728871146     
          84          87  0.97548952797545530     
