           1           2  0.58238692415257953     
           1           3  0.57626706246857518     
           1           4  0.56485163510903735     
           1           5  0.57532071499739090     
           2           6   1.2538028040741520     
           6           7   1.1264710045138666     
           7           8   1.6101151043042750     
           2           9   1.2466168876986714     
           8           9   1.1260987245972676     
           3          10   1.2413712735076139     
          10          11   1.1534890892875880     
          11          12   1.5356486926342301     
           3          13   1.2528536951697526     
          12          13   1.1161993769437308     
           4          14   1.2338259221589074     
          14          15   1.1597945692191123     
          15          16   1.5360135796377878     
           4          17   1.2513232788753186     
          16          17   1.1242887653009590     
           5          18   1.2431526871824399     
          18          19   1.1312211980448372     
          19          20   1.6039148293970842     
           5          21   1.2465594536855893     
          20          21   1.1320812950516033     
           6          22   1.3586900390109282     
          21          22   1.3604575588139025     
          22          23  0.96165245055012505     
           9          24   1.3680944845307201     
          10          24   1.3451087697400572     
          24          25  0.96048188718574368     
          13          26   1.3649299921174325     
          14          26   1.3479849938338579     
          26          27  0.96001655795393392     
          17          28   1.3542461661636604     
          18          28   1.3634909766070642     
          28          29  0.95787906680036450     
           8          30   1.0302286934971656     
          30          31  0.98026371487872221     
          30          32  0.97194241843905160     
          30          33  0.97304710190922583     
           7          34   1.0303393267816521     
          34          35  0.97314112290069033     
          34          36  0.97172614007819291     
          34          37  0.98026284312802436     
          11          38   1.0336125037522741     
          38          39  0.96741962708176188     
          38          40  0.97584118054273461     
          38          41  0.97719166554227010     
          12          42   1.1023168938811021     
          42          43  0.95831496210870748     
          42          44   1.8897439643147678     
          44          45  0.97569508491825596     
          44          46  0.97918937835736886     
          15          47   1.0315745956151818     
          47          48  0.97052692251649519     
          47          49  0.97244981920862239     
          47          50  0.98251891278536696     
          16          51   1.0907113314034369     
          51          52  0.95764352670658359     
          51          53   1.9025346164506736     
          53          54  0.97880900628866141     
          53          55  0.97480800579470395     
          19          56   1.0304265161866808     
          56          57  0.97117717140068383     
          56          58  0.97341952615758587     
          56          59  0.98023635918724017     
          20          60   1.0302820530743106     
          60          61  0.98033274399237968     
          60          62  0.97274294632469482     
          60          63  0.97212358134584731     
           1          64  0.27365669545196497     
          64          65  0.87973023596250544     
          64          66  0.87973626338290201     
          67          68  0.98108478164095714     
          67          69  0.97863041624216451     
          67          70  0.97432889471926543     
           1          71  0.43888525972736009     
          67          71  0.99309522952439933     
          71          72  0.94270856988494633     
