    0.44067217
   -0.23359273
   -0.23290570
   -0.20504128
   -0.20577296
    0.04916479
   -0.03100328
   -0.03400307
    0.04506642
    0.04554244
   -0.02560952
   -0.03358715
    0.05239936
    0.05374973
   -0.01996685
   -0.03081084
    0.05897589
    0.05585624
   -0.02812649
   -0.02863957
    0.05343694
   -0.07014452
    0.03656628
   -0.07953985
    0.03182434
   -0.06915945
    0.03597014
   -0.06573695
    0.03759856
   -0.09795523
    0.03361196
    0.03343565
    0.03448464
   -0.09895575
    0.03627506
    0.03558229
    0.03350637
   -0.09965137
    0.03366123
    0.03464995
    0.04200894
   -0.02743908
    0.02481108
   -0.09695957
    0.03343282
    0.02302766
   -0.10051867
    0.03564001
    0.03741119
    0.04348804
   -0.02678864
    0.02676613
   -0.09733181
    0.03411784
    0.02316695
   -0.09930269
    0.03873166
    0.03577991
    0.03459117
   -0.09901675
    0.03475630
    0.03532539
    0.03697549
   -0.48073533
    0.32134460
    0.32125567
   -0.11803952
    0.05698812
    0.05646052
    0.06402396
   -0.08433388
    0.17430295
    0.03872641
    0.07303836
    0.06959572
   -0.13165070
   -0.00324726
    0.06776914
