           1           2  0.58042737878545214     
           1           3  0.57683194883216260     
           1           4  0.57387370041342867     
           1           5  0.57620328443994973     
           2           6   1.2467681577956011     
           6           7   1.1263792890792648     
           7           8   1.6098298619537217     
           2           9   1.2524090684982121     
           8           9   1.1273563100413477     
           3          10   1.2473879895369300     
          10          11   1.1327502256046624     
          11          12   1.6011230127461240     
           3          13   1.2476627459288794     
          12          13   1.1327427904616134     
           4          14   1.2584315040538121     
          14          15   1.1182669756257440     
          15          16   1.5306328977132666     
           4          17   1.2374550873615264     
          16          17   1.1570743663396719     
           5          18   1.2531660025544613     
          18          19   1.1158513288086773     
          19          20   1.5316031857922814     
           5          21   1.2455718696613025     
          20          21   1.1558233869101335     
           6          22   1.3693351017227897     
          21          22   1.3412881300525135     
          22          23  0.96072746379758311     
           9          24   1.3568871835908638     
          10          24   1.3528877001013386     
          24          25  0.96226908359734098     
          13          26   1.3572135354602197     
          14          26   1.3521858829363276     
          26          27  0.96011164526430026     
          17          28   1.3434480381623257     
          18          28   1.3614143044066978     
          28          29  0.95879454125057972     
           7          30   1.0297033517363177     
          30          31  0.97294749007936709     
          30          32  0.97280175224565257     
          30          33  0.98045588970682651     
           8          34   1.0292580838329777     
          34          35  0.97314460053231100     
          34          36  0.97317470310354548     
          34          37  0.98046632639991382     
          20          38   1.0329588554930997     
          38          39  0.96767016533624239     
          38          40  0.97640442199469546     
          38          41  0.97757808698446369     
          19          42   1.1046537321596437     
          42          43  0.95859219580902855     
          42          44   1.8863434283656839     
          44          45  0.97582271648426999     
          44          46  0.97935288249437313     
          16          47   1.0326419283792412     
          47          48  0.96812316731473969     
          47          49  0.97582781581090816     
          47          50  0.97774895438282905     
          15          51   1.1036561260263371     
          51          52  0.95817165953037953     
          51          53   1.8874635961697779     
          53          54  0.97583761291238924     
          53          55  0.97934720545704790     
          12          56   1.0294291905474573     
          56          57  0.97254289985176356     
          56          58  0.97345481888226981     
          56          59  0.98049780255559860     
          11          60   1.0289149458427136     
          60          61  0.98051178833042507     
          60          62  0.97365168937006397     
          60          63  0.97292049429012140     
          64          65  0.97111956322952842     
          64          66  0.97104721607172528     
          64          67  0.98194745831941743     
          68          69  0.94135745555662920     
          64          70   1.0316815332945055     
          68          70   1.1881141125441657     
          68          71   1.2632442655129923     
          70          71  0.11254912018533006     
          71          72  0.95373224880247898     
           1          73  0.49403799086522465     
          71          73   1.4810336165617080     
          70          74   1.5596748972668402     
          73          74   1.2480982937841474     
          74          75  0.95909084637498632     
          76          77  0.98022505185064879     
          76          78  0.97943906076768683     
          76          79  0.98642051220807736     
          76          80   1.0263502919529655     
          80          81  0.96801181847258766     
          80          82  0.97312117641151952     
           1          83  0.39562600650406510     
          80          83  0.96213549879949722     
          83          84  0.99615324937532213     
          84          85  0.97711741275516584     
          84          86  0.98071510156054620     
          84          87  0.97548381549783048     
