           1           2  0.58540674659429137     
           1           3  0.59594273311291546     
           1           4  0.59712381027068917     
           1           5  0.58533746491032135     
           2           6   1.2459353432853297     
           6           7   1.1369844201237596     
           7           8   1.5979423726385447     
           2           9   1.2384590038389423     
           8           9   1.1368381123671010     
           3          10   1.2417533830643201     
          10          11   1.1525238145127823     
          11          12   1.5351427796744581     
           3          13   1.2572000261789891     
          12          13   1.1136802405902366     
           4          14   1.2418062052244960     
          14          15   1.1501998742177058     
          15          16   1.5369721905019393     
           4          17   1.2595736947185292     
          16          17   1.1125609908458862     
           5          18   1.2438805470112066     
          18          19   1.1357577093410063     
          19          20   1.5991010810906323     
           5          21   1.2437512398591997     
          20          21   1.1357265114775421     
           6          22   1.3550845856578333     
          21          22   1.3590763084520190     
          22          23  0.96214547705174147     
           9          24   1.3639409291336357     
          10          24   1.3448115614976264     
          24          25  0.96081615283725408     
          13          26   1.3631274709105723     
          14          26   1.3502575731119948     
          26          27  0.95849108303321584     
          17          28   1.3561353964021123     
          18          28   1.3570043439806143     
          28          29  0.96025842446598753     
           8          30   1.0289386672210246     
          30          31  0.98047066238726566     
          30          32  0.97331463926962247     
          30          33  0.97317891201352047     
           7          34   1.0291506638553138     
          34          35  0.97314134251555240     
          34          36  0.97313282248824995     
          34          37  0.98048134061561842     
          11          38   1.0326880950871631     
          38          39  0.97636444425829871     
          38          40  0.96825452399767464     
          38          41  0.97730029134141372     
          12          42   1.1045942523409980     
          42          43  0.95813847124951346     
          42          44   1.8869773568188566     
          44          45  0.97582215229040581     
          44          46  0.97931112712266111     
          15          47   1.0335753949228270     
          47          48  0.97561532060330169     
          47          49  0.96762864766302759     
          47          50  0.97752688952150901     
          16          51   1.1038120490384431     
          51          52  0.95843657976857199     
          51          53   1.8874667496975568     
          53          54  0.97580249293762511     
          53          55  0.97931105791593021     
          19          56   1.0294037976191477     
          56          57  0.97298598343226350     
          56          58  0.97290700463862101     
          56          59  0.98047062485823167     
          20          60   1.0291304081352295     
          60          61  0.98047503838022465     
          60          62  0.97310454517024536     
          60          63  0.97325437740313980     
           1          64  0.26238399765758824     
          64          65  0.88381767775180231     
          64          66  0.88386967891242407     
          67          68  0.97081680583582497     
          67          69  0.97111959379565094     
          67          70  0.98185752753255340     
          71          72  0.94119622851453633     
          67          73   1.0317359210950161     
          71          73   1.1887280164765195     
          71          74   1.2622549588957366     
          73          74  0.11221420378341081     
          74          75  0.95385420126280462     
           1          76  0.50945046101146496     
          74          76   1.4791391765765249     
          73          77   1.5600025759492449     
          76          77   1.2462800256152866     
          77          78  0.95864469496569760     
