           1           2  0.57464195614060432     
           1           3  0.57505793677710648     
           1           4  0.57910529508522490     
           1           5  0.57508299681642638     
           2           6   1.2423349970104975     
           6           7   1.1330873500319298     
           7           8   1.6023154760206388     
           2           9   1.2496779097696060     
           8           9   1.1334918058852586     
           3          10   1.2475939899089306     
          10          11   1.1338100681244510     
          11          12   1.6011727251373207     
           3          13   1.2475478341121973     
          12          13   1.1322767436089776     
           4          14   1.2618761839440065     
          14          15   1.1123932300997639     
          15          16   1.5382360690204198     
           4          17   1.2412481236616313     
          16          17   1.1497995999275752     
           5          18   1.2571794001315546     
          18          19   1.1164175469905977     
          19          20   1.5312707615112569     
           5          21   1.2413221823910714     
          20          21   1.1557545321524858     
           6          22   1.3645763642216615     
          21          22   1.3434161372307329     
          22          23  0.96097334692947989     
           9          24   1.3522355284420089     
          10          24   1.3530359545872197     
          24          25  0.96262061689198353     
          13          26   1.3551593989798394     
          14          26   1.3576217823468177     
          26          27  0.96007455465374880     
          17          28   1.3494254061651310     
          18          28   1.3585342752058180     
          28          29  0.95850994907619391     
           7          30   1.0290227072143621     
          30          31  0.97299933339403566     
          30          32  0.97335741366866202     
          30          33  0.98054349457955192     
           8          34   1.0286442922021004     
          34          35  0.97417723594246208     
          34          36  0.97276048734102594     
          34          37  0.98051725228686204     
          20          38   1.0326521173777281     
          38          39  0.96790468394517659     
          38          40  0.97675687297888036     
          38          41  0.97743191626930392     
          19          42   1.1049771216350062     
          42          43  0.95847875303644925     
          42          44   1.8863425027754153     
          44          45  0.97580096703593955     
          44          46  0.97934365708775850     
          16          47   1.0334620771615628     
          47          48  0.96738693685184463     
          47          49  0.97573819853108579     
          47          50  0.97764104470808155     
          15          51   1.1035509023794496     
          51          52  0.95831679210871346     
          51          53   1.8879971904632271     
          53          54  0.97567703799739725     
          53          55  0.97929189340677847     
          12          56   1.0295562220662220     
          56          57  0.97215198709708972     
          56          58  0.97358759221606705     
          56          59  0.98049463634576284     
          11          60   1.0287458850946987     
          60          61  0.97330646404073473     
          60          62  0.98053807889671107     
          60          63  0.97361978619579703     
          64          65  0.97114473216775044     
          64          66  0.97097235424476691     
          64          67  0.98190625147604993     
          68          69  0.94137410014821887     
          64          70   1.0316777982429655     
          68          70   1.1881355380423479     
          68          71   1.2620341445803949     
          70          71  0.11237457912878543     
          71          72  0.95439464795685114     
           1          73  0.49551063998352651     
          71          73   1.4813533664921024     
          70          74   1.5602892525590093     
          73          74   1.2468926433349394     
          74          75  0.95951698778639150     
          76          77  0.98030032700435366     
          76          78  0.98635029092662796     
          76          79  0.97846765016874304     
          76          80   1.0261574735470107     
          80          81  0.97322092322336140     
          80          82  0.96857575248023620     
           1          83  0.39775814204860405     
          80          83  0.96193887870467043     
          83          84  0.99597234571975235     
          84          85  0.98087779269220798     
          84          86  0.97760773144608604     
          84          87  0.97512233110791890     
