           1           2  0.58554793098921409     
           1           3  0.58391912115145317     
           1           4  0.59608030314967719     
           1           5  0.59773500083089581     
           2           6   1.2471727722043968     
           6           7   1.1373318539329729     
           7           8   1.5979642760779846     
           2           9   1.2372785900894465     
           8           9   1.1363165297699962     
           3          10   1.2350610254880852     
          10          11   1.1626008277974795     
          11          12   1.5245618178601261     
           3          13   1.2503788854507312     
          12          13   1.1226432847921179     
           4          14   1.2399228445664459     
          14          15   1.1499778774285265     
          15          16   1.5372704998330300     
           4          17   1.2617813389427355     
          16          17   1.1129847067510670     
           5          18   1.2508652680912873     
          18          19   1.1259873321886957     
          19          20   1.6100663795464785     
           5          21   1.2496976154511501     
          20          21   1.1262260263894339     
           6          22   1.3535951110483027     
          21          22   1.3623369424910163     
          22          23  0.96201059081858620     
           9          24   1.3652333597654711     
          10          24   1.3414635040332812     
          24          25  0.96080117120059860     
          13          26   1.3605049030505159     
          14          26   1.3516771330998150     
          26          27  0.95856871129753862     
          17          28   1.3544037487937675     
          18          28   1.3602935181940217     
          28          29  0.96003290327629065     
           8          30   1.0287517048102632     
          30          31  0.98043334234638413     
          30          32  0.97334377155225282     
          30          33  0.97343636770853281     
           7          34   1.0293761488585238     
          34          35  0.97278902389001431     
          34          36  0.97315965349816358     
          34          37  0.98047942786257880     
          11          38   1.0322710104945745     
          38          39  0.97669516591248196     
          38          40  0.96824357715589060     
          38          41  0.97734192909480877     
          12          42   1.1048388522737502     
          42          43  0.95835466941324432     
          42          44   1.8865007779743845     
          44          45  0.97578456845823280     
          44          46  0.97933199664259563     
          15          47   1.0332852302363562     
          47          48  0.97596546031959575     
          47          49  0.96775896854388543     
          47          50  0.97749334263327758     
          16          51   1.1035940738991243     
          51          52  0.95825031265243454     
          51          53   1.8879175964372126     
          53          54  0.97579417787591249     
          53          55  0.97929158417729023     
          19          56   1.0298971598060427     
          56          57  0.97248582347342216     
          56          58  0.97295748567923113     
          56          59  0.98041376102287037     
          20          60   1.0295530306358067     
          60          61  0.97279308391802854     
          60          62  0.98041737131489670     
          60          63  0.97321596825241041     
           1          64  0.26212694273043341     
          64          65  0.88381602811768045     
          64          66  0.88414851210282630     
          67          68  0.97100100808491319     
          67          69  0.97091267123315594     
          67          70  0.98183625279282372     
          71          72  0.94121321336516539     
          67          73   1.0317197988017357     
          71          73   1.1887961577135753     
          71          74   1.2620860696908640     
          73          74  0.11199783678230255     
          74          75  0.95481177860997379     
           1          76  0.50932134814037056     
          74          76   1.4798966879739173     
          73          77   1.5602893026645079     
          76          77   1.2457998511834527     
          77          78  0.95766533890611749     
