    0.46576614
   -0.21794864
   -0.24796196
   -0.24429382
   -0.21781609
    0.05727153
   -0.02679409
   -0.02872190
    0.05453132
    0.04992823
   -0.02363703
   -0.03396965
    0.04933721
    0.04843605
   -0.02247327
   -0.03088868
    0.05405772
    0.05573818
   -0.02576518
   -0.02529011
    0.05931173
   -0.06395116
    0.04151253
   -0.07220898
    0.03597972
   -0.07767142
    0.03388110
   -0.06968010
    0.03935098
   -0.09974244
    0.03612131
    0.03843000
    0.03603536
   -0.10037973
    0.03734980
    0.04003903
    0.03601601
   -0.10094656
    0.03710580
    0.03607811
    0.04298030
   -0.02828605
    0.02440113
   -0.09527435
    0.03566542
    0.02513187
   -0.10080310
    0.03910875
    0.03494541
    0.04335882
   -0.02758019
    0.02608948
   -0.09444215
    0.03704637
    0.02604468
   -0.10026352
    0.03997384
    0.03786377
    0.03681397
   -0.10052258
    0.03882236
    0.03683317
    0.03948592
   -0.47958760
    0.32519376
    0.32494446
   -0.07598761
    0.07096834
    0.07423949
    0.07611813
   -0.11182030
    0.16640095
