           1           2  0.58250603117275856     
           1           3  0.56753856603148800     
           1           4  0.56646657027979175     
           1           5  0.58229266647934541     
           2           6   1.2565459218088222     
           6           7   1.1261600478537181     
           7           8   1.6105292878918624     
           2           9   1.2444841329284930     
           8           9   1.1256195985259663     
           3          10   1.2345931045440723     
          10          11   1.1626113769149538     
          11          12   1.5264625362996305     
           3          13   1.2472688968457102     
          12          13   1.1239804656957251     
           4          14   1.2319253060859194     
          14          15   1.1592656301120881     
          15          16   1.5292056075115441     
           4          17   1.2534605524128177     
          16          17   1.1235361704016380     
           5          18   1.2500812122352987     
          18          19   1.1235395087689268     
          19          20   1.6128912004716320     
           5          21   1.2518763507937609     
          20          21   1.1238797593781511     
           6          22   1.3565640437099968     
          21          22   1.3637127316321531     
          22          23  0.96148987951014442     
           9          24   1.3700311244270935     
          10          24   1.3420757451594711     
          24          25  0.96040585643713205     
          13          26   1.3614770285991344     
          14          26   1.3501771276257049     
          26          27  0.95847192383706059     
          17          28   1.3540771842479449     
          18          28   1.3649669136025284     
          28          29  0.95970795268395093     
           8          30   1.0300987048751802     
          30          31  0.98023665174632191     
          30          32  0.97252659515604700     
          30          33  0.97265329703026948     
           7          34   1.0305707938815445     
          34          35  0.97287510889743867     
          34          36  0.97164913474705616     
          34          37  0.98026639727880316     
          11          38   1.0333123576720471     
          38          39  0.96740043188640978     
          38          40  0.97602195696474425     
          38          41  0.97729718512907027     
          12          42   1.1020131896798373     
          42          43  0.95825299094406180     
          42          44   1.8899744925844399     
          44          45  0.97569827554628397     
          44          46  0.97918889728433056     
          15          47   1.0335279312623888     
          47          48  0.96717976892482349     
          47          49  0.97598543099131674     
          47          50  0.97728781911019269     
          16          51   1.1012195981923476     
          51          52  0.95841235972089855     
          51          53   1.8912084574629267     
          53          54  0.97553909646213033     
          53          55  0.97909861684879584     
          19          56   1.0306942306854565     
          56          57  0.97195735392858351     
          56          58  0.97246343660358259     
          56          59  0.98019080954218252     
          20          60   1.0307120980817406     
          60          61  0.97250205172510318     
          60          62  0.98023275376873087     
          60          63  0.97197133869792796     
           1          64  0.27447107441328794     
          64          65  0.88017584522512338     
          64          66  0.87999781967102075     
          67          68  0.98098806953163364     
          67          69  0.97870192206917483     
          67          70  0.97450223267527902     
           1          71  0.43963351533776246     
          67          71  0.99308631431370253     
          71          72  0.94185035566748421     
