    0.44067784
   -0.23346866
   -0.23301238
   -0.20516951
   -0.20566249
    0.04922065
   -0.03097416
   -0.03400193
    0.04505412
    0.04555287
   -0.02560296
   -0.03361612
    0.05235011
    0.05369674
   -0.02000704
   -0.03083318
    0.05895978
    0.05587537
   -0.02810776
   -0.02861333
    0.05349054
   -0.07006006
    0.03659999
   -0.07954276
    0.03182919
   -0.06923300
    0.03592726
   -0.06573408
    0.03759991
   -0.09795589
    0.03361701
    0.03344004
    0.03448272
   -0.09896558
    0.03629536
    0.03559557
    0.03351487
   -0.09964959
    0.03366570
    0.03464669
    0.04201865
   -0.02745977
    0.02477857
   -0.09698754
    0.03344169
    0.02300906
   -0.10050279
    0.03561284
    0.03739456
    0.04346856
   -0.02678839
    0.02677401
   -0.09732419
    0.03411054
    0.02316953
   -0.09930800
    0.03874236
    0.03579907
    0.03458959
   -0.09902514
    0.03476847
    0.03533137
    0.03699268
   -0.48074379
    0.32135014
    0.32125444
   -0.11804093
    0.05694504
    0.05650538
    0.06403049
   -0.08433026
    0.17430517
    0.03873369
    0.07303502
    0.06959985
   -0.13165207
   -0.00324480
    0.06776503
