           1           2  0.58541769562351753     
           1           3  0.58381426680030069     
           1           4  0.59616118468804025     
           1           5  0.59787543778522667     
           2           6   1.2472498950339821     
           6           7   1.1372630595023820     
           7           8   1.5980516235122439     
           2           9   1.2373303999109762     
           8           9   1.1362343151366530     
           3          10   1.2350556511426065     
          10          11   1.1626922248793874     
          11          12   1.5244256180183844     
           3          13   1.2503394904359977     
          12          13   1.1227121124992390     
           4          14   1.2397821640676852     
          14          15   1.1500417778269518     
          15          16   1.5372361905753327     
           4          17   1.2617782632584242     
          16          17   1.1130168224861419     
           5          18   1.2507954192755286     
          18          19   1.1259482748073915     
          19          20   1.6101374318875536     
           5          21   1.2497903462612634     
          20          21   1.1261455742973068     
           6          22   1.3536281592287620     
          21          22   1.3623135337069074     
          22          23  0.96200823075202602     
           9          24   1.3652808982424633     
          10          24   1.3414147273872286     
          24          25  0.96078406027408947     
          13          26   1.3604814581937708     
          14          26   1.3517038528907865     
          26          27  0.95856737197709030     
          17          28   1.3543435159601349     
          18          28   1.3603675595072395     
          28          29  0.96003693915882882     
           8          30   1.0287510981210239     
          30          31  0.98044328973589245     
          30          32  0.97334206430044523     
          30          33  0.97343467748744072     
           7          34   1.0293780802089638     
          34          35  0.97279789930497007     
          34          36  0.97314625390907383     
          34          37  0.98049091656124954     
          11          38   1.0322749133130473     
          38          39  0.97670675737910706     
          38          40  0.96823909894743210     
          38          41  0.97732367106284179     
          12          42   1.1049015086648757     
          42          43  0.95836006887294256     
          42          44   1.8864336823568553     
          44          45  0.97579068583145900     
          44          46  0.97933475141977600     
          15          47   1.0332749374229979     
          47          48  0.97596458823205889     
          47          49  0.96775859200323355     
          47          50  0.97749821654317159     
          16          51   1.1035747325120882     
          51          52  0.95825174624955900     
          51          53   1.8879358731271463     
          53          54  0.97578892806656869     
          53          55  0.97929073679572753     
          19          56   1.0298957627657017     
          56          57  0.97245014504068850     
          56          58  0.97299424489504682     
          56          59  0.98042070578741924     
          20          60   1.0295539577150210     
          60          61  0.98042430783857271     
          60          62  0.97317548875111271     
          60          63  0.97282603419385616     
           1          64  0.26219113857233589     
          64          65  0.88379634628296855     
          64          66  0.88416122530858332     
          67          68  0.97088341127684374     
          67          69  0.97102910730198255     
          67          70  0.98183883277795236     
          71          72  0.94121281912043997     
          67          73   1.0317174029678720     
          71          73   1.1887681965441734     
          71          74   1.2621051333128879     
          73          74  0.11199171809891147     
          74          75  0.95480825636943079     
           1          76  0.50934606432236595     
          74          76   1.4798902197186250     
          73          77   1.5603137618793472     
          76          77   1.2457759274157056     
          77          78  0.95766667120759486     
