    0.44070657
   -0.23209475
   -0.23499291
   -0.20702722
   -0.20313985
    0.04989071
   -0.03093231
   -0.03378380
    0.04481373
    0.04536246
   -0.03394069
   -0.03120240
    0.04833764
    0.05566529
   -0.03136912
   -0.02002280
    0.05595317
    0.05897273
   -0.03070276
   -0.01982871
    0.05441031
   -0.06857100
    0.03677420
   -0.08006723
    0.03198625
   -0.07069114
    0.03559912
   -0.06516117
    0.03773525
   -0.09897588
    0.03521204
    0.03683963
    0.03360103
   -0.09798872
    0.03480689
    0.03315512
    0.03359539
   -0.10081229
    0.03901203
    0.03449124
    0.04272522
   -0.02638158
    0.02390690
   -0.09640496
    0.03570940
    0.02343450
   -0.10081487
    0.04032317
    0.03435772
    0.04255757
   -0.02679081
    0.02396581
   -0.09685821
    0.03582738
    0.02292034
   -0.09874044
    0.03655277
    0.03551646
    0.03344107
   -0.09793521
    0.03355619
    0.03303117
    0.03472380
   -0.48025983
    0.32125287
    0.32147286
   -0.11797108
    0.05654028
    0.05684776
    0.06394970
   -0.08442838
    0.17412505
    0.03870616
    0.07282418
    0.06969913
   -0.13140884
   -0.00315572
    0.06756639
