           1           2  0.58532917252450878     
           1           3  0.58388627679945404     
           1           4  0.59618027785230987     
           1           5  0.59784878140561026     
           2           6   1.2472246958636226     
           6           7   1.1372996992083964     
           7           8   1.5980091329245987     
           2           9   1.2373522754283979     
           8           9   1.1362724845808609     
           3          10   1.2350713172024985     
          10          11   1.1625934765499308     
          11          12   1.5245907202009481     
           3          13   1.2503504068559381     
          12          13   1.1226819451122467     
           4          14   1.2398249307584206     
          14          15   1.1500028463295353     
          15          16   1.5372480977680241     
           4          17   1.2618064963473878     
          16          17   1.1129410610722124     
           5          18   1.2507871213850363     
          18          19   1.1259839458043390     
          19          20   1.6101004507224612     
           5          21   1.2497576480983537     
          20          21   1.1261781120497194     
           6          22   1.3536173783160046     
          21          22   1.3623066713759671     
          22          23  0.96201083178469604     
           9          24   1.3652297479289210     
          10          24   1.3414715880193160     
          24          25  0.96079674147973759     
          13          26   1.3604921849782703     
          14          26   1.3517086787987758     
          26          27  0.95858858719064088     
          17          28   1.3543835841173231     
          18          28   1.3603315583312625     
          28          29  0.96002518059513764     
           8          30   1.0287506933203197     
          30          31  0.98044346268605187     
          30          32  0.97332970990686074     
          30          33  0.97344790261249714     
           7          34   1.0293732774415814     
          34          35  0.97281505810577529     
          34          36  0.97313567724665284     
          34          37  0.98049139613293324     
          11          38   1.0322701812134607     
          38          39  0.97670225223389584     
          38          40  0.96824631353663260     
          38          41  0.97734328686408389     
          12          42   1.1047601916867031     
          42          43  0.95835591963964384     
          42          44   1.8865822844412532     
          44          45  0.97579689299019146     
          44          46  0.97933126057547260     
          15          47   1.0332779894071564     
          47          48  0.97593156588462993     
          47          49  0.96776832603392737     
          47          50  0.97751124640506171     
          16          51   1.1036539045566574     
          51          52  0.95824399392611526     
          51          53   1.8878532201604417     
          53          54  0.97577832375144780     
          53          55  0.97929181719333136     
          19          56   1.0298941541518680     
          56          57  0.97248787662957936     
          56          58  0.97295782406737985     
          56          59  0.98042130873174560     
          20          60   1.0295521723212890     
          60          61  0.97282869625510582     
          60          62  0.98042423781176358     
          60          63  0.97317555603631034     
           1          64  0.26216727157405956     
          64          65  0.88378770697875297     
          64          66  0.88417633145715624     
          67          68  0.97102113878430318     
          67          69  0.97089403435724853     
          67          70  0.98183742613948499     
          71          72  0.94121399130291017     
          67          73   1.0317166351838831     
          71          73   1.1887716505818686     
          71          74   1.2620984161791056     
          73          74  0.11199240753267761     
          74          75  0.95480220381450265     
           1          76  0.50939449782046853     
          74          76   1.4798762589280661     
          73          77   1.5603114417874373     
          76          77   1.2457676923137486     
          77          78  0.95765819485386650     
