    0.44065957
   -0.23358031
   -0.23290482
   -0.20507823
   -0.20575024
    0.04915988
   -0.03099823
   -0.03401154
    0.04504745
    0.04554097
   -0.02560105
   -0.03359247
    0.05240274
    0.05375843
   -0.01997216
   -0.03082804
    0.05896729
    0.05588177
   -0.02810335
   -0.02862531
    0.05345321
   -0.07013228
    0.03657036
   -0.07955269
    0.03182374
   -0.06915241
    0.03596688
   -0.06573745
    0.03760807
   -0.09795494
    0.03361277
    0.03342642
    0.03449008
   -0.09896012
    0.03628010
    0.03558691
    0.03351127
   -0.09965202
    0.03366348
    0.03465604
    0.04202199
   -0.02745356
    0.02480008
   -0.09697771
    0.03345069
    0.02302213
   -0.10051004
    0.03564011
    0.03740782
    0.04348020
   -0.02679122
    0.02676669
   -0.09733204
    0.03411020
    0.02316754
   -0.09930692
    0.03874116
    0.03580684
    0.03458822
   -0.09901888
    0.03476831
    0.03532874
    0.03697345
   -0.48077942
    0.32135513
    0.32123466
   -0.11803842
    0.05684094
    0.05660150
    0.06403230
   -0.08432909
    0.17430302
    0.03873124
    0.07303303
    0.06961367
   -0.13167515
   -0.00324131
    0.06775439
