    0.46586335
   -0.21803913
   -0.24818749
   -0.24429098
   -0.21760535
    0.05729451
   -0.02677967
   -0.02872815
    0.05448464
    0.04981653
   -0.02369469
   -0.03397120
    0.04937712
    0.04839642
   -0.02249513
   -0.03090606
    0.05404689
    0.05583898
   -0.02571545
   -0.02526083
    0.05934709
   -0.06393538
    0.04153970
   -0.07231009
    0.03596373
   -0.07765417
    0.03386771
   -0.06957968
    0.03939629
   -0.09973736
    0.03612360
    0.03838895
    0.03606203
   -0.10038258
    0.03737137
    0.04004352
    0.03601744
   -0.10093789
    0.03709023
    0.03604549
    0.04297988
   -0.02829393
    0.02439504
   -0.09528686
    0.03566628
    0.02512649
   -0.10080376
    0.03910494
    0.03493857
    0.04337363
   -0.02760119
    0.02610881
   -0.09445516
    0.03704928
    0.02604157
   -0.10027311
    0.03997800
    0.03791367
    0.03682626
   -0.10052799
    0.03883757
    0.03684825
    0.03949786
   -0.47965832
    0.32492380
    0.32520727
   -0.07598856
    0.07096169
    0.07422169
    0.07613806
   -0.11181910
    0.16640504
