    0.46569277
   -0.21724549
   -0.24579301
   -0.24459201
   -0.21974349
    0.05716973
   -0.02685784
   -0.02861517
    0.05497875
    0.05089303
   -0.02322084
   -0.03386789
    0.04923854
    0.04840863
   -0.02219298
   -0.03104195
    0.05405129
    0.05471241
   -0.02622023
   -0.02543605
    0.05902299
   -0.06408545
    0.04140217
   -0.07125454
    0.03636110
   -0.07777570
    0.03391406
   -0.07092949
    0.03875429
   -0.09979890
    0.03613060
    0.03867045
    0.03603133
   -0.10034341
    0.03732594
    0.03997856
    0.03602732
   -0.10103488
    0.03712121
    0.03642121
    0.04311103
   -0.02845937
    0.02499154
   -0.09533142
    0.03564798
    0.02509092
   -0.10069419
    0.03576994
    0.03792664
    0.04389382
   -0.02776713
    0.02766076
   -0.09530455
    0.03582183
    0.02578572
   -0.10013359
    0.03939833
    0.03789512
    0.03672838
   -0.10051603
    0.03893024
    0.03674437
    0.03929830
   -0.47903197
    0.32533604
    0.32494650
   -0.07593348
    0.07097708
    0.07428718
    0.07600351
   -0.11170202
    0.16637145
