           1           2  0.58282260782949791     
           1           3  0.56892101914713755     
           1           4  0.56577829310632377     
           1           5  0.58185542891187714     
           2           6   1.2565221973314276     
           6           7   1.1258751063666355     
           7           8   1.6107864220375883     
           2           9   1.2449097674577718     
           8           9   1.1254028935558278     
           3          10   1.2354526138362136     
          10          11   1.1616511058542534     
          11          12   1.5274210052718094     
           3          13   1.2477709709550400     
          12          13   1.1232202235505411     
           4          14   1.2322573614525310     
          14          15   1.1591912741799428     
          15          16   1.5290959468032523     
           4          17   1.2535974540970776     
          16          17   1.1232673747768738     
           5          18   1.2494684263772973     
          18          19   1.1245112229860958     
          19          20   1.6117277476114504     
           5          21   1.2512007930409765     
          20          21   1.1248886521022055     
           6          22   1.3567340903806469     
          21          22   1.3634263280873373     
          22          23  0.96150857189674621     
           9          24   1.3699321789865402     
          10          24   1.3424636442887867     
          24          25  0.96044770933536427     
          13          26   1.3615417662237648     
          14          26   1.3501671675594999     
          26          27  0.95852337470080440     
          17          28   1.3544758851488568     
          18          28   1.3642668777370321     
          28          29  0.95965956910909567     
           8          30   1.0301309350908330     
          30          31  0.98024003052120390     
          30          32  0.97236976834268884     
          30          33  0.97277098948058682     
           7          34   1.0305564322548533     
          34          35  0.97293901916346670     
          34          36  0.97161568823542133     
          34          37  0.98026394676017503     
          11          38   1.0333597314895977     
          38          39  0.96738270252646275     
          38          40  0.97604921096126240     
          38          41  0.97725773259582871     
          12          42   1.1020552376557764     
          42          43  0.95827875967488452     
          42          44   1.8899119191306675     
          44          45  0.97568638942738806     
          44          46  0.97918942498291717     
          15          47   1.0335054414863121     
          47          48  0.97613102389352169     
          47          49  0.96730494013645130     
          47          50  0.97712471674948187     
          16          51   1.1015436768398290     
          51          52  0.95813545554742696     
          51          53   1.8909589460792138     
          53          54  0.97562052741722372     
          53          55  0.97914005019718509     
          19          56   1.0305901620971629     
          56          57  0.97165633545541474     
          56          58  0.97290170117859376     
          56          59  0.98018688987065494     
          20          60   1.0306923182995518     
          60          61  0.97241323495351129     
          60          62  0.98025262509019662     
          60          63  0.97206388852911507     
           1          64  0.27485070055462446     
          64          65  0.88060369003725314     
          64          66  0.88037808515593274     
          67          68  0.98101663237870451     
          67          69  0.97868400507198017     
          67          70  0.97457976744955244     
           1          71  0.43921510807160885     
          67          71  0.99310656885630977     
          71          72  0.94198265509665324     
