           1           2  0.58944446806913520     
           1           3  0.58732398132915242     
           1           4  0.58593646852124814     
           1           5  0.58875177485232011     
           2           6   1.2525210843311081     
           6           7   1.1308125625535814     
           7           8   1.6054500140946737     
           2           9   1.2467333958400830     
           8           9   1.1296343899827623     
           3          10   1.2445173083247336     
          10          11   1.1576593437348213     
          11          12   1.5275637815059548     
           3          13   1.2554952709961820     
          12          13   1.1154393822618540     
           4          14   1.2411527884880169     
          14          15   1.1578441729087043     
          15          16   1.5336436204150947     
           4          17   1.2604270049361503     
          16          17   1.1179701984893371     
           5          18   1.2494777880259975     
          18          19   1.1309459913340649     
          19          20   1.6037200756271197     
           5          21   1.2503497270521926     
          20          21   1.1319308855451757     
           6          22   1.3512165502215938     
          21          22   1.3524182867049723     
          22          23  0.96276205386549585     
           9          24   1.3661765478821311     
          10          24   1.3405349192140337     
          24          25  0.96080063263571147     
          13          26   1.3594622158241028     
          14          26   1.3398384292334307     
          26          27  0.96036616747759607     
          17          28   1.3511690081664649     
          18          28   1.3591383564605748     
          28          29  0.95865098979342878     
           8          30   1.0288298897056258     
          30          31  0.98061701533951984     
          30          32  0.97315178981982997     
          30          33  0.97367934011187052     
           7          34   1.0282203811507509     
          34          35  0.97418690079832237     
          34          36  0.97339185584138133     
          34          37  0.98063585214024429     
          11          38   1.0324608048065380     
          38          39  0.97639057347774261     
          38          40  0.96827103377942114     
          38          41  0.97764933678173505     
          12          42   1.1078988072753853     
          42          43  0.95851485919733403     
          42          44   1.8819979720820961     
          44          45  0.97597016826150051     
          44          46  0.97952297309120329     
          15          47   1.0301685492188639     
          47          48  0.97107074319699471     
          47          49  0.97407986721003681     
          47          50  0.98237612184086898     
          16          51   1.0975987626085093     
          51          52  0.95799350987323140     
          51          53   1.8937698458114030     
          53          54  0.97520371639676495     
          53          55  0.97920772056382865     
          19          56   1.0291312233235126     
          56          57  0.97287157032655269     
          56          58  0.97350450696642710     
          56          59  0.98065567597625647     
          20          60   1.0281324941349306     
          60          61  0.98068676444642189     
          60          62  0.97386513884109860     
          60          63  0.97385146870632189     
          64          65  0.97151912704076748     
          64          66  0.97162747906778224     
          64          67  0.98228144850529886     
          68          69  0.94196777467924053     
          64          70   1.0311876777958202     
          68          70   1.1868249431482920     
          68          71   1.2622761393744861     
          70          71  0.11263864192573929     
          71          72  0.95412114738111442     
           1          73  0.48901022640453334     
          71          73   1.4875868584613174     
          70          74   1.5617540304386754     
          73          74   1.2511048621299885     
          74          75  0.96004781814656293     
          76          77  0.97137372950698009     
          76          78  0.97163037881400827     
          76          79  0.98217710998244556     
          80          81  0.94207175906774276     
          76          82   1.0313007139091743     
          80          82   1.1868308752900363     
          80          83   1.2614782615494624     
          82          83  0.11278400907390240     
          83          84  0.95473189011060489     
           1          85  0.49090815296335510     
          83          85   1.4870652298046574     
          82          86   1.5616827518617507     
          85          86   1.2509426157094619     
          86          87  0.96035485965304612     
