    0.39348609
   -0.20962943
   -0.20903155
   -0.20886695
   -0.21005123
    0.04887316
   -0.03358113
   -0.03110134
    0.05161939
    0.05220447
   -0.02226948
   -0.03602178
    0.05221951
    0.04933924
   -0.02831524
   -0.03281882
    0.05683671
    0.05145466
   -0.03053831
   -0.03398070
    0.04898804
   -0.07641819
    0.02989014
   -0.06869759
    0.03309798
   -0.07582205
    0.02939904
   -0.06864621
    0.03894619
   -0.09732850
    0.03201759
    0.03489178
    0.03350162
   -0.09667848
    0.03182079
    0.03371026
    0.03195761
   -0.09894322
    0.03356649
    0.03489194
    0.04093178
   -0.02731603
    0.02212030
   -0.09931645
    0.03167887
    0.01977833
   -0.09721788
    0.03483399
    0.03308309
    0.03504559
   -0.02565944
    0.02294997
   -0.09696496
    0.03174527
    0.02156049
   -0.09762318
    0.03465373
    0.03529712
    0.03212776
   -0.09664269
    0.03211821
    0.03332500
    0.03187003
   -0.11591109
    0.05435903
    0.05418997
    0.06140938
   -0.08643416
    0.17179289
    0.03653581
    0.07505317
    0.06809700
   -0.12614271
   -0.00160651
    0.06472941
   -0.11598642
    0.05459146
    0.05415590
    0.06194118
   -0.08652326
    0.17148078
    0.03685321
    0.07482990
    0.06781672
   -0.12525303
   -0.00103421
    0.06470421
