    0.44059878
   -0.23345437
   -0.22746998
   -0.20519659
   -0.21066134
    0.04655426
   -0.03283717
   -0.03233946
    0.04754317
    0.04900977
   -0.02330944
   -0.03415332
    0.05230029
    0.05345899
   -0.02109982
   -0.02989792
    0.05905670
    0.05537825
   -0.02762881
   -0.03077904
    0.05064766
   -0.07522371
    0.03452667
   -0.07411116
    0.03386718
   -0.07141164
    0.03475724
   -0.06394147
    0.03874436
   -0.09842212
    0.03475206
    0.03348836
    0.03530688
   -0.09845874
    0.03347125
    0.03608255
    0.03355951
   -0.10008959
    0.03423945
    0.03610729
    0.04199422
   -0.02743955
    0.02372028
   -0.09693088
    0.03417307
    0.02301830
   -0.10039746
    0.03388224
    0.03910017
    0.04256674
   -0.02634169
    0.02477766
   -0.09630898
    0.03581858
    0.02337868
   -0.09940853
    0.03555978
    0.03964763
    0.03442431
   -0.09849164
    0.03305428
    0.03459821
    0.03717801
   -0.48023891
    0.32121959
    0.32142092
   -0.11785586
    0.05668655
    0.05651805
    0.06385590
   -0.08420257
    0.17413581
    0.03849714
    0.07258588
    0.06994426
   -0.13138840
   -0.00298488
    0.06726808
