           1           2  0.58557112801359501     
           1           3  0.58460065672808215     
           1           4  0.59564332852715474     
           1           5  0.59698977747962534     
           2           6   1.2459366672227139     
           6           7   1.1375209109076336     
           7           8   1.5979916256993034     
           2           9   1.2386705465108405     
           8           9   1.1361763973935102     
           3          10   1.2373805262827977     
          10          11   1.1602773822554391     
          11          12   1.5272609149629497     
           3          13   1.2505063725433263     
          12          13   1.1207377977859807     
           4          14   1.2395371918210427     
          14          15   1.1501185524588702     
          15          16   1.5376796095815646     
           4          17   1.2621538389539038     
          16          17   1.1130931138193285     
           5          18   1.2507311045120755     
          18          19   1.1275817289389949     
          19          20   1.6078555792248044     
           5          21   1.2480652526837164     
          20          21   1.1282311454751750     
           6          22   1.3525554814228888     
          21          22   1.3598735662817552     
          22          23  0.96220332801670982     
           9          24   1.3663112588807931     
          10          24   1.3441682906887971     
          24          25  0.96061137183903189     
          13          26   1.3600719854293946     
          14          26   1.3496860016671870     
          26          27  0.95853696118769260     
          17          28   1.3560847670933678     
          18          28   1.3607732220922182     
          28          29  0.95990314940935217     
           8          30   1.0291448083497114     
          30          31  0.97312647482826975     
          30          32  0.98045528755063982     
          30          33  0.97315389051203871     
           7          34   1.0289316564641926     
          34          35  0.97330833239653769     
          34          36  0.97320126779746663     
          34          37  0.98048667581732429     
          11          38   1.0326862367916394     
          38          39  0.97637741829657598     
          38          40  0.96797158141821027     
          38          41  0.97745894326634675     
          12          42   1.1042455526784680     
          42          43  0.95847151918194395     
          42          44   1.8870549803878442     
          44          45  0.97577947838844625     
          44          46  0.97932522978656988     
          15          47   1.0331884110995095     
          47          48  0.97605286282465298     
          47          49  0.96758401439824915     
          47          50  0.97752573734262915     
          16          51   1.1034285552160494     
          51          52  0.95840843044325486     
          51          53   1.8882598100121970     
          53          54  0.97565892949595057     
          53          55  0.97926781679995334     
          19          56   1.0300420029278805     
          56          57  0.97298768334896069     
          56          58  0.97224994811613841     
          56          59  0.98042935679866561     
          20          60   1.0291182403193864     
          60          61  0.97345327404308502     
          60          62  0.98042778222951477     
          60          63  0.97306987027581693     
           1          64  0.26298379192917126     
          64          65  0.88439797875116599     
          64          66  0.88382871323512080     
          67          68  0.97093119494938063     
          67          69  0.97099358765614407     
          67          70  0.98186397423531746     
          71          72  0.94125414500208293     
          67          73   1.0317476246323727     
          71          73   1.1886607727035881     
          71          74   1.2620122630412247     
          73          74  0.11218814142366892     
          74          75  0.95377881170991041     
           1          76  0.50997310999118961     
          74          76   1.4790035744191599     
          73          77   1.5599398638765001     
          76          77   1.2462030245200284     
          77          78  0.95884802656378920     
