    0.44131887
   -0.20642298
   -0.20455794
   -0.23257816
   -0.23399922
    0.05311675
   -0.02857158
   -0.02859138
    0.05558586
    0.05579885
   -0.02305986
   -0.03065422
    0.05827868
    0.04943787
   -0.02271914
   -0.03628742
    0.04825815
    0.04526826
   -0.03363023
   -0.03127190
    0.04899591
   -0.07056358
    0.03620960
   -0.06628736
    0.03789120
   -0.06886886
    0.04187978
   -0.07939848
    0.03170817
   -0.09932567
    0.03448987
    0.03512465
    0.03838658
   -0.09899269
    0.03687415
    0.03535356
    0.03450496
   -0.10000942
    0.03906358
    0.03624240
    0.03757218
   -0.02547307
    0.02692218
   -0.09646640
    0.03137152
    0.02404768
   -0.10077044
    0.03786958
    0.03562836
    0.04192231
   -0.02802700
    0.02215251
   -0.09752742
    0.03456532
    0.02237474
   -0.09788084
    0.03546041
    0.03325139
    0.03347730
   -0.09883478
    0.03355101
    0.03530405
    0.03609745
   -0.48088337
    0.32142590
    0.32112286
   -0.11788212
    0.05649417
    0.05693873
    0.06347034
   -0.08426160
    0.17441286
    0.03862736
    0.07306002
    0.06990668
   -0.13114770
   -0.00311349
    0.06724370
