    0.39501787
   -0.20994725
   -0.20844913
   -0.20899179
   -0.21057313
    0.04882654
   -0.03363840
   -0.03117543
    0.05155605
    0.05199261
   -0.02535204
   -0.03560067
    0.05364465
    0.04913513
   -0.02792671
   -0.03305419
    0.05663488
    0.05119314
   -0.03060434
   -0.03393075
    0.04907604
   -0.07653676
    0.02967985
   -0.06900192
    0.03295324
   -0.07565933
    0.03585655
   -0.06880339
    0.03872592
   -0.09733873
    0.03187974
    0.03477953
    0.03354975
   -0.09663866
    0.03172831
    0.03367865
    0.03183520
   -0.09801335
    0.03511835
    0.03505254
    0.03508622
   -0.02578836
    0.02325212
   -0.09816057
    0.02715555
    0.02084114
   -0.09764384
    0.03529486
    0.03364257
    0.03515999
   -0.02579556
    0.02299860
   -0.09719442
    0.03153580
    0.02135021
   -0.09758887
    0.03462176
    0.03515680
    0.03207723
   -0.09663857
    0.03204888
    0.03326581
    0.03194588
   -0.11587267
    0.05434581
    0.05403669
    0.06130306
   -0.08644906
    0.17173034
    0.03644604
    0.07513927
    0.06835443
   -0.12644851
   -0.00165981
    0.06469134
   -0.11600710
    0.05468197
    0.05404479
    0.06191587
   -0.08653506
    0.17150296
    0.03682365
    0.07491240
    0.06778766
   -0.12547471
   -0.00103978
    0.06446866
