    0.46510519
   -0.21888097
   -0.22882978
   -0.24445176
   -0.23600430
    0.05513391
   -0.02777903
   -0.02818069
    0.05607811
    0.05511020
   -0.02077235
   -0.03145285
    0.05398088
    0.04842482
   -0.02197379
   -0.03152817
    0.05429693
    0.05174744
   -0.02825406
   -0.02769544
    0.05443870
   -0.06797074
    0.03953281
   -0.06800289
    0.03808706
   -0.07445168
    0.03559082
   -0.07224307
    0.03752977
   -0.10007660
    0.03606499
    0.03939084
    0.03627028
   -0.09999113
    0.03719174
    0.03876200
    0.03593474
   -0.10138316
    0.03796214
    0.04412239
    0.03708663
   -0.02767802
    0.02634372
   -0.09558085
    0.03544341
    0.02532038
   -0.10096282
    0.03602757
    0.03852913
    0.04396063
   -0.02776476
    0.02732100
   -0.09542872
    0.03587386
    0.02564508
   -0.09986608
    0.03955879
    0.03658138
    0.03607306
   -0.10014344
    0.03911693
    0.03616253
    0.03735461
   -0.47983530
    0.32524933
    0.32464754
   -0.07612969
    0.07110179
    0.07455786
    0.07588541
   -0.11071335
    0.16542912
