    0.46608628
   -0.21884737
   -0.21473190
   -0.24426505
   -0.25072907
    0.05417690
   -0.02880416
   -0.02704943
    0.05692545
    0.05973228
   -0.01685607
   -0.02819185
    0.05913254
    0.05168809
   -0.02023680
   -0.03288573
    0.05108163
    0.04630142
   -0.03153698
   -0.03188492
    0.04882437
   -0.07342426
    0.03596848
   -0.06321594
    0.04137479
   -0.06820421
    0.03934631
   -0.07805841
    0.03412796
   -0.10033219
    0.03604909
    0.03967373
    0.03755397
   -0.09972514
    0.03573564
    0.03853316
    0.03602431
   -0.10229441
    0.04070408
    0.03833889
    0.04494134
   -0.02659233
    0.02681309
   -0.09488347
    0.03740844
    0.02613780
   -0.10187340
    0.03867246
    0.03861534
    0.04412249
   -0.02764648
    0.02517610
   -0.09540344
    0.03620861
    0.02541820
   -0.09900697
    0.03607030
    0.03661677
    0.03483501
   -0.09928350
    0.03552077
    0.03496463
    0.03705171
   -0.47989597
    0.32517920
    0.32496899
   -0.07606453
    0.07424253
    0.07084782
    0.07613972
   -0.11170596
    0.16629927
