           1           2  0.58207917619715877     
           1           3  0.58230875265598614     
           1           4  0.56592783259337542     
           1           5  0.56744872987488948     
           2           6   1.2520731234855451     
           6           7   1.1268635668249642     
           7           8   1.6097966578246476     
           2           9   1.2484832123849752     
           8           9   1.1261767095139958     
           3          10   1.2472071875314557     
          10          11   1.1454406695393233     
          11          12   1.5443410571242193     
           3          13   1.2562456705788467     
          12          13   1.1096538606047628     
           4          14   1.2347160868647844     
          14          15   1.1600001867253216     
          15          16   1.5285624475929829     
           4          17   1.2505985690996704     
          16          17   1.1227656763405482     
           5          18   1.2408553360317174     
          18          19   1.1389781548250435     
          19          20   1.5955535672608141     
           5          21   1.2398685865029808     
          20          21   1.1395319662244385     
           6          22   1.3581796221266782     
          21          22   1.3567775870773033     
          22          23  0.96193823981542526     
           9          24   1.3676329935342357     
          10          24   1.3494476964488340     
          24          25  0.96014080546238167     
          13          26   1.3678718024424945     
          14          26   1.3479062936979687     
          26          27  0.95834854890260912     
          17          28   1.3570260095003168     
          18          28   1.3583996008126460     
          28          29  0.96001713018704060     
           8          30   1.0305652539405765     
          30          31  0.98025066643103176     
          30          32  0.97155838469126765     
          30          33  0.97297314453818395     
           7          34   1.0300329940325685     
          34          35  0.97268206394962609     
          34          36  0.97258292568074212     
          34          37  0.98026610932954894     
          11          38   1.0343307461780009     
          38          39  0.96690235809791236     
          38          40  0.97540229257358857     
          38          41  0.97726431617131504     
          12          42   1.1013699969087585     
          42          43  0.95819087726490526     
          42          44   1.8910470760178348     
          44          45  0.97558257398870041     
          44          46  0.97909978402046960     
          15          47   1.0339699578093748     
          47          48  0.97545354931272898     
          47          49  0.96709756215817311     
          47          50  0.97723794892528693     
          16          51   1.1016590063560152     
          51          52  0.95839922533159039     
          51          53   1.8904983007254890     
          53          54  0.97564121862740349     
          53          55  0.97916275147913412     
          19          56   1.0298577927398067     
          56          57  0.97263938253511528     
          56          58  0.97254879498217595     
          56          59  0.98029245966512280     
          20          60   1.0297191137156954     
          60          61  0.97260230003349268     
          60          62  0.98032750805048674     
          60          63  0.97279214562474770     
           1          64  0.27469464395929183     
          64          65  0.87989166666989993     
          64          66  0.87950936329219975     
          67          68  0.97873216113858974     
          67          69  0.98100710604458874     
          67          70  0.97454300941872773     
           1          71  0.43894345923353911     
          67          71  0.99316582851036839     
          71          72  0.94210124664413675     
