           1           2  0.58540190054879682     
           1           3  0.58392468317156421     
           1           4  0.59628508077885578     
           1           5  0.59778115121407716     
           2           6   1.2471920365986529     
           6           7   1.1373071075007768     
           7           8   1.5979992426224734     
           2           9   1.2373296814229149     
           8           9   1.1362845654364855     
           3          10   1.2350680577174202     
          10          11   1.1626157975813993     
          11          12   1.5245528319972670     
           3          13   1.2503511004415233     
          12          13   1.1226860584960090     
           4          14   1.2398358919101031     
          14          15   1.1499597759799267     
          15          16   1.5373174646481191     
           4          17   1.2618022451599402     
          16          17   1.1129237349142738     
           5          18   1.2507871659240881     
          18          19   1.1260211737392893     
          19          20   1.6100576646679372     
           5          21   1.2497415433151104     
          20          21   1.1262111446339877     
           6          22   1.3536308789602318     
          21          22   1.3622928403274865     
          22          23  0.96201342590748240     
           9          24   1.3652452545962976     
          10          24   1.3414478649870467     
          24          25  0.96079220186669800     
          13          26   1.3604841798224436     
          14          26   1.3517302754584841     
          26          27  0.95858983110754759     
          17          28   1.3544028263627039     
          18          28   1.3603092722771459     
          28          29  0.96002739113334390     
           8          30   1.0287491803178439     
          30          31  0.98044388766288215     
          30          32  0.97333347425710748     
          30          33  0.97344306813279446     
           7          34   1.0293721858160094     
          34          35  0.97281520926059928     
          34          36  0.97313770641530639     
          34          37  0.98049086648178974     
          11          38   1.0322703567801466     
          38          39  0.97669374995281877     
          38          40  0.96824914842804244     
          38          41  0.97734226260789159     
          12          42   1.1047948603360127     
          42          43  0.95835583982787864     
          42          44   1.8865460748230560     
          44          45  0.97579387873338175     
          44          46  0.97933199371487234     
          15          47   1.0332771714172648     
          47          48  0.97594759753322680     
          47          49  0.96776524486583193     
          47          50  0.97751124927382205     
          16          51   1.1036017923955468     
          51          52  0.95824452437669483     
          51          53   1.8879096319019646     
          53          54  0.97578461194823840     
          53          55  0.97929046433847589     
          19          56   1.0298922361205978     
          56          57  0.97248475090706210     
          56          58  0.97296139412141125     
          56          59  0.98042152901775870     
          20          60   1.0295496843752301     
          60          61  0.98042398810424591     
          60          62  0.97318312991251665     
          60          63  0.97282595614527723     
           1          64  0.26215556554224773     
          64          65  0.88383003742382582     
          64          66  0.88413086501355520     
          67          68  0.97097586917670953     
          67          69  0.97093802371677496     
          67          70  0.98183853868480508     
          71          72  0.94121319137176152     
          67          73   1.0317171206943392     
          71          73   1.1887611864464116     
          71          74   1.2621244616434029     
          73          74  0.11199242135584074     
          74          75  0.95480569351809697     
           1          76  0.50921259659627283     
          74          76   1.4799334270100948     
          73          77   1.5603166452230883     
          76          77   1.2458053830133511     
          77          78  0.95766852706382488     
