    0.44051166
   -0.20923112
   -0.21345172
   -0.22827681
   -0.22521496
    0.05339036
   -0.02889917
   -0.02947054
    0.05303014
    0.05263329
   -0.02997581
   -0.02928341
    0.05178350
    0.05238887
   -0.03328682
   -0.02419580
    0.04879655
    0.05096830
   -0.03494364
   -0.02192411
    0.05130818
   -0.06848920
    0.03683444
   -0.06997409
    0.03708088
   -0.07093048
    0.03554130
   -0.07569079
    0.03241884
   -0.09905091
    0.03479206
    0.03806730
    0.03448903
   -0.09900370
    0.03878889
    0.03342829
    0.03452469
   -0.10057526
    0.03746811
    0.03476019
    0.04217584
   -0.02761187
    0.02308279
   -0.09729125
    0.03438208
    0.02271208
   -0.09978413
    0.03653904
    0.03375393
    0.04185156
   -0.02736057
    0.02445579
   -0.09686290
    0.03439561
    0.02292238
   -0.09882365
    0.03765961
    0.03515583
    0.03431293
   -0.09895259
    0.03447376
    0.03338793
    0.03850546
   -0.48035828
    0.32123040
    0.32145197
   -0.11777881
    0.05644577
    0.05669741
    0.06381790
   -0.08389894
    0.17422128
    0.03833626
    0.07252030
    0.07018016
   -0.13138818
   -0.00280410
    0.06711068
