           1           2  0.58300966793023656     
           1           3  0.56684592004819545     
           1           4  0.56781668403937757     
           1           5  0.58263641974226765     
           2           6   1.2560607182296719     
           6           7   1.1261113832777006     
           7           8   1.6107349482331546     
           2           9   1.2445634903581722     
           8           9   1.1254394713588414     
           3          10   1.2348489437167582     
          10          11   1.1626149861634949     
          11          12   1.5261352058232502     
           3          13   1.2466919426250169     
          12          13   1.1239056309153621     
           4          14   1.2335772866883385     
          14          15   1.1605154491001655     
          15          16   1.5332352728694112     
           4          17   1.2510593754360537     
          16          17   1.1241727489054882     
           5          18   1.2491206602631340     
          18          19   1.1235900002391570     
          19          20   1.6128175908977800     
           5          21   1.2523760323309527     
          20          21   1.1240808990486886     
           6          22   1.3571736805438570     
          21          22   1.3627929635935587     
          22          23  0.96154435372235891     
           9          24   1.3700689309956169     
          10          24   1.3418105254894759     
          24          25  0.96040713500844255     
          13          26   1.3627309512010719     
          14          26   1.3476394438361825     
          26          27  0.95986793358689537     
          17          28   1.3531180498543216     
          18          28   1.3656420248131924     
          28          29  0.95784441556058375     
           8          30   1.0300960356902158     
          30          31  0.98023986113621397     
          30          32  0.97277115492202837     
          30          33  0.97242874061408058     
           7          34   1.0305489630212590     
          34          35  0.97270032761463587     
          34          36  0.97184946636130110     
          34          37  0.98028859908776667     
          11          38   1.0333230387710228     
          38          39  0.96739047771435038     
          38          40  0.97601958422818780     
          38          41  0.97729445143296079     
          12          42   1.1024447761634302     
          42          43  0.95823458749301804     
          42          44   1.8895270408122078     
          44          45  0.97569048659574453     
          44          46  0.97920462174708833     
          15          47   1.0317865379303588     
          47          48  0.97303025795163145     
          47          49  0.96999575177342645     
          47          50  0.98199628955798823     
          16          51   1.0940463522840222     
          51          52  0.95747413927274105     
          51          53   1.8990331028472820     
          53          54  0.97506655498001293     
          53          55  0.97890373168534817     
          19          56   1.0308276292202718     
          56          57  0.97209806794030063     
          56          58  0.97211165067548200     
          56          59  0.98023467668123243     
          20          60   1.0306469384904433     
          60          61  0.98027682788186843     
          60          62  0.97187354209624788     
          60          63  0.97271262773080958     
           1          64  0.27432717204335522     
          64          65  0.87989915067274316     
          64          66  0.88028024455872411     
          67          68  0.98102100196769959     
          67          69  0.97869941073090760     
          67          70  0.97446322910138505     
           1          71  0.43899533822749398     
          67          71  0.99316763726464852     
          71          72  0.94162581554780034     
