           1           2  0.58542017591732365     
           1           3  0.58384474342491699     
           1           4  0.59615188166914856     
           1           5  0.59774719999188997     
           2           6   1.2472116370185378     
           6           7   1.1372821756171034     
           7           8   1.5980316264424894     
           2           9   1.2373215683083403     
           8           9   1.1362494504454188     
           3          10   1.2350565068514672     
          10          11   1.1626665882292566     
          11          12   1.5244863527764927     
           3          13   1.2503324594854797     
          12          13   1.1227056689536548     
           4          14   1.2397977495252763     
          14          15   1.1500420517017382     
          15          16   1.5371816550420163     
           4          17   1.2617982691858585     
          16          17   1.1129946715932659     
           5          18   1.2508469483948990     
          18          19   1.1259353067124991     
          19          20   1.6101467672517431     
           5          21   1.2497940998226764     
          20          21   1.1261398611426832     
           6          22   1.3536298722034876     
          21          22   1.3623226849346020     
          22          23  0.96200945272256910     
           9          24   1.3652555041362719     
          10          24   1.3414217110241378     
          24          25  0.96077774836765462     
          13          26   1.3604946441735839     
          14          26   1.3516885349940306     
          26          27  0.95856286325700268     
          17          28   1.3543616770321121     
          18          28   1.3603446591746122     
          28          29  0.96002152736078428     
           8          30   1.0287495760576877     
          30          31  0.98044156085753464     
          30          32  0.97331392702980613     
          30          33  0.97346525647358917     
           7          34   1.0293795794654723     
          34          35  0.97281206846578661     
          34          36  0.97312965964361187     
          34          37  0.98048972660627842     
          11          38   1.0322789907498153     
          38          39  0.97669491144949538     
          38          40  0.96823659716803534     
          38          41  0.97732900693882441     
          12          42   1.1048353704559379     
          42          43  0.95835331951776892     
          42          44   1.8865032508474577     
          44          45  0.97579102224169256     
          44          46  0.97933261403408611     
          15          47   1.0332847211655780     
          47          48  0.97599208586191000     
          47          49  0.96773698039758460     
          47          50  0.97747037307450868     
          16          51   1.1036756165762420     
          51          52  0.95825016181274214     
          51          53   1.8878366974321918     
          53          54  0.97578173263853429     
          53          55  0.97929153152643866     
          19          56   1.0298942773163409     
          56          57  0.97245023496336502     
          56          58  0.97299353965896551     
          56          59  0.98042082459773405     
          20          60   1.0295553220378819     
          60          61  0.98042478392190002     
          60          62  0.97315936296032435     
          60          63  0.97284397459515348     
           1          64  0.26215456931037934     
          64          65  0.88375397804813305     
          64          66  0.88415751378755658     
          67          68  0.97099802077884623     
          67          69  0.97091327334350186     
          67          70  0.98183713072775225     
          71          72  0.94121371291258316     
          67          73   1.0317218262409114     
          71          73   1.1887621730645423     
          71          74   1.2621073029776793     
          73          74  0.11199451342170608     
          74          75  0.95480238965081188     
           1          76  0.50941108547040714     
          74          76   1.4798508849788397     
          73          77   1.5603080331055923     
          76          77   1.2457730089500838     
          77          78  0.95765391678974143     
