    0.46565951
   -0.21710244
   -0.24531465
   -0.24459005
   -0.22024854
    0.05714132
   -0.02687632
   -0.02857481
    0.05508344
    0.05108490
   -0.02314159
   -0.03382866
    0.04925374
    0.04837360
   -0.02218831
   -0.03105238
    0.05400750
    0.05449519
   -0.02630955
   -0.02547787
    0.05894636
   -0.06413317
    0.04136212
   -0.07104984
    0.03645195
   -0.07779979
    0.03392956
   -0.07114208
    0.03866375
   -0.09981647
    0.03613893
    0.03872941
    0.03603928
   -0.10033550
    0.03732244
    0.03995629
    0.03603082
   -0.10104968
    0.03711632
    0.03648722
    0.04313504
   -0.02843942
    0.02500096
   -0.09533713
    0.03563627
    0.02508988
   -0.10070510
    0.03577742
    0.03792045
    0.04386394
   -0.02775436
    0.02766630
   -0.09529111
    0.03578197
    0.02578829
   -0.10011619
    0.03939102
    0.03781433
    0.03670918
   -0.10050844
    0.03893515
    0.03672212
    0.03926342
   -0.47895998
    0.32529496
    0.32499427
   -0.07593804
    0.07097518
    0.07429539
    0.07603020
   -0.11164546
    0.16636756
