           1           2  0.59867233322820523     
           1           3  0.59574950128033433     
           1           4  0.58364211818555201     
           1           5  0.58678756979993285     
           2           6   1.2448602004076728     
           6           7   1.1262058856129693     
           7           8   1.6095456103240247     
           2           9   1.2535628412704778     
           8           9   1.1272475775620734     
           3          10   1.2493133430239294     
          10          11   1.1295641534451908     
          11          12   1.6065243497620549     
           3          13   1.2479324096373978     
          12          13   1.1286295135110012     
           4          14   1.2548816052775575     
          14          15   1.1222725098880373     
          15          16   1.5270031236636969     
           4          17   1.2338527900414880     
          16          17   1.1602602212715059     
           5          18   1.2490996611084957     
          18          19   1.1192483568336280     
          19          20   1.5275857114023297     
           5          21   1.2391740618345402     
          20          21   1.1601057701841766     
           6          22   1.3699990441170073     
          21          22   1.3426031474824798     
          22          23  0.96053519714537150     
           9          24   1.3556656726770955     
          10          24   1.3581966777329972     
          24          25  0.96204774368114254     
          13          26   1.3617443609683326     
          14          26   1.3537662751043311     
          26          27  0.96007829704936598     
          17          28   1.3456001315235833     
          18          28   1.3623885107442975     
          28          29  0.95857818868492972     
           7          30   1.0296404193824236     
          30          31  0.97316257896810754     
          30          32  0.97267484677767135     
          30          33  0.98040839099498944     
           8          34   1.0294213783806623     
          34          35  0.97270328031053244     
          34          36  0.97337765653611064     
          34          37  0.98043622008209841     
          20          38   1.0329826230289583     
          38          39  0.96762693335740124     
          38          40  0.97642185308093943     
          38          41  0.97744500096940612     
          19          42   1.1046669481048146     
          42          43  0.95837898050920201     
          42          44   1.8864670451456109     
          44          45  0.97579457155740912     
          44          46  0.97935107914528552     
          16          47   1.0326715768814918     
          47          48  0.96798294778553418     
          47          49  0.97619413675264832     
          47          50  0.97759658684827266     
          15          51   1.1032483003484075     
          51          52  0.95850763166483777     
          51          53   1.8881748794054258     
          53          54  0.97574590206233047     
          53          55  0.97929918929576409     
          12          56   1.0296672819864965     
          56          57  0.97278109698166371     
          56          58  0.97296491956961484     
          56          59  0.98041600685485586     
          11          60   1.0293438089164186     
          60          61  0.97276657286543067     
          60          62  0.98045511831880972     
          60          63  0.97340439757359398     
           1          64  0.26262686114245121     
          64          65  0.88473675492327719     
          64          66  0.88402370934293717     
          67          68  0.97096917692529328     
          67          69  0.97094780810028680     
          67          70  0.98186612404155993     
          71          72  0.94120489874927626     
          67          73   1.0317860790713425     
          71          73   1.1886264532014310     
          71          74   1.2624444460921036     
          73          74  0.11240079028629096     
          74          75  0.95284597132327242     
           1          76  0.50932007008502145     
          74          76   1.4786838565397200     
          73          77   1.5596283979004757     
          76          77   1.2468631794533140     
          77          78  0.95971512754876209     
