           1           2  0.58542502300554533     
           1           3  0.58381790387023447     
           1           4  0.59615637203728766     
           1           5  0.59790995524644952     
           2           6   1.2472541312849768     
           6           7   1.1372567761958980     
           7           8   1.5980574357960824     
           2           9   1.2373351059805735     
           8           9   1.1362298205512309     
           3          10   1.2350627790771909     
          10          11   1.1626721307992647     
          11          12   1.5244990668278944     
           3          13   1.2503334950980127     
          12          13   1.1227281977694112     
           4          14   1.2397503351404029     
          14          15   1.1500732047671518     
          15          16   1.5371782018777160     
           4          17   1.2617921815860347     
          16          17   1.1130124718390910     
           5          18   1.2507997930210344     
          18          19   1.1259246183463973     
          19          20   1.6101749006043149     
           5          21   1.2498243094390664     
          20          21   1.1261058552641330     
           6          22   1.3536259799030197     
          21          22   1.3623245644315602     
          22          23  0.96200569802266100     
           9          24   1.3652627001716007     
          10          24   1.3414304569339588     
          24          25  0.96077095276878355     
          13          26   1.3604799155272633     
          14          26   1.3516933584913371     
          26          27  0.95857559096664124     
          17          28   1.3543717688246968     
          18          28   1.3603400860037844     
          28          29  0.96003303887758507     
           8          30   1.0287499089475982     
          30          31  0.98044316067006876     
          30          32  0.97331998868110747     
          30          33  0.97345803827847144     
           7          34   1.0293816623537393     
          34          35  0.97283993353830966     
          34          36  0.97310045179429883     
          34          37  0.98049202647132550     
          11          38   1.0322792241597347     
          38          39  0.97670183612733930     
          38          40  0.96823559676630278     
          38          41  0.97732859922417803     
          12          42   1.1047881191293998     
          42          43  0.95834847547464519     
          42          44   1.8865501708756276     
          44          45  0.97580040695681847     
          44          46  0.97933260199122718     
          15          47   1.0332734757758688     
          47          48  0.97597481002773390     
          47          49  0.96775323387782186     
          47          50  0.97749111043169790     
          16          51   1.1036542235273339     
          51          52  0.95825619176387777     
          51          53   1.8878556041174230     
          53          54  0.97578160755721122     
          53          55  0.97929207051971234     
          19          56   1.0298912582537998     
          56          57  0.97246983324767111     
          56          58  0.97297997270520975     
          56          59  0.98042274365085624     
          20          60   1.0295579653568705     
          60          61  0.98042596641392454     
          60          62  0.97318449778461913     
          60          63  0.97281177424196652     
           1          64  0.26217746256768087     
          64          65  0.88369970756357830     
          64          66  0.88426289539762848     
          67          68  0.97081976010454651     
          67          69  0.97109282453438750     
          67          70  0.98184019223326757     
          71          72  0.94121316733483273     
          67          73   1.0317181494062442     
          71          73   1.1887553056288944     
          71          74   1.2621297672701139     
          73          74  0.11199155979622605     
          74          75  0.95479356644645563     
           1          76  0.50927683672058333     
          74          76   1.4799176010632740     
          73          77   1.5603146163424568     
          76          77   1.2457921978512143     
          77          78  0.95766816417327971     
