    0.44064584
   -0.23343779
   -0.23302460
   -0.20523463
   -0.20558209
    0.04926243
   -0.03096524
   -0.03400313
    0.04503650
    0.04557626
   -0.02560490
   -0.03362216
    0.05231379
    0.05365656
   -0.02000816
   -0.03082117
    0.05896666
    0.05586276
   -0.02812150
   -0.02860009
    0.05353228
   -0.07000299
    0.03661398
   -0.07953803
    0.03181824
   -0.06929585
    0.03592318
   -0.06574136
    0.03760046
   -0.09795585
    0.03362051
    0.03345021
    0.03447515
   -0.09896742
    0.03631465
    0.03559064
    0.03351827
   -0.09964269
    0.03366247
    0.03463617
    0.04200741
   -0.02745289
    0.02476565
   -0.09697369
    0.03343376
    0.02301328
   -0.10050597
    0.03559322
    0.03741385
    0.04347384
   -0.02679326
    0.02676980
   -0.09732181
    0.03411673
    0.02316680
   -0.09930267
    0.03873805
    0.03578235
    0.03459182
   -0.09902888
    0.03476776
    0.03532459
    0.03701933
   -0.48075230
    0.32140758
    0.32119996
   -0.11803576
    0.05697088
    0.05647619
    0.06402078
   -0.08433042
    0.17430353
    0.03873243
    0.07303848
    0.06960723
   -0.13166374
   -0.00324465
    0.06776340
