           1           2  0.57344616757547373     
           1           3  0.57757027151220530     
           1           4  0.57835013811588543     
           1           5  0.57405904814244468     
           2           6   1.2434921921821895     
           6           7   1.1336774890357111     
           7           8   1.6018009292978643     
           2           9   1.2506989978587137     
           8           9   1.1335357369236985     
           3          10   1.2450308225023827     
          10          11   1.1330771151456531     
          11          12   1.6014287503416480     
           3          13   1.2476144599283923     
          12          13   1.1336537403621922     
           4          14   1.2587508363934028     
          14          15   1.1143900559447077     
          15          16   1.5391286915052413     
           4          17   1.2427221762163854     
          16          17   1.1530674402340386     
           5          18   1.2526889203232199     
          18          19   1.1154853709098405     
          19          20   1.5379264413256157     
           5          21   1.2439019993746654     
          20          21   1.1548117921963603     
           6          22   1.3646647650555184     
          21          22   1.3415328912105746     
          22          23  0.96242992154863849     
           9          24   1.3525560437903748     
          10          24   1.3551076182928867     
          24          25  0.96274505043417158     
          13          26   1.3538215684856043     
          14          26   1.3548888444643388     
          26          27  0.95868216069056333     
          17          28   1.3448780097594206     
          18          28   1.3625825383046140     
          28          29  0.95851067626306030     
           7          30   1.0290082044165609     
          30          31  0.97408261267155938     
          30          32  0.97240980636157981     
          30          33  0.98059336512542672     
           8          34   1.0285801425853678     
          34          35  0.97372066054521134     
          34          36  0.97332694251276464     
          34          37  0.98062913186775580     
          20          38   1.0309930219260053     
          38          39  0.97038091208058519     
          38          40  0.97396420235367986     
          38          41  0.98206150501731149     
          19          42   1.0978344266499274     
          42          43  0.95798254708416719     
          42          44   1.8941366526092767     
          44          45  0.97502462892928310     
          44          46  0.97913575083495619     
          16          47   1.0317693488519974     
          47          48  0.97298880188530146     
          47          49  0.97016972807857338     
          47          50  0.98216499232520693     
          15          51   1.0980541036102960     
          51          52  0.95791653030043833     
          51          53   1.8937942806453554     
          53          54  0.97527939634787819     
          53          55  0.97917024911421846     
          12          56   1.0295744396766080     
          56          57  0.97289055954658465     
          56          58  0.97276196746386323     
          56          59  0.98062167544922751     
          11          60   1.0286155079870689     
          60          61  0.97442384053103459     
          60          62  0.98056935118706978     
          60          63  0.97273781673286419     
          64          65  0.97126269789034259     
          64          66  0.97087855043825932     
          64          67  0.98192074997953727     
          68          69  0.94136527571025075     
          64          70   1.0316574784094370     
          68          70   1.1882725108741197     
          68          71   1.2617029896434555     
          70          71  0.11244479647727118     
          71          72  0.95502047039485449     
           1          73  0.49596856559622016     
          71          73   1.4809854812806649     
          70          74   1.5601965781276976     
          73          74   1.2466446997201552     
          74          75  0.95997963347575843     
          76          77  0.98036578795248452     
          76          78  0.98636691865832926     
          76          79  0.97718384546698911     
          76          80   1.0259198488522436     
          80          81  0.97335607744009911     
          80          82  0.96968928659270193     
           1          83  0.39826693470195701     
          80          83  0.96170071175838034     
          83          84  0.99537162109235433     
          84          85  0.98116860748558177     
          84          86  0.97889762240261058     
          84          87  0.97424417762053805     
