           1           2  0.60577515634297341     
           1           3  0.60119346652003991     
           1           4  0.59563918702030150     
           1           5  0.60786042584595423     
           2           6   1.2492998136248603     
           6           7   1.1250934043156320     
           7           8   1.6104329366885497     
           2           9   1.2377892668341750     
           8           9   1.1258729091643360     
           3          10   1.2375639905413895     
          10          11   1.1608430538160495     
          11          12   1.5331487131889912     
           3          13   1.2433702676820884     
          12          13   1.1210553018433187     
           4          14   1.2310092455582904     
          14          15   1.1608973823940656     
          15          16   1.5327970974831366     
           4          17   1.2487656561734144     
          16          17   1.1238647519206910     
           5          18   1.2407200774564662     
          18          19   1.1305525758736168     
          19          20   1.6039635763191054     
           5          21   1.2480976912840991     
          20          21   1.1305113625551173     
           6          22   1.3616259342952102     
          21          22   1.3581543741159714     
          22          23  0.96144284638781563     
           9          24   1.3721905777899683     
          10          24   1.3381030123754218     
          24          25  0.96170510969974699     
          13          26   1.3652571850755126     
          14          26   1.3482856713410769     
          26          27  0.95794991338693813     
          17          28   1.3496259818688410     
          18          28   1.3607680589876634     
          28          29  0.95826481069583769     
           8          30   1.0301231834700788     
          30          31  0.98022292603405436     
          30          32  0.97110294161170496     
          30          33  0.97413353861856522     
           7          34   1.0309990260162600     
          34          35  0.97291497705326735     
          34          36  0.97110252551946941     
          34          37  0.98028247081538922     
          11          38   1.0313754884247022     
          38          39  0.97380096147945383     
          38          40  0.96969691050289253     
          38          41  0.98211130501102895     
          12          42   1.0950047180498272     
          42          43  0.95756783936492196     
          42          44   1.8974322319041765     
          44          45  0.97503787391427821     
          44          46  0.97896505895710939     
          15          47   1.0317143451822628     
          47          48  0.97287117600058548     
          47          49  0.97008265732948940     
          47          50  0.98232881368721547     
          16          51   1.0928175897027803     
          51          52  0.95758070240890247     
          51          53   1.8996360050185574     
          53          54  0.97494076208430402     
          53          55  0.97893709059828704     
          19          56   1.0297881706239866     
          56          57  0.97336875462117023     
          56          58  0.97209224326436927     
          56          59  0.98040620068764883     
          20          60   1.0301949148148304     
          60          61  0.97224467934951242     
          60          62  0.98044771878446213     
          60          63  0.97271530082577806     
          64          65  0.97081172352001910     
          64          66  0.97068468501668836     
          64          67  0.98178655023949002     
          68          69  0.94081047309827681     
          64          70   1.0319397611305592     
          68          70   1.1890977432981380     
          68          71   1.2647710049858925     
          70          71  0.11194563662814493     
          71          72  0.95195491770242990     
           1          73  0.50713900022562164     
          71          73   1.4788029281512813     
          70          74   1.5594938811778101     
          73          74   1.2459708288057518     
          74          75  0.95711851556283056     
          76          77  0.97424192062243165     
          76          78  0.96876766186462571     
          76          79  0.97758367788906975     
           1          80  0.10452832642275318     
          80          81  0.90227540725897415     
          76          82   1.0277444834360598     
          80          82   1.1691590305316755     
          80          83   1.2074307243391704     
          82          83  0.11741038832690172     
          83          84  0.95711644066478030     
          80          85  0.10284241628074865     
          83          85   1.5778617575443976     
          82          86   1.5656516819866626     
          85          86   1.2772500009198675     
          86          87  0.97159239219319715     
