           1           2  0.58046222336763542     
           1           3  0.57623986072437683     
           1           4  0.57386594148616887     
           1           5  0.57684838850177356     
           2           6   1.2524308536283613     
           6           7   1.1273570317221304     
           7           8   1.6098274769742389     
           2           9   1.2467484845504293     
           8           9   1.1263777885995390     
           3          10   1.2455331969966394     
          10          11   1.1558309468514205     
          11          12   1.5316832044576874     
           3          13   1.2531768903659579     
          12          13   1.1159143473230024     
           4          14   1.2375541047899477     
          14          15   1.1569961940460931     
          15          16   1.5308033953552609     
           4          17   1.2583020061369752     
          16          17   1.1182837757662678     
           5          18   1.2476041538772003     
          18          19   1.1326907140469522     
          19          20   1.6011143340532503     
           5          21   1.2475029088531302     
          20          21   1.1327701825852048     
           6          22   1.3568724213194285     
          21          22   1.3529694478541228     
          22          23  0.96226283441806326     
           9          24   1.3693356870101083     
          10          24   1.3412897107054447     
          24          25  0.96073851938546218     
          13          26   1.3613505840365405     
          14          26   1.3434927816716951     
          26          27  0.95884463883426718     
          17          28   1.3520913996241002     
          18          28   1.3573295812467405     
          28          29  0.96014144236023069     
           8          30   1.0296988219877556     
          30          31  0.98045483904088226     
          30          32  0.97298004804449334     
          30          33  0.97277555733545173     
           7          34   1.0292627802366410     
          34          35  0.97307756994976602     
          34          36  0.97322983272103214     
          34          37  0.98046753605165216     
          11          38   1.0329384733475306     
          38          39  0.96768663441194402     
          38          40  0.97640425728727964     
          38          41  0.97761526078433048     
          12          42   1.1044745530987892     
          42          43  0.95858879129076602     
          42          44   1.8865326583717448     
          44          45  0.97583999496735085     
          44          46  0.97935018835168863     
          15          47   1.0326268260034412     
          47          48  0.96815431338536173     
          47          49  0.97580039146094821     
          47          50  0.97779178786379628     
          16          51   1.1034534374012930     
          51          52  0.95817707548718911     
          51          53   1.8876718308640621     
          53          54  0.97583784275356589     
          53          55  0.97934252858783544     
          19          56   1.0294335293740948     
          56          57  0.97260821255891738     
          56          58  0.97338429533688031     
          56          59  0.98049483609282662     
          20          60   1.0289157154249160     
          60          61  0.97287965819364131     
          60          62  0.98050641595308363     
          60          63  0.97369000643304993     
          64          65  0.97111930964006432     
          64          66  0.97104737239624872     
          64          67  0.98194942207492020     
          68          69  0.94135535698381811     
          64          70   1.0316793706104190     
          68          70   1.1881122765099892     
          68          71   1.2632681667390067     
          70          71  0.11254621967043017     
          71          72  0.95372726887265347     
           1          73  0.49396880259561138     
          71          73   1.4810556325745075     
          70          74   1.5596700390066844     
          73          74   1.2481231705019145     
          74          75  0.95913126499626955     
          76          77  0.98022098388602374     
          76          78  0.97960750001525099     
          76          79  0.98641342164701551     
          76          80   1.0263613014145447     
          80          81  0.96793517488597880     
          80          82  0.97311449218809898     
           1          83  0.39545146342750848     
          80          83  0.96215146428774667     
          83          84  0.99617486312143499     
          84          85  0.97711472100790520     
          84          86  0.98070179108233291     
          84          87  0.97551964651840817     
