    0.39326938
   -0.20973194
   -0.20871474
   -0.20906955
   -0.21024635
    0.04901508
   -0.03349215
   -0.03107226
    0.05160556
    0.05208897
   -0.02230624
   -0.03591554
    0.05233048
    0.04958816
   -0.02498745
   -0.03334211
    0.05510397
    0.05179331
   -0.03072553
   -0.03389523
    0.04891251
   -0.07637230
    0.03000637
   -0.06864705
    0.03326428
   -0.07524577
    0.02958584
   -0.06830762
    0.03310838
   -0.09736049
    0.03210924
    0.03486470
    0.03359405
   -0.09671087
    0.03191793
    0.03374930
    0.03203529
   -0.09899537
    0.03361019
    0.03494678
    0.04098589
   -0.02730477
    0.02228856
   -0.09912232
    0.03186836
    0.02000952
   -0.09838663
    0.03530655
    0.03185688
    0.04035577
   -0.02657362
    0.02282057
   -0.09828330
    0.03281977
    0.02032245
   -0.09731774
    0.03459431
    0.03477034
    0.03201696
   -0.09663460
    0.03169130
    0.03214167
    0.03361564
   -0.11595532
    0.05444486
    0.05426734
    0.06146374
   -0.08630670
    0.17196416
    0.03663745
    0.07527611
    0.06802766
   -0.12582218
   -0.00156277
    0.06485417
   -0.11604431
    0.05460817
    0.05420978
    0.06208023
   -0.08651150
    0.17152604
    0.03688322
    0.07492987
    0.06766709
   -0.12565717
   -0.00122006
    0.06503733
