           1           2  0.58545701319458865     
           1           3  0.58382287550577538     
           1           4  0.59607831288650659     
           1           5  0.59788364979072883     
           2           6   1.2472512403800760     
           6           7   1.1372746962730551     
           7           8   1.5980393853337420     
           2           9   1.2373010856187074     
           8           9   1.1362451950969201     
           3          10   1.2350645129244995     
          10          11   1.1626694115541678     
          11          12   1.5244895473948015     
           3          13   1.2503071099251359     
          12          13   1.1227220208016717     
           4          14   1.2397908637284951     
          14          15   1.1500840915195800     
          15          16   1.5371476965009108     
           4          17   1.2617824688956136     
          16          17   1.1130152742641877     
           5          18   1.2508217748319463     
          18          19   1.1259194950338498     
          19          20   1.6101736763346102     
           5          21   1.2498060581524510     
          20          21   1.1261154724513478     
           6          22   1.3536105547023136     
          21          22   1.3623328924365092     
          22          23  0.96200557230471861     
           9          24   1.3652559646839286     
          10          24   1.3414223914000787     
          24          25  0.96077844009781310     
          13          26   1.3605000564199692     
          14          26   1.3516696111246187     
          26          27  0.95856901037131104     
          17          28   1.3543526825053025     
          18          28   1.3603674044260123     
          28          29  0.96002246242902656     
           8          30   1.0287504844883910     
          30          31  0.97342250521889695     
          30          32  0.98044222574031115     
          30          33  0.97335482447111987     
           7          34   1.0293794658575828     
          34          35  0.97279288613353909     
          34          36  0.97314855921774845     
          34          37  0.98049000003163500     
          11          38   1.0322823706068529     
          38          39  0.97669661980690958     
          38          40  0.96823665587740226     
          38          41  0.97732603724638256     
          12          42   1.1048150256756688     
          42          43  0.95835196547763313     
          42          44   1.8865217795518079     
          44          45  0.97579419382246235     
          44          46  0.97933247191112616     
          15          47   1.0332791932494647     
          47          48  0.97597442683131463     
          47          49  0.96775040012863567     
          47          50  0.97748483770564731     
          16          51   1.1036885153057261     
          51          52  0.95825258466826813     
          51          53   1.8878176569044003     
          53          54  0.97578439705790787     
          53          55  0.97929332585397222     
          19          56   1.0298956192402069     
          56          57  0.97246832462725497     
          56          58  0.97297632651007704     
          56          59  0.98041970995061112     
          20          60   1.0295575921459446     
          60          61  0.98042259907114138     
          60          62  0.97318176918690846     
          60          63  0.97281679105773777     
           1          64  0.26214130760909315     
          64          65  0.88376328290957618     
          64          66  0.88415840129514223     
          67          68  0.97094783055060341     
          67          69  0.97096552128664060     
          67          70  0.98183964726245032     
          71          72  0.94121202362715328     
          67          73   1.0317160448743357     
          71          73   1.1887737759464281     
          71          74   1.2621238548936229     
          73          74  0.11199617070701992     
          74          75  0.95479179495056565     
           1          76  0.50933658107062729     
          74          76   1.4798785595699140     
          73          77   1.5602984952480818     
          76          77   1.2457949866704678     
          77          78  0.95767216367419161     
