    0.44068804
   -0.23347048
   -0.23303294
   -0.20522362
   -0.20561897
    0.04924059
   -0.03096976
   -0.03401435
    0.04502527
    0.04556298
   -0.02560026
   -0.03361445
    0.05232796
    0.05368867
   -0.02000264
   -0.03083552
    0.05895945
    0.05588977
   -0.02810078
   -0.02860088
    0.05351737
   -0.07002826
    0.03661098
   -0.07955655
    0.03181895
   -0.06925919
    0.03592806
   -0.06573380
    0.03760588
   -0.09795640
    0.03448592
    0.03362042
    0.03343341
   -0.09896839
    0.03631181
    0.03559157
    0.03351546
   -0.09965382
    0.03366684
    0.03464925
    0.04201779
   -0.02745413
    0.02477813
   -0.09697598
    0.03344010
    0.02301623
   -0.10050131
    0.03560389
    0.03740380
    0.04347686
   -0.02679845
    0.02676078
   -0.09733176
    0.03411919
    0.02316406
   -0.09930768
    0.03874737
    0.03579801
    0.03459483
   -0.09902717
    0.03477186
    0.03533079
    0.03700755
   -0.48079381
    0.32136044
    0.32125496
   -0.11804000
    0.05690889
    0.05653885
    0.06402972
   -0.08432502
    0.17430542
    0.03873311
    0.07302798
    0.06961106
   -0.13165805
   -0.00324425
    0.06775834
