           1           2  0.58480153588168327     
           1           3  0.59403942154091338     
           1           4  0.59956905063068844     
           1           5  0.58483156871535225     
           2           6   1.2461359072561498     
           6           7   1.1371531735848412     
           7           8   1.5978415966514909     
           2           9   1.2373235691614310     
           8           9   1.1369002177426901     
           3          10   1.2436792646851438     
          10          11   1.1536648305397286     
          11          12   1.5399934212248696     
           3          13   1.2552316218862343     
          12          13   1.1148085934701979     
           4          14   1.2403683353151767     
          14          15   1.1501876322862850     
          15          16   1.5363946615314281     
           4          17   1.2599573124551078     
          16          17   1.1123814426987921     
           5          18   1.2437230872757223     
          18          19   1.1357403515128524     
          19          20   1.5992641863913020     
           5          21   1.2440800146941311     
          20          21   1.1356038807469380     
           6          22   1.3548975774102527     
          21          22   1.3589532032450953     
          22          23  0.96218634650899793     
           9          24   1.3656305309406418     
          10          24   1.3424719065634168     
          24          25  0.96220697946423339     
          13          26   1.3616677476229671     
          14          26   1.3513618188559569     
          26          27  0.95650084908360467     
          17          28   1.3556492891541840     
          18          28   1.3574272034823218     
          28          29  0.96031926591742189     
           8          30   1.0288984717860101     
          30          31  0.98049689645247717     
          30          32  0.97304227325603010     
          30          33  0.97352236785867552     
           7          34   1.0291010607123874     
          34          35  0.97324034013502303     
          34          36  0.97307601915470454     
          34          37  0.98050626596621160     
          11          38   1.0308726416338769     
          38          39  0.97335321085483995     
          38          40  0.97100926162054801     
          38          41  0.98219360162462144     
          12          42   1.0965593302849128     
          42          43  0.95771182551348311     
          42          44   1.8956337811750701     
          44          45  0.97504926447525553     
          44          46  0.97906077420812210     
          15          47   1.0337875694554517     
          47          48  0.97594727526259706     
          47          49  0.96726588955968940     
          47          50  0.97713692649468709     
          16          51   1.1050526832191918     
          51          52  0.95866510754434731     
          51          53   1.8862311207022846     
          53          54  0.97576947837714800     
          53          55  0.97934986290234582     
          19          56   1.0293907696846574     
          56          57  0.97265396489190969     
          56          58  0.97328658175221738     
          56          59  0.98048591717781819     
          20          60   1.0291066353559823     
          60          61  0.98048614242451448     
          60          62  0.97345558407511568     
          60          63  0.97296194135908265     
           1          64  0.26198176971446646     
          64          65  0.88367072132207891     
          64          66  0.88395055645786114     
          67          68  0.97097829719896633     
          67          69  0.97098832555829173     
          67          70  0.98186064154082420     
          71          72  0.94123717086290182     
          67          73   1.0317179390225999     
          71          73   1.1887557081709548     
          71          74   1.2618302206075893     
          73          74  0.11225401378239340     
          74          75  0.95428131670255478     
           1          76  0.51035863114115265     
          74          76   1.4788558691069027     
          73          77   1.5599787540069299     
          76          77   1.2460219281468423     
          77          78  0.95866054939375855     
