    0.46679383
   -0.21860020
   -0.21539074
   -0.24468711
   -0.24978360
    0.05431365
   -0.02880159
   -0.02712362
    0.05684244
    0.05973712
   -0.01682564
   -0.02832496
    0.05874621
    0.05103029
   -0.02322707
   -0.03237803
    0.05271880
    0.04593944
   -0.03149987
   -0.03200692
    0.04886059
   -0.07308145
    0.03603949
   -0.06335770
    0.04122757
   -0.06924078
    0.03911694
   -0.07831238
    0.03968108
   -0.10029330
    0.03753784
    0.03599041
    0.03961650
   -0.09974843
    0.03571880
    0.03860587
    0.03597481
   -0.10229540
    0.04072125
    0.03831554
    0.04484768
   -0.02650968
    0.02634125
   -0.09493394
    0.03743564
    0.02600621
   -0.10081043
    0.04130971
    0.03753856
    0.03851613
   -0.02651178
    0.02716146
   -0.09456836
    0.02633073
    0.03234572
   -0.09932588
    0.03670083
    0.03653474
    0.03494110
   -0.09934924
    0.03494697
    0.03697204
    0.03563781
   -0.47994564
    0.32466458
    0.32522325
   -0.07598864
    0.07419366
    0.07073517
    0.07624103
   -0.11197526
    0.16674488
