           1           2  0.58248005485363308     
           1           3  0.58201394524843975     
           1           4  0.56508469998874500     
           1           5  0.56942164704821119     
           2           6   1.2517286856164416     
           6           7   1.1266621547486499     
           7           8   1.6100937202800905     
           2           9   1.2486556329878888     
           8           9   1.1258231260076226     
           3          10   1.2475669478628588     
          10          11   1.1456502904447630     
          11          12   1.5438902269065164     
           3          13   1.2554981831846410     
          12          13   1.1096504002996559     
           4          14   1.2362466553472182     
          14          15   1.1608224196328698     
          15          16   1.5329687154824312     
           4          17   1.2487245662352726     
          16          17   1.1236791491399996     
           5          18   1.2394830564236179     
          18          19   1.1388845255774309     
          19          20   1.5957386918552536     
           5          21   1.2404651442695962     
          20          21   1.1395295742387985     
           6          22   1.3588776751979981     
          21          22   1.3559662214896104     
          22          23  0.96197851292965053     
           9          24   1.3676731191838871     
          10          24   1.3490102868947751     
          24          25  0.96020558455875060     
          13          26   1.3688926069503717     
          14          26   1.3458633662937225     
          26          27  0.95988231037355209     
          17          28   1.3559402339141440     
          18          28   1.3594478796398668     
          28          29  0.95817630529161057     
           8          30   1.0305561873491274     
          30          31  0.97325589825866143     
          30          32  0.98024905042560762     
          30          33  0.97132582488890884     
           7          34   1.0300299975220955     
          34          35  0.97287303464626695     
          34          36  0.97239840781035081     
          34          37  0.98029703389999501     
          11          38   1.0343051819689764     
          38          39  0.96687503016035370     
          38          40  0.97548128744753670     
          38          41  0.97721711013926194     
          12          42   1.1019346592527797     
          42          43  0.95839611929308244     
          42          44   1.8903977084419663     
          44          45  0.97555295583399704     
          44          46  0.97911516432082257     
          15          47   1.0322727486561554     
          47          48  0.96937748397357260     
          47          49  0.97276317182754590     
          47          50  0.98219186088205279     
          16          51   1.0940906599391509     
          51          52  0.95768919492044891     
          51          53   1.8985736318530653     
          53          54  0.97892806361779727     
          53          55  0.97511232777348844     
          19          56   1.0299578034473740     
          56          57  0.97228086684381787     
          56          58  0.97273559378780439     
          56          59  0.98032894748276911     
          20          60   1.0296805351356622     
          60          61  0.98036144890456134     
          60          62  0.97302751189154491     
          60          63  0.97243125598545388     
           1          64  0.27419951951872551     
          64          65  0.87972175547487574     
          64          66  0.88000478622050438     
          67          68  0.97876402826472120     
          67          69  0.98105366209276357     
          67          70  0.97467113066634847     
           1          71  0.43717781884247814     
          67          71  0.99339962859719877     
          71          72  0.94195099780687785     
