           1           2  0.58297882160810310     
           1           3  0.56907672622124272     
           1           4  0.56597596469197364     
           1           5  0.58170375807597952     
           2           6   1.2564668546676929     
           6           7   1.1258343217582054     
           7           8   1.6108357136108136     
           2           9   1.2449733582655158     
           8           9   1.1253542931385598     
           3          10   1.2355907209104802     
          10          11   1.1614906964106939     
          11          12   1.5275605082164427     
           3          13   1.2479303122995296     
          12          13   1.1230791165519602     
           4          14   1.2323311434745536     
          14          15   1.1590795877059894     
          15          16   1.5293582047618919     
           4          17   1.2535507064630167     
          16          17   1.1232267461649288     
           5          18   1.2493133752976489     
          18          19   1.1247361137272007     
          19          20   1.6114628869632577     
           5          21   1.2510827566901794     
          20          21   1.1251112864296218     
           6          22   1.3568018808257598     
          21          22   1.3633217094253445     
          22          23  0.96151640453228593     
           9          24   1.3699459416103958     
          10          24   1.3424971406659540     
          24          25  0.96045146136713933     
          13          26   1.3615204820001507     
          14          26   1.3501754212387400     
          26          27  0.95855961764681097     
          17          28   1.3545196360108567     
          18          28   1.3641426631858915     
          28          29  0.95968603971007316     
           8          30   1.0301373039224662     
          30          31  0.98024309764217010     
          30          32  0.97240013799156566     
          30          33  0.97273064084672567     
           7          34   1.0305508594694341     
          34          35  0.97296128077222110     
          34          36  0.97160436397289529     
          34          37  0.98026522951278716     
          11          38   1.0333673625057211     
          38          39  0.96738359596421619     
          38          40  0.97604878385212401     
          38          41  0.97726114650763096     
          12          42   1.1020607416860433     
          42          43  0.95827321747733696     
          42          44   1.8899116473024282     
          44          45  0.97569107435634950     
          44          46  0.97919001518150672     
          15          47   1.0334895484670004     
          47          48  0.97609796944369043     
          47          49  0.96733022921179235     
          47          50  0.97719853830347014     
          16          51   1.1012592776236236     
          51          52  0.95811633045957389     
          51          53   1.8912590242078371     
          53          54  0.97563593831952100     
          53          55  0.97913446266054416     
          19          56   1.0305754676611463     
          56          57  0.97166651752706779     
          56          58  0.97290877090753369     
          56          59  0.98018802644286374     
          20          60   1.0306894474325952     
          60          61  0.97241865401920435     
          60          62  0.98025267512525982     
          60          63  0.97206194656324407     
           1          64  0.27485007515804738     
          64          65  0.88069375860552557     
          64          66  0.88045296665694961     
          67          68  0.98102121640714623     
          67          69  0.97867600052050396     
          67          70  0.97454889031846148     
           1          71  0.43878407895163640     
          67          71  0.99319062852814910     
          71          72  0.94204179321323989     
