    0.46568140
   -0.21711124
   -0.24537981
   -0.24459078
   -0.22017656
    0.05713935
   -0.02687505
   -0.02857750
    0.05506923
    0.05105879
   -0.02314986
   -0.03383493
    0.04926416
    0.04838369
   -0.02218777
   -0.03105258
    0.05400362
    0.05451298
   -0.02630058
   -0.02547150
    0.05895180
   -0.06412797
    0.04136582
   -0.07107264
    0.03644205
   -0.07779649
    0.03393040
   -0.07112863
    0.03866597
   -0.09981457
    0.03613917
    0.03871438
    0.03604402
   -0.10033637
    0.03732431
    0.03995597
    0.03603113
   -0.10104326
    0.03711856
    0.03647596
    0.04313044
   -0.02844766
    0.02499692
   -0.09534374
    0.03564018
    0.02508720
   -0.10069854
    0.03577183
    0.03792047
    0.04386852
   -0.02775745
    0.02765865
   -0.09529449
    0.03579134
    0.02578512
   -0.10011701
    0.03939335
    0.03781890
    0.03671165
   -0.10050968
    0.03893820
    0.03672603
    0.03926408
   -0.47894910
    0.32532352
    0.32496600
   -0.07592762
    0.07097725
    0.07429211
    0.07602720
   -0.11167452
    0.16638616
