           1           2  0.58568067480797514     
           1           3  0.59738949943853181     
           1           4  0.59575900212468735     
           1           5  0.58401509884178104     
           2           6   1.2446218608222099     
           6           7   1.1369632571658272     
           7           8   1.5981297740897764     
           2           9   1.2400146823661651     
           8           9   1.1365253369074293     
           3          10   1.2438315567949345     
          10          11   1.1499341662609743     
          11          12   1.5380086284283159     
           3          13   1.2571390889641096     
          12          13   1.1116925914015219     
           4          14   1.2417419761141479     
          14          15   1.1506576933497943     
          15          16   1.5364900092061509     
           4          17   1.2597335186538217     
          16          17   1.1128414533048778     
           5          18   1.2435003476910165     
          18          19   1.1379255992487880     
          19          20   1.5963320901561131     
           5          21   1.2416442872867155     
          20          21   1.1381147775813700     
           6          22   1.3540471416894058     
          21          22   1.3562722379726468     
          22          23  0.96233573106225179     
           9          24   1.3649987419138554     
          10          24   1.3473233826975848     
          24          25  0.96064714346825530     
          13          26   1.3631043277889021     
          14          26   1.3480301537549506     
          26          27  0.95867741980335497     
          17          28   1.3581671067892926     
          18          28   1.3574706626217472     
          28          29  0.96004769436271942     
           8          30   1.0293918881543207     
          30          31  0.97322590580242074     
          30          32  0.98047378937031415     
          30          33  0.97270839190791047     
           7          34   1.0287292122112526     
          34          35  0.97330452057633732     
          34          36  0.97350507031348621     
          34          37  0.98046870221653071     
          11          38   1.0331616604010940     
          38          39  0.96784302650004217     
          38          40  0.97610937970259393     
          38          41  0.97741765431162508     
          12          42   1.1040495727041457     
          42          43  0.95824059495934288     
          42          44   1.8873968550661055     
          44          45  0.97580828848060874     
          44          46  0.97930232101056913     
          15          47   1.0334440944252443     
          47          48  0.96767912130897127     
          47          49  0.97581856742091388     
          47          50  0.97740826444595186     
          16          51   1.1041730762519537     
          51          52  0.95835157788113734     
          51          53   1.8872570527379307     
          53          54  0.97578683055263082     
          53          55  0.97932076564449400     
          19          56   1.0295246478332341     
          56          57  0.97309947903755034     
          56          58  0.97262078411447028     
          56          59  0.98047679334921978     
          20          60   1.0286831520504784     
          60          61  0.97328830700261615     
          60          62  0.98047697945167656     
          60          63  0.97359361456721305     
           1          64  0.26228555039843660     
          64          65  0.88376275268648530     
          64          66  0.88388429994330431     
          67          68  0.97070098701974583     
          67          69  0.97119125075701807     
          67          70  0.98181302531341319     
          71          72  0.94125371219245424     
          67          73   1.0317394102313777     
          71          73   1.1887143217317939     
          71          74   1.2619912110399103     
          73          74  0.11201745281303079     
          74          75  0.95484102629365597     
           1          76  0.50958507400005548     
          74          76   1.4797700791253825     
          73          77   1.5603040586049322     
          76          77   1.2457674072870253     
          77          78  0.95759813886606404     
