    0.44073792
   -0.20587281
   -0.20947361
   -0.23229231
   -0.22894745
    0.05286268
   -0.02948372
   -0.02751242
    0.05585138
    0.05572669
   -0.01936986
   -0.03303516
    0.05376997
    0.04707842
   -0.02760527
   -0.03409687
    0.05242349
    0.04864468
   -0.03097836
   -0.03198662
    0.04911173
   -0.07273963
    0.03508418
   -0.06439642
    0.03884813
   -0.07440812
    0.03383993
   -0.07397597
    0.03967315
   -0.09946780
    0.03463535
    0.03813804
    0.03603586
   -0.09882774
    0.03473117
    0.03693395
    0.03450600
   -0.10103532
    0.03668333
    0.03744092
    0.04352722
   -0.02720784
    0.02518552
   -0.09808769
    0.03342678
    0.02260392
   -0.09902228
    0.03466153
    0.03729371
    0.03658498
   -0.02637213
    0.02478071
   -0.09631221
    0.03168108
    0.02399635
   -0.09874446
    0.03612597
    0.03551962
    0.03376243
   -0.09869572
    0.03475748
    0.03375556
    0.03565512
   -0.48102534
    0.32129163
    0.32155777
   -0.11774432
    0.05646633
    0.05662677
    0.06327727
   -0.08407757
    0.17444821
    0.03824588
    0.07283754
    0.07020324
   -0.13209557
   -0.00329919
    0.06716021
