           1           2  0.59722422180677914     
           1           3  0.59691574963645766     
           1           4  0.58403695028930547     
           1           5  0.58668914562775876     
           2           6   1.2525644399998512     
           6           7   1.1278005236562985     
           7           8   1.6083726795184132     
           2           9   1.2452183820897877     
           8           9   1.1276295818412712     
           3          10   1.2436336914419932     
          10          11   1.1526449166756423     
          11          12   1.5350369808116378     
           3          13   1.2546677726155611     
          12          13   1.1132038337492236     
           4          14   1.2352137367898175     
          14          15   1.1607560926547806     
          15          16   1.5260641789176754     
           4          17   1.2535733327169982     
          16          17   1.1211684994241515     
           5          18   1.2425468143119123     
          18          19   1.1352572347284784     
          19          20   1.5991590168059908     
           5          21   1.2442939352266698     
          20          21   1.1360682097746435     
           6          22   1.3573347392111903     
          21          22   1.3583918926149381     
          22          23  0.96203154255680923     
           9          24   1.3670253014075049     
          10          24   1.3435528709673399     
          24          25  0.96064774440504308     
          13          26   1.3654605832430378     
          14          26   1.3465652018889334     
          26          27  0.95861265890552994     
          17          28   1.3534918310024542     
          18          28   1.3580949465034442     
          28          29  0.96011179467507446     
           8          30   1.0294145667898145     
          30          31  0.98042765253439379     
          30          32  0.97257867122281627     
          30          33  0.97350272010403804     
           7          34   1.0295571547097371     
          34          35  0.97338033983787708     
          34          36  0.97256670648051025     
          34          37  0.98043136483296800     
          11          38   1.0329579800000741     
          38          39  0.96810326032076766     
          38          40  0.97615142430712465     
          38          41  0.97727264013017812     
          12          42   1.1048261347180235     
          42          43  0.95833454581872457     
          42          44   1.8864958983066713     
          44          45  0.97583557810580956     
          44          46  0.97933004099391585     
          15          47   1.0330737137805608     
          47          48  0.97633100026462116     
          47          49  0.96756981028345113     
          47          50  0.97742039131003633     
          16          51   1.1045240786091339     
          51          52  0.95847047458430201     
          51          53   1.8867092507960175     
          53          54  0.97935107709601465     
          53          55  0.97577621052698715     
          19          56   1.0291686780175677     
          56          57  0.97264083855623307     
          56          58  0.97358946889916897     
          56          59  0.98043473049260887     
          20          60   1.0293421644263430     
          60          61  0.97302150569130086     
          60          62  0.98049513769299168     
          60          63  0.97301778341848677     
           1          64  0.26236579753852224     
          64          65  0.88404111844850819     
          64          66  0.88391270260807864     
          67          68  0.97097411598447370     
          67          69  0.97095919332316938     
          67          70  0.98189457846627259     
          71          72  0.94114588382652964     
          67          73   1.0317635926864270     
          71          73   1.1887119661732730     
          71          74   1.2626814996619489     
          73          74  0.11238951456031254     
          74          75  0.95285680116570370     
           1          76  0.50922367157018489     
          74          76   1.4786430503165524     
          73          77   1.5595937124472408     
          76          77   1.2468542451011544     
          77          78  0.95978558521124080     
