    0.46585855
   -0.21816822
   -0.24842310
   -0.24427426
   -0.21729859
    0.05729402
   -0.02678620
   -0.02877137
    0.05439531
    0.04965336
   -0.02376247
   -0.03399665
    0.04940706
    0.04838874
   -0.02252001
   -0.03088269
    0.05414588
    0.05596964
   -0.02567334
   -0.02523408
    0.05939522
   -0.06388732
    0.04156185
   -0.07243894
    0.03589690
   -0.07763916
    0.03385697
   -0.06940878
    0.03945279
   -0.09972474
    0.03605199
    0.03611786
    0.03834214
   -0.10038504
    0.03738928
    0.04002439
    0.03601330
   -0.10093004
    0.03709385
    0.03599290
    0.04295141
   -0.02829264
    0.02440590
   -0.09526274
    0.03565658
    0.02513218
   -0.10080043
    0.03909791
    0.03494392
    0.04336823
   -0.02758232
    0.02615533
   -0.09444255
    0.03703819
    0.02605981
   -0.10028304
    0.03998107
    0.03795487
    0.03683730
   -0.10053447
    0.03686019
    0.03951516
    0.03884390
   -0.47968760
    0.32492063
    0.32518729
   -0.07598839
    0.07613222
    0.07095623
    0.07423262
   -0.11184735
    0.16639360
