           1           2  0.58549821805737134     
           1           3  0.58391675291579526     
           1           4  0.59611028921572407     
           1           5  0.59796707369034074     
           2           6   1.2472013911887077     
           6           7   1.1372902359232906     
           7           8   1.5980226155657500     
           2           9   1.2373556951367795     
           8           9   1.1362493151552666     
           3          10   1.2350366967478759     
          10          11   1.1626302556215742     
          11          12   1.5246033633011173     
           3          13   1.2502711396604906     
          12          13   1.1227456102461639     
           4          14   1.2397892288684587     
          14          15   1.1501314303727586     
          15          16   1.5370468646312232     
           4          17   1.2617870649737004     
          16          17   1.1130099784859127     
           5          18   1.2508005459584992     
          18          19   1.1259346496178808     
          19          20   1.6101511272406437     
           5          21   1.2497891346674386     
          20          21   1.1261347971549567     
           6          22   1.3536292287322815     
          21          22   1.3623202597333912     
          22          23  0.96201161172884619     
           9          24   1.3652204512416435     
          10          24   1.3414727506361401     
          24          25  0.96077024681804390     
          13          26   1.3605185793893921     
          14          26   1.3516378109224751     
          26          27  0.95858252941915567     
          17          28   1.3543762070510068     
          18          28   1.3603522811878774     
          28          29  0.96000967711098095     
           8          30   1.0287515419557494     
          30          31  0.98044106787247176     
          30          32  0.97331702095424577     
          30          33  0.97345644664022402     
           7          34   1.0293823766131771     
          34          35  0.97280462514297128     
          34          36  0.97313999941007956     
          34          37  0.98048919881451924     
          11          38   1.0322738344541551     
          38          39  0.97670920518933313     
          38          40  0.96823630926438942     
          38          41  0.97734432404910532     
          12          42   1.1046461472711138     
          42          43  0.95835508329695818     
          42          44   1.8867024173560383     
          44          45  0.97581034714839410     
          44          46  0.97932965901056701     
          15          47   1.0332797568954359     
          47          48  0.97597504759267051     
          47          49  0.96774801502346997     
          47          50  0.97747659435655865     
          16          51   1.1038095077996597     
          51          52  0.95825111012294895     
          51          53   1.8876939773591996     
          53          54  0.97577789366852397     
          53          55  0.97929550997003290     
          19          56   1.0298953842171810     
          56          57  0.97248011280402136     
          56          58  0.97296510783953538     
          56          59  0.98041683185310979     
          20          60   1.0295598784753361     
          60          61  0.98042044438460452     
          60          62  0.97319175429575844     
          60          63  0.97280531197765785     
           1          64  0.26205550827459739     
          64          65  0.88374710971906967     
          64          66  0.88421534603859175     
          67          68  0.97077505449660939     
          67          69  0.97113321477772763     
          67          70  0.98183757600823796     
          71          72  0.94121038522566991     
          67          73   1.0317242971644334     
          71          73   1.1887570076564822     
          71          74   1.2621563616971399     
          73          74  0.11199626354866592     
          74          75  0.95481088459598129     
           1          76  0.50913847404104517     
          74          76   1.4799358136791256     
          73          77   1.5603005713911120     
          76          77   1.2458396930034019     
          77          78  0.95767894081013472     
