           1           2  0.57872952509300701     
           1           3  0.57491883638036900     
           1           4  0.57859795870966568     
           1           5  0.58088977327566194     
           2           6   1.2570385038289220     
           6           7   1.1285569322803859     
           7           8   1.6036658724519073     
           2           9   1.2444930353966279     
           8           9   1.1264250055573035     
           3          10   1.2395578439106807     
          10          11   1.1549320951030380     
          11          12   1.5308362777686697     
           3          13   1.2590951676417756     
          12          13   1.1185132583119148     
           4          14   1.2434034050227041     
          14          15   1.1518456081336765     
          15          16   1.5338485676840612     
           4          17   1.2566521705508276     
          16          17   1.1175628670331226     
           5          18   1.2492550946551770     
          18          19   1.1250833641355538     
          19          20   1.6047485531833203     
           5          21   1.2537180125226639     
          20          21   1.1273971033488366     
           6          22   1.3567008561195923     
          21          22   1.3612347214642750     
          22          23  0.96041914131421990     
           9          24   1.3653625656618580     
          10          24   1.3410696440068948     
          24          25  0.95995709713105004     
          13          26   1.3607476769125419     
          14          26   1.3514664824145883     
          26          27  0.95752457879397457     
          17          28   1.3508778675118882     
          18          28   1.3594148984656858     
          28          29  0.95951138995033747     
           8          30   1.0317051878739778     
          30          31  0.97988902259869892     
          30          32  0.97041867892763556     
          30          33  0.97270794392659310     
           7          34   1.0318824067832975     
          34          35  0.97257828729369267     
          34          36  0.97018561916282753     
          34          37  0.97991763999926484     
          11          38   1.0350393961001678     
          38          39  0.97612752751844556     
          38          40  0.96542465071158889     
          38          41  0.97675964984404473     
          12          42   1.1018278270674060     
          42          43  0.95801147874414971     
          42          44   1.8911810799890501     
          44          45  0.97520537279902086     
          44          46  0.97889066817084192     
          15          47   1.0351619206944616     
          47          48  0.97547303737286373     
          47          49  0.96562683180144671     
          47          50  0.97700215513477184     
          16          51   1.1005385840399384     
          51          52  0.95811585859847359     
          51          53   1.8929398939536148     
          53          54  0.97515747242047990     
          53          55  0.97882008441779811     
          19          56   1.0321459620474864     
          56          57  0.97212049244062648     
          56          58  0.97037301520033314     
          56          59  0.97988535517487718     
          20          60   1.0318690279858267     
          60          61  0.97243573402293682     
          60          62  0.97989977715097376     
          60          63  0.97038244221929792     
           1          64   1.1687792662149694     
           1          65  0.67551233749875017     
          64          65   1.1843270409989086     
          66          67  0.97050262796113529     
          66          68  0.97042807513055818     
          66          69  0.98173421646341852     
          70          71  0.94039843256579569     
          66          72   1.0324743035377499     
          70          72   1.1883774162455791     
          70          73   1.2727945682377462     
          72          73  0.11168678483525510     
          73          74  0.95819697191843545     
           1          75  0.32954648953208193     
          73          75   1.5202607405551716     
          72          76   1.5609531127830500     
          75          76   1.2704426600315777     
          76          77  0.96423331772900156     
