           1           2  0.58886925724550210     
           1           3  0.58643942103657953     
           1           4  0.58402524864557914     
           1           5  0.58692242694043761     
           2           6   1.2554899873696419     
           6           7   1.1287151294174218     
           7           8   1.6076782046555824     
           2           9   1.2458977502939521     
           8           9   1.1281100193350599     
           3          10   1.2458219341160315     
          10          11   1.1581060774746492     
          11          12   1.5333796130643291     
           3          13   1.2539093940223351     
          12          13   1.1162141411051787     
           4          14   1.2379388088032528     
          14          15   1.1602590477784356     
          15          16   1.5242947964555964     
           4          17   1.2613393591290234     
          16          17   1.1189116163815003     
           5          18   1.2494788772833687     
          18          19   1.1308571059490058     
          19          20   1.6042734598185087     
           5          21   1.2510362459175761     
          20          21   1.1311189654498504     
           6          22   1.3529410147468650     
          21          22   1.3551826009553094     
          22          23  0.96257228552630125     
           9          24   1.3670908721415493     
          10          24   1.3368831620363977     
          24          25  0.96248315839926002     
          13          26   1.3609954816719461     
          14          26   1.3424179484093979     
          26          27  0.95697990680179046     
          17          28   1.3493754662807316     
          18          28   1.3576720217116836     
          28          29  0.96056633587028317     
           8          30   1.0286327355457923     
          30          31  0.98065385243958780     
          30          32  0.97316029135459459     
          30          33  0.97396384185599905     
           7          34   1.0286652255939595     
          34          35  0.97342699851587655     
          34          36  0.97361623729309577     
          34          37  0.98066781954763915     
          11          38   1.0304633568742798     
          38          39  0.97414634936788513     
          38          40  0.97075576174161182     
          38          41  0.98220839543715766     
          12          42   1.0992965418315221     
          42          43  0.95800280734959342     
          42          44   1.8915058839649264     
          44          45  0.97508118613525130     
          44          46  0.97924498189169307     
          15          47   1.0322852680494528     
          47          48  0.97689569853938485     
          47          49  0.96803835770420954     
          47          50  0.97740719847661495     
          16          51   1.1079931330714843     
          51          52  0.95888377030733152     
          51          53   1.8821421367034479     
          53          54  0.97587574740383165     
          53          55  0.97951254056321413     
          19          56   1.0286057477013308     
          56          57  0.97320285341955248     
          56          58  0.97388463643042145     
          56          59  0.98062667363483169     
          20          60   1.0286050176008543     
          60          61  0.97305276455092871     
          60          62  0.98063911875600629     
          60          63  0.97409180825025921     
          64          65  0.97159321359932505     
          64          66  0.97152862763082193     
          64          67  0.98226120738137757     
          68          69  0.94201162235866376     
          64          70   1.0311819116147489     
          68          70   1.1871020734000195     
          68          71   1.2610293891959057     
          70          71  0.11274875546847897     
          71          72  0.95541861270072870     
           1          73  0.49329989902780813     
          71          73   1.4857519957191041     
          70          74   1.5614701977633689     
          73          74   1.2502505428021531     
          74          75  0.96073499328476397     
          76          77  0.97165929130184803     
          76          78  0.97142132778706081     
          76          79  0.98225504410162290     
          80          81  0.94201505682434128     
          76          82   1.0312120508232900     
          80          82   1.1871694651123446     
          80          83   1.2611265557023545     
          82          83  0.11265805422698480     
          83          84  0.95538214776646568     
           1          85  0.49411859407814757     
          83          85   1.4856502046785434     
          82          86   1.5614240973772084     
          85          86   1.2501207885603869     
          86          87  0.96084669475676021     
