           1           2  0.57472405864395848     
           1           3  0.57499256029612689     
           1           4  0.57917199703635591     
           1           5  0.57500442138023078     
           2           6   1.2423066854304288     
           6           7   1.1330525551651776     
           7           8   1.6023374890947168     
           2           9   1.2495283754108704     
           8           9   1.1334954420526995     
           3          10   1.2476302139783497     
          10          11   1.1338191473275376     
          11          12   1.6012023367229231     
           3          13   1.2476053280357937     
          12          13   1.1322438214488286     
           4          14   1.2618704343591700     
          14          15   1.1123546470010841     
          15          16   1.5383148435762435     
           4          17   1.2410810601437412     
          16          17   1.1497280918492310     
           5          18   1.2573496439314504     
          18          19   1.1165251066714230     
          19          20   1.5308146781072602     
           5          21   1.2412414339098881     
          20          21   1.1559739219746437     
           6          22   1.3645392363411732     
          21          22   1.3434086579245088     
          22          23  0.96093646495956919     
           9          24   1.3521795012411346     
          10          24   1.3530798937640320     
          24          25  0.96261995479719298     
          13          26   1.3552031619653815     
          14          26   1.3576618922752182     
          26          27  0.96001877338457187     
          17          28   1.3496526447323316     
          18          28   1.3582948973317870     
          28          29  0.95848144093979359     
           7          30   1.0290232259933301     
          30          31  0.97290882216632935     
          30          32  0.97345201249962754     
          30          33  0.98054332264670541     
           8          34   1.0286480449987718     
          34          35  0.97422116471196329     
          34          36  0.97271520583017046     
          34          37  0.98051537582800075     
          20          38   1.0326762651312200     
          38          39  0.96784601418253735     
          38          40  0.97686175297430466     
          38          41  0.97729954437255084     
          19          42   1.1054374290569893     
          42          43  0.95855325659486079     
          42          44   1.8858480958054211     
          44          45  0.97577749709025385     
          44          46  0.97935601972649478     
          16          47   1.0334784586612966     
          47          48  0.96737563871083743     
          47          49  0.97569282596796936     
          47          50  0.97765505522412299     
          15          51   1.1035606983878621     
          51          52  0.95827739045349947     
          51          53   1.8879938040376456     
          53          54  0.97567759509146934     
          53          55  0.97929115113233167     
          12          56   1.0295533580107352     
          56          57  0.97214327970425252     
          56          58  0.97359363664057330     
          56          59  0.98050352081140169     
          11          60   1.0287404948983196     
          60          61  0.97328483871175275     
          60          62  0.98054726914697488     
          60          63  0.97364877797459481     
          64          65  0.97109345978405315     
          64          66  0.97102383346586785     
          64          67  0.98190568660068400     
          68          69  0.94137715540092315     
          64          70   1.0316800519427549     
          68          70   1.1881177572183057     
          68          71   1.2620581850708754     
          70          71  0.11238054248191474     
          71          72  0.95438421308951848     
           1          73  0.49531196362255725     
          71          73   1.4814131800043895     
          70          74   1.5602973772305859     
          73          74   1.2469355828019157     
          74          75  0.95948503313970035     
          76          77  0.98030155154859866     
          76          78  0.98635135470726332     
          76          79  0.97854900797826661     
          76          80   1.0261597526444071     
          80          81  0.97321983810846568     
          80          82  0.96851075426654565     
           1          83  0.39827468669662636     
          80          83  0.96188849025440515     
          83          84  0.99593893432593150     
          84          85  0.98086557042998779     
          84          86  0.97753472308861378     
          84          87  0.97517093529741816     
