    0.44095494
   -0.20445254
   -0.23135272
   -0.23356750
   -0.20762810
    0.05577243
   -0.02827874
   -0.02846390
    0.05382442
    0.05024964
   -0.02266025
   -0.03612385
    0.04806282
    0.04612448
   -0.02539921
   -0.03376899
    0.05196572
    0.05278105
   -0.02855789
   -0.02862793
    0.05555512
   -0.06666871
    0.03802830
   -0.06873272
    0.03669686
   -0.07882578
    0.03146795
   -0.07065663
    0.03576895
   -0.09905806
    0.03472783
    0.03562080
    0.03700918
   -0.09935252
    0.03861771
    0.03507256
    0.03459023
   -0.10061203
    0.03551966
    0.03652233
    0.04222548
   -0.02820887
    0.02351578
   -0.09765296
    0.03365602
    0.02241570
   -0.09960136
    0.03651183
    0.03294337
    0.04149355
   -0.02758974
    0.02451704
   -0.09683474
    0.03444303
    0.02302678
   -0.09891890
    0.03735652
    0.03558982
    0.03461066
   -0.09931580
    0.03840124
    0.03461845
    0.03503845
   -0.48066069
    0.32132051
    0.32143251
   -0.11790638
    0.05668774
    0.05671861
    0.06343916
   -0.08420003
    0.17459620
    0.03856485
    0.07328602
    0.06989317
   -0.13168950
   -0.00344911
    0.06758068
