    0.44063020
   -0.23389390
   -0.20967286
   -0.20458874
   -0.22876320
    0.04773842
   -0.03203461
   -0.03312807
    0.04624460
    0.05076655
   -0.02216704
   -0.03047091
    0.05846445
    0.05635350
   -0.01877592
   -0.03178610
    0.05636213
    0.04938246
   -0.03138840
   -0.03166070
    0.04851180
   -0.07457969
    0.03413738
   -0.07504084
    0.03427034
   -0.06351011
    0.03846623
   -0.07141454
    0.03498838
   -0.09840819
    0.03364535
    0.03372168
    0.03564714
   -0.09849702
    0.03510388
    0.03516015
    0.03343060
   -0.10019531
    0.03565079
    0.03485350
    0.04349897
   -0.02645457
    0.02676339
   -0.09726436
    0.03331599
    0.02339957
   -0.10101358
    0.03717390
    0.03769728
    0.04359054
   -0.02678292
    0.02525217
   -0.09741640
    0.03429771
    0.02290179
   -0.09875129
    0.03594411
    0.03589682
    0.03368999
   -0.09848942
    0.03381621
    0.03534901
    0.03460265
   -0.48057725
    0.32135297
    0.32135205
   -0.11792934
    0.05672948
    0.05652941
    0.06392766
   -0.08411771
    0.17430270
    0.03851468
    0.07274940
    0.06983272
   -0.13163333
   -0.00311210
    0.06750772
