           1           2  0.58518576590987015     
           1           3  0.59603255832704782     
           1           4  0.59705428305155073     
           1           5  0.58520091598119328     
           2           6   1.2460018165318663     
           6           7   1.1370482509880815     
           7           8   1.5978669686236788     
           2           9   1.2384862336989697     
           8           9   1.1368894009170287     
           3          10   1.2417338286448709     
          10          11   1.1524419669491417     
          11          12   1.5352879062431197     
           3          13   1.2572363942914595     
          12          13   1.1136359738992558     
           4          14   1.2417969558835456     
          14          15   1.1502308528335725     
          15          16   1.5368977662271641     
           4          17   1.2595689416874520     
          16          17   1.1126069925307749     
           5          18   1.2439513627739558     
          18          19   1.1357293822916215     
          19          20   1.5991331477359199     
           5          21   1.2437462909952326     
          20          21   1.1357024507090314     
           6          22   1.3550080310259516     
          21          22   1.3591517323867821     
          22          23  0.96213772597905600     
           9          24   1.3638600130289997     
          10          24   1.3448901790275816     
          24          25  0.96083221756674941     
          13          26   1.3631083070099104     
          14          26   1.3502428897162977     
          26          27  0.95847412907183527     
          17          28   1.3560982127483421     
          18          28   1.3570229946262635     
          28          29  0.96025429878755564     
           8          30   1.0289411658217624     
          30          31  0.98045680075709918     
          30          32  0.97335517170274266     
          30          33  0.97314909929594695     
           7          34   1.0291495287079007     
          34          35  0.97313071280189911     
          34          36  0.97314160619050749     
          34          37  0.98046832530088857     
          11          38   1.0326884516418549     
          38          39  0.97636037151159150     
          38          40  0.96825399676779178     
          38          41  0.97730924260057062     
          12          42   1.1045011762304069     
          42          43  0.95813649133093415     
          42          44   1.8870737747921567     
          44          45  0.97582228537888849     
          44          46  0.97930769943802676     
          15          47   1.0335939344703704     
          47          48  0.97565334737283649     
          47          49  0.96759784899164680     
          47          50  0.97749112268571836     
          16          51   1.1038379612862417     
          51          52  0.95842692987303924     
          51          53   1.8874400632944479     
          53          54  0.97581226644050711     
          53          55  0.97931160997252342     
          19          56   1.0294061859988342     
          56          57  0.97298700561363438     
          56          58  0.97290757468991440     
          56          59  0.98046570449315718     
          20          60   1.0291319873586757     
          60          61  0.98046995825578365     
          60          62  0.97309227752468241     
          60          63  0.97326541137472022     
           1          64  0.26253056435808891     
          64          65  0.88382655562510060     
          64          66  0.88386557292996248     
          67          68  0.97110507599322005     
          67          69  0.97083630397715137     
          67          70  0.98185240255188100     
          71          72  0.94119741782745314     
          67          73   1.0317366511349586     
          71          73   1.1887494418741809     
          71          74   1.2622262959133312     
          73          74  0.11222282008860510     
          74          75  0.95384527400241470     
           1          76  0.50969025168491122     
          74          76   1.4790457106406725     
          73          77   1.5599794146715689     
          76          77   1.2462550823421044     
          77          78  0.95864166118475103     
