    0.42180144
   -0.22454468
   -0.22657797
   -0.21960863
   -0.21901820
    0.05063976
   -0.03202093
   -0.03185067
    0.05148157
    0.05155267
   -0.02349963
   -0.03400973
    0.05360434
    0.05156624
   -0.02225327
   -0.03049064
    0.05834487
    0.05531545
   -0.02789475
   -0.03014044
    0.05325865
   -0.07234050
    0.03412483
   -0.07252334
    0.03222534
   -0.07427409
    0.03182089
   -0.06616055
    0.03660710
   -0.09794595
    0.03523350
    0.03344635
    0.03453217
   -0.09782988
    0.03619467
    0.03349880
    0.03341936
   -0.09924833
    0.03552037
    0.03387947
    0.04162940
   -0.02767357
    0.02374629
   -0.09669052
    0.03383902
    0.02270015
   -0.09939191
    0.03464679
    0.03653920
    0.04272401
   -0.02659192
    0.02606435
   -0.09664691
    0.03420783
    0.02316760
   -0.09864736
    0.03864041
    0.03554858
    0.03427152
   -0.09801675
    0.03443147
    0.03308196
    0.03771588
   -0.11738671
    0.05615974
    0.05687632
    0.06372123
   -0.08426850
    0.17428145
    0.03845030
    0.07393092
    0.06961307
   -0.12820519
   -0.00187726
    0.06678513
   -0.06954060
    0.06663923
    0.07168224
    0.07385162
   -0.12169096
    0.16584675
