           1           2  0.57684457672684630     
           1           3  0.57216853819721325     
           1           4  0.57355776823639648     
           1           5  0.57889457102135400     
           2           6   1.2524924110365510     
           6           7   1.1324524181967661     
           7           8   1.6035341646432242     
           2           9   1.2438472650931787     
           8           9   1.1318436123057485     
           3          10   1.2393276262057273     
          10          11   1.1582625108153928     
          11          12   1.5297496305480589     
           3          13   1.2543018466285052     
          12          13   1.1185339653915072     
           4          14   1.2383378823943438     
          14          15   1.1537787097398466     
          15          16   1.5333358994414692     
           4          17   1.2611328344567265     
          16          17   1.1165543182515132     
           5          18   1.2513459804835221     
          18          19   1.1276945480132874     
          19          20   1.6082910683974052     
           5          21   1.2496732068519401     
          20          21   1.1281522419519259     
           6          22   1.3524622262394508     
          21          22   1.3595629967569562     
          22          23  0.96228440671494375     
           9          24   1.3653531533911165     
          10          24   1.3420938889945235     
          24          25  0.96096313549787560     
          13          26   1.3588189334625957     
          14          26   1.3471155136212785     
          26          27  0.95875877675191512     
          17          28   1.3545059975422054     
          18          28   1.3605177211159738     
          28          29  0.95991884733828070     
           8          30   1.0291773342565442     
          30          31  0.97290915672882539     
          30          32  0.98051357742544132     
          30          33  0.97337012932524569     
           7          34   1.0291130593810183     
          34          35  0.97361525143532779     
          34          36  0.97274974780888901     
          34          37  0.98050905332523342     
          11          38   1.0326438720139559     
          38          39  0.96793201604950629     
          38          40  0.97657268007809583     
          38          41  0.97751222629159629     
          12          42   1.1041849199801557     
          42          43  0.95828249612847660     
          42          44   1.8871416016830191     
          44          45  0.97583177945152522     
          44          46  0.97934274224949247     
          15          47   1.0330053314266108     
          47          48  0.97649776317575809     
          47          49  0.96774868192697916     
          47          50  0.97728281025258901     
          16          51   1.1040187216571336     
          51          52  0.95817406045878339     
          51          53   1.8878072862331088     
          53          54  0.97576884388145668     
          53          55  0.97930987730112484     
          19          56   1.0299329247899529     
          56          57  0.97187544643894674     
          56          58  0.97351818307647087     
          56          59  0.98044888297693533     
          20          60   1.0292919230345876     
          60          61  0.98048772384934368     
          60          62  0.97323900650682083     
          60          63  0.97305841005193749     
          64          65  0.97133296698141924     
          64          66  0.97058205052961055     
          64          67  0.98187079639226438     
          68          69  0.94116370813254402     
          64          70   1.0317894290862095     
          68          70   1.1886499286688592     
          68          71   1.2626712086513168     
          70          71  0.11252076911134992     
          71          72  0.95370988208654528     
           1          73  0.50521631260135247     
          71          73   1.4776772088434749     
          70          74   1.5592921905966823     
          73          74   1.2461845013255617     
          74          75  0.95975002942959520     
          76          77  0.98225727184142508     
          76          78  0.97966513240920183     
          76          79  0.97558370714051346     
           1          80  0.37500785395177494     
          76          80  0.99759507820452431     
          80          81  0.94626367336475981     
