    0.44072327
   -0.21094092
   -0.23310927
   -0.22752310
   -0.20536927
    0.05525154
   -0.02781114
   -0.03089354
    0.05026228
    0.04660134
   -0.02481460
   -0.03447698
    0.05117653
    0.04908664
   -0.02318622
   -0.03391224
    0.05269016
    0.05350896
   -0.02917865
   -0.02746903
    0.05593363
   -0.06480552
    0.03913343
   -0.07521821
    0.03413757
   -0.07333469
    0.03370106
   -0.07129937
    0.03506034
   -0.09847312
    0.03454310
    0.03343017
    0.03679987
   -0.09950142
    0.03889951
    0.03557245
    0.03437644
   -0.10009162
    0.03475645
    0.03487109
    0.04213666
   -0.02746713
    0.02364810
   -0.09716170
    0.03348254
    0.02272622
   -0.10000958
    0.03375503
    0.03724528
    0.04205554
   -0.02775588
    0.02472934
   -0.09702102
    0.03428322
    0.02280913
   -0.09881766
    0.03726113
    0.03547213
    0.03458457
   -0.09949131
    0.03477233
    0.03570236
    0.03844004
   -0.48064229
    0.32137386
    0.32127828
   -0.11792519
    0.05682873
    0.05644599
    0.06394223
   -0.08409105
    0.17432753
    0.03853169
    0.07283499
    0.06983720
   -0.13167035
   -0.00306775
    0.06750986
