           1           2  0.59739770674909543     
           1           3  0.58423101701234714     
           1           4  0.58419983014712329     
           1           5  0.59869552456871777     
           2           6   1.2548584755520089     
           6           7   1.1277178162909363     
           7           8   1.6086557393345577     
           2           9   1.2427838389147134     
           8           9   1.1271494780745626     
           3          10   1.2360893703902764     
          10          11   1.1634679163395316     
          11          12   1.5238701869086473     
           3          13   1.2489663164897851     
          12          13   1.1221415083695823     
           4          14   1.2338968218172193     
          14          15   1.1600859591860480     
          15          16   1.5266197846520617     
           4          17   1.2547908585453418     
          16          17   1.1218757517407223     
           5          18   1.2487243379197872     
          18          19   1.1256168464604199     
          19          20   1.6103658959554603     
           5          21   1.2515415130238534     
          20          21   1.1260629695558229     
           6          22   1.3557298112136860     
          21          22   1.3613012572115699     
          22          23  0.96185497036799839     
           9          24   1.3691326126051795     
          10          24   1.3398210768326533     
          24          25  0.96059168725282140     
          13          26   1.3623956443899050     
          14          26   1.3480264615129984     
          26          27  0.95858219947741385     
          17          28   1.3516946304282733     
          18          28   1.3617763853313622     
          28          29  0.96007718429445776     
           8          30   1.0291625923765586     
          30          31  0.98039773360430793     
          30          32  0.97340277661749031     
          30          33  0.97303609662704804     
           7          34   1.0298533797636615     
          34          35  0.97234332577038496     
          34          36  0.97317175927012567     
          34          37  0.98044489722494599     
          11          38   1.0324752416788383     
          38          39  0.97649057775215653     
          38          40  0.96813227680424585     
          38          41  0.97731293040123213     
          12          42   1.1053196577339928     
          42          43  0.95848764464135161     
          42          44   1.8857448806745991     
          44          45  0.97581359888681596     
          44          46  0.97935837091977640     
          15          47   1.0328902130953475     
          47          48  0.97629555471079643     
          47          49  0.96773490593603828     
          47          50  0.97752913138428033     
          16          51   1.1038977858127736     
          51          52  0.95846842714891922     
          51          53   1.8873894483289093     
          53          54  0.97576090954002470     
          53          55  0.97931442618663500     
          19          56   1.0296281524082158     
          56          57  0.97280156967664255     
          56          58  0.97302064556593015     
          56          59  0.98039816935549573     
          20          60   1.0298307322726401     
          60          61  0.98043784000758161     
          60          62  0.97313774058036273     
          60          63  0.97246818701825744     
           1          64  0.26226393117194891     
          64          65  0.88397985108659127     
          64          66  0.88415126515291242     
          67          68  0.97095832754079137     
          67          69  0.97097327597226446     
          67          70  0.98185211442022213     
          71          72  0.94118835192473993     
          67          73   1.0317424664099220     
          71          73   1.1887293326842800     
          71          74   1.2623471522909520     
          73          74  0.11219513164551054     
          74          75  0.95388910087960255     
           1          76  0.50943279036903877     
          74          76   1.4791874573814856     
          73          77   1.5600232185891107     
          76          77   1.2462951689796975     
          77          78  0.95863732555046322     
