           1           2  0.57378235849133463     
           1           3  0.57778401858821471     
           1           4  0.57565182924701130     
           1           5  0.57590223836020449     
           2           6   1.2430140216621210     
           6           7   1.1306879086300321     
           7           8   1.6042680235148321     
           2           9   1.2528138235750612     
           8           9   1.1317925203334454     
           3          10   1.2500846801780230     
          10          11   1.1289506244877696     
          11          12   1.6073481217699770     
           3          13   1.2491501677336048     
          12          13   1.1282709035302640     
           4          14   1.2609791132000663     
          14          15   1.1183374341676187     
          15          16   1.5312728857451599     
           4          17   1.2372694812340397     
          16          17   1.1556769963739326     
           5          18   1.2544065236307749     
          18          19   1.1160804171040541     
          19          20   1.5297479203001629     
           5          21   1.2420922226840629     
          20          21   1.1578640683744752     
           6          22   1.3659223608642863     
          21          22   1.3414793775707265     
          22          23  0.96092224174918461     
           9          24   1.3524694161297706     
          10          24   1.3584226724726727     
          24          25  0.96223961951792703     
          13          26   1.3610230560762906     
          14          26   1.3477380489225903     
          26          27  0.96050239203842125     
          17          28   1.3439988319959242     
          18          28   1.3614371030839192     
          28          29  0.95879821365328732     
           7          30   1.0291494011632163     
          30          31  0.97365586716524399     
          30          32  0.97277767211434962     
          30          33  0.98051579134969158     
           8          34   1.0292475478799465     
          34          35  0.97322629298011964     
          34          36  0.97302534901918181     
          34          37  0.98054530864382783     
          20          38   1.0327093557401037     
          38          39  0.97652296916340564     
          38          40  0.97749998254997272     
          38          41  0.96785182585154006     
          19          42   1.1055168163064124     
          42          43  0.95824688348930120     
          42          44   1.8854345390222598     
          44          45  0.97587692273306170     
          44          46  0.97940029934822215     
          16          47   1.0326167077616795     
          47          48  0.96813323854738820     
          47          49  0.97605350274544789     
          47          50  0.97779713723183903     
          15          51   1.1031155192536479     
          51          52  0.95869480584363265     
          51          53   1.8880860963324937     
          53          54  0.97579432487483109     
          53          55  0.97931699144550799     
          12          56   1.0296325259400247     
          56          57  0.97248821175969702     
          56          58  0.97331926397642143     
          56          59  0.98050128698258865     
          11          60   1.0293201299596328     
          60          61  0.98050839809061319     
          60          62  0.97298923450658037     
          60          63  0.97324362398175202     
          64          65  0.97116536085605965     
          64          66  0.97092855903115727     
          64          67  0.98192460078844679     
          68          69  0.94130223686530701     
          64          70   1.0317154988788939     
          68          70   1.1883417756162356     
          68          71   1.2630919524022033     
          70          71  0.11250157113811154     
          71          72  0.95474210116859481     
           1          73  0.49504544872344625     
          71          73   1.4804440441572879     
          70          74   1.5594251591471922     
          73          74   1.2480272903133267     
          74          75  0.95981156988996874     
          76          77  0.98017474923116243     
          76          78  0.97711521889182196     
          76          79  0.98636295712561517     
          76          80   1.0260794927163897     
          80          81  0.96971932520121329     
          80          82  0.97327178514897561     
           1          83  0.40129455838024214     
          80          83  0.96122599642135631     
          83          84  0.99514690396231442     
          84          85  0.97887976524594167     
          84          86  0.98122514824459106     
          84          87  0.97413136561923819     
