    0.43097627
   -0.22294775
   -0.21960172
   -0.21864944
   -0.22075120
    0.05097161
   -0.03180468
   -0.03054424
    0.05184849
    0.05287772
   -0.02971566
   -0.02942612
    0.05363321
    0.05660383
   -0.03223685
   -0.02374237
    0.05294430
    0.05476520
   -0.03533645
   -0.02272775
    0.05235943
   -0.07163980
    0.03281541
   -0.07148920
    0.03546478
   -0.07020053
    0.03378679
   -0.07314493
    0.03011495
   -0.09771747
    0.03421745
    0.03530793
    0.03365944
   -0.09824957
    0.03779408
    0.03327709
    0.03361250
   -0.09949887
    0.03380093
    0.04158173
    0.03589259
   -0.02752289
    0.02265917
   -0.09739121
    0.03328223
    0.02204211
   -0.09888301
    0.03604655
    0.03325577
    0.04119403
   -0.02687120
    0.02367210
   -0.09665145
    0.03423152
    0.02245179
   -0.09836249
    0.03770535
    0.03472469
    0.03399222
   -0.09842365
    0.03416191
    0.03322833
    0.03815127
   -0.11715971
    0.05596527
    0.05628401
    0.06342449
   -0.08453555
    0.17383723
    0.03798632
    0.07434899
    0.06930567
   -0.12974872
   -0.00159843
    0.06591079
   -0.10850913
    0.04596856
    0.05831023
    0.04854985
   -0.02006884
    0.05468748
    0.05076491
   -0.06069119
   -0.07227183
    0.06243801
    0.05878334
    0.07244393
