           1           2  0.58240116136904774     
           1           3  0.57627504924752759     
           1           4  0.56492231800594106     
           1           5  0.57550346502156058     
           2           6   1.2537963173311466     
           6           7   1.1264201496219399     
           7           8   1.6101567875999574     
           2           9   1.2466266809980822     
           8           9   1.1260667096773491     
           3          10   1.2414031130339167     
          10          11   1.1534368685504510     
          11          12   1.5356765318585057     
           3          13   1.2528143106937675     
          12          13   1.1161949590090550     
           4          14   1.2337580952940197     
          14          15   1.1598622015647417     
          15          16   1.5358518957761806     
           4          17   1.2512719380529120     
          16          17   1.1243107580047034     
           5          18   1.2430464219535440     
          18          19   1.1312460033146430     
          19          20   1.6038865536067159     
           5          21   1.2465819998708216     
          20          21   1.1320972278079360     
           6          22   1.3587452690183781     
          21          22   1.3603813268635332     
          22          23  0.96166188242457129     
           9          24   1.3681262872771700     
          10          24   1.3450962876085304     
          24          25  0.96049907508425902     
          13          26   1.3649564619759300     
          14          26   1.3479628229000562     
          26          27  0.96001771158482740     
          17          28   1.3542276927813752     
          18          28   1.3635158147221944     
          28          29  0.95787636876860471     
           8          30   1.0302303821494658     
          30          31  0.98025642294726578     
          30          32  0.97190351627563398     
          30          33  0.97308496010166412     
           7          34   1.0303500869283280     
          34          35  0.97318257422749810     
          34          36  0.97168702086068193     
          34          37  0.98025137889387071     
          11          38   1.0336089436970577     
          38          39  0.96741824473553639     
          38          40  0.97586162492802675     
          38          41  0.97719951049676423     
          12          42   1.1023376922111683     
          42          43  0.95833686035260468     
          42          44   1.8897158690070635     
          44          45  0.97570016191443720     
          44          46  0.97918935002532648     
          15          47   1.0315890253737023     
          47          48  0.97053381499065872     
          47          49  0.97242002938520111     
          47          50  0.98252323022453436     
          16          51   1.0908888118003222     
          51          52  0.95765670297269279     
          51          53   1.9023537308283323     
          53          54  0.97481363145632105     
          53          55  0.97881574422706963     
          19          56   1.0304218722490699     
          56          57  0.97116077416530366     
          56          58  0.97344300108669524     
          56          59  0.98023597741250645     
          20          60   1.0302881604354932     
          60          61  0.97210606151966916     
          60          62  0.98033390376965146     
          60          63  0.97275868433372481     
           1          64  0.27361381259357775     
          64          65  0.87974058760503415     
          64          66  0.87975598711387315     
          67          68  0.97431548158147430     
          67          69  0.98108937737010304     
          67          70  0.97863476663647220     
           1          71  0.43860047531609631     
          67          71  0.99312101335120173     
          71          72  0.94270895006108213     
