           1           2  0.58240906305700924     
           1           3  0.57605159845483622     
           1           4  0.56488411957746398     
           1           5  0.57522050061258356     
           2           6   1.2538515303717366     
           6           7   1.1264566413664236     
           7           8   1.6101381747230237     
           2           9   1.2466411445362602     
           8           9   1.1260828650595487     
           3          10   1.2413744511821005     
          10          11   1.1534670850482684     
          11          12   1.5357880032600166     
           3          13   1.2528655752902758     
          12          13   1.1162443222604144     
           4          14   1.2338597114173049     
          14          15   1.1597242084258490     
          15          16   1.5361858600605665     
           4          17   1.2513379629361707     
          16          17   1.1242540220032975     
           5          18   1.2432182370920690     
          18          19   1.1312097003396651     
          19          20   1.6039351490100182     
           5          21   1.2465526100518796     
          20          21   1.1320600409650468     
           6          22   1.3586516659582486     
          21          22   1.3605034778482257     
          22          23  0.96165042034881520     
           9          24   1.3681144275730270     
          10          24   1.3451101580445941     
          24          25  0.96048145116384487     
          13          26   1.3648681265207698     
          14          26   1.3480414112558978     
          26          27  0.96000762995821365     
          17          28   1.3542852633241602     
          18          28   1.3634389705110563     
          28          29  0.95787210177716364     
           8          30   1.0302304731055738     
          30          31  0.98026394174788201     
          30          32  0.97202260949219388     
          30          33  0.97295858064525420     
           7          34   1.0303382747841525     
          34          35  0.97307934193117895     
          34          36  0.97178516898639300     
          34          37  0.98026466073384055     
          11          38   1.0336048571335219     
          38          39  0.96744892356991397     
          38          40  0.97577020936616987     
          38          41  0.97726140091197056     
          12          42   1.1020506644318120     
          42          43  0.95827456269110689     
          42          44   1.8900232774674532     
          44          45  0.97570814956712848     
          44          46  0.97918293959991398     
          15          47   1.0315694275903171     
          47          48  0.97051187396237526     
          47          49  0.97246791092969254     
          47          50  0.98252259293918265     
          16          51   1.0905192522346148     
          51          52  0.95761744030258289     
          51          53   1.9027467608458553     
          53          54  0.97479894830322311     
          53          55  0.97880311825407307     
          19          56   1.0304250054070290     
          56          57  0.97118739007109078     
          56          58  0.97340859467643759     
          56          59  0.98024035842161616     
          20          60   1.0302840530238853     
          60          61  0.98033743433213660     
          60          62  0.97269950078224787     
          60          63  0.97216219849643071     
           1          64  0.27362367594336012     
          64          65  0.87967184147851174     
          64          66  0.87979531570108871     
          67          68  0.98108671741554454     
          67          69  0.97864468432545437     
          67          70  0.97428628852264409     
           1          71  0.43925732843281362     
          67          71  0.99305274017036338     
          71          72  0.94266867590225190     
