    0.42850266
   -0.21816838
   -0.22383100
   -0.22350775
   -0.21738583
    0.05502830
   -0.02818882
   -0.02991184
    0.05263900
    0.04966002
   -0.03304806
   -0.03075597
    0.05328936
    0.05545849
   -0.03384554
   -0.02454308
    0.05197925
    0.05530121
   -0.03483642
   -0.02163191
    0.05358901
   -0.06746385
    0.03638502
   -0.07415460
    0.03368144
   -0.07136254
    0.03193789
   -0.07251272
    0.03105796
   -0.09869328
    0.03470348
    0.03839508
    0.03418693
   -0.09819118
    0.03775003
    0.03299631
    0.03419163
   -0.10000394
    0.03757274
    0.03450929
    0.04184194
   -0.02722386
    0.02276557
   -0.09718130
    0.03421936
    0.02250029
   -0.09887023
    0.03561283
    0.03325426
    0.04128143
   -0.02728012
    0.02352290
   -0.09689266
    0.03358979
    0.02212656
   -0.09769091
    0.03309176
    0.03600802
    0.03465172
   -0.09788955
    0.03351494
    0.03273402
    0.03603384
   -0.11706837
    0.05594832
    0.05596620
    0.06325194
   -0.08479722
    0.17361362
    0.03780802
    0.07411332
    0.06962262
   -0.13049287
   -0.00199480
    0.06626503
   -0.10803428
    0.04540611
    0.05763079
    0.04850994
   -0.02077800
    0.05744479
    0.05078080
   -0.06026181
   -0.07235063
    0.06406608
    0.05926860
    0.07158275
