           1           2  0.58054570225543300     
           1           3  0.57680910375704764     
           1           4  0.57429829051462178     
           1           5  0.57609349293564827     
           2           6   1.2467945767275486     
           6           7   1.1263560356203057     
           7           8   1.6098290873224277     
           2           9   1.2522697537477854     
           8           9   1.1273801656844302     
           3          10   1.2471728783806832     
          10          11   1.1327640844664018     
          11          12   1.6011917452040643     
           3          13   1.2478484793906328     
          12          13   1.1328635876199027     
           4          14   1.2587967839461895     
          14          15   1.1181129955078899     
          15          16   1.5308472619129407     
           4          17   1.2371817471652040     
          16          17   1.1569773348392958     
           5          18   1.2530945266192002     
          18          19   1.1157975191381748     
          19          20   1.5316496585052617     
           5          21   1.2456935582040392     
          20          21   1.1557568853809252     
           6          22   1.3693369187781776     
          21          22   1.3412843710538225     
          22          23  0.96071328168830628     
           9          24   1.3568940390496838     
          10          24   1.3524919507668898     
          24          25  0.96228417148430134     
          13          26   1.3567838120372888     
          14          26   1.3525753779075684     
          26          27  0.96012262883920008     
          17          28   1.3435890409669988     
          18          28   1.3613097761818316     
          28          29  0.95883144484371319     
           7          30   1.0297288387980530     
          30          31  0.97287618040953050     
          30          32  0.97284150306538786     
          30          33  0.98045555762131376     
           8          34   1.0292382655186481     
          34          35  0.97315555606200133     
          34          36  0.97318747075396173     
          34          37  0.98046971921953252     
          20          38   1.0329832013690725     
          38          39  0.96763468789139506     
          38          40  0.97643235816498919     
          38          41  0.97755618599326655     
          19          42   1.1046822846125004     
          42          43  0.95862551521185713     
          42          44   1.8863208077361935     
          44          45  0.97581834372289744     
          44          46  0.97935234335957022     
          16          47   1.0326392771088659     
          47          48  0.96813172171633721     
          47          49  0.97581023694938573     
          47          50  0.97778420933750487     
          15          51   1.1035034610657277     
          51          52  0.95813359170111689     
          51          53   1.8876320908330175     
          53          54  0.97585123898434434     
          53          55  0.97934526173835956     
          12          56   1.0294315138057535     
          56          57  0.98049602828923921     
          56          58  0.97261629582016329     
          56          59  0.97338946781291713     
          11          60   1.0289026824811101     
          60          61  0.98050363976980781     
          60          62  0.97379300283450121     
          60          63  0.97280359046936071     
          64          65  0.97107336256966004     
          64          66  0.97110364526865667     
          64          67  0.98195038814707480     
          68          69  0.94136574769572667     
          64          70   1.0316763992802822     
          68          70   1.1880825104952824     
          68          71   1.2632727342160868     
          70          71  0.11254769000162185     
          71          72  0.95361947350331666     
           1          73  0.49368830826757837     
          71          73   1.4811713199899397     
          70          74   1.5597204832096410     
          73          74   1.2481245212454453     
          74          75  0.95898519871392818     
          76          77  0.98024112930336205     
          76          78  0.97905446607589575     
          76          79  0.98642441012663318     
          76          80   1.0263147328591149     
          80          81  0.96826532398761234     
          80          82  0.97313473458872957     
           1          83  0.39608405408315678     
          80          83  0.96211974676133749     
          83          84  0.99611315006922718     
          84          85  0.97713343750263371     
          84          86  0.98076313657645486     
          84          87  0.97529644826412321     
