           1           2  0.58193213449751569     
           1           3  0.57810756231401961     
           1           4  0.57428399116906437     
           1           5  0.57779619612718625     
           2           6   1.2555960676964071     
           6           7   1.1303981648959884     
           7           8   1.6020827856415283     
           2           9   1.2418813426716193     
           8           9   1.1287139678183948     
           3          10   1.2448200278356005     
          10          11   1.1488336594496114     
          11          12   1.5360644448867364     
           3          13   1.2597037047466075     
          12          13   1.1146946209692170     
           4          14   1.2451563578099376     
          14          15   1.1500126443356538     
          15          16   1.5351111230811914     
           4          17   1.2593583923518674     
          16          17   1.1154278771879091     
           5          18   1.2443737605431426     
          18          19   1.1306162769977961     
          19          20   1.6000574382937938     
           5          21   1.2532544901460172     
          20          21   1.1317649707202386     
           6          22   1.3571838265493568     
          21          22   1.3585904324567550     
          22          23  0.96076190550496743     
           9          24   1.3641894113358235     
          10          24   1.3429664398195957     
          24          25  0.95985733463134815     
          13          26   1.3631384993260529     
          14          26   1.3509965164125990     
          26          27  0.95727679648474751     
          17          28   1.3517574791209124     
          18          28   1.3578045655283657     
          28          29  0.95953328976643970     
           8          30   1.0317601105666561     
          30          31  0.97986363638323493     
          30          32  0.97210836793277755     
          30          33  0.97092836717440345     
           7          34   1.0313745431300427     
          34          35  0.97115011427989706     
          34          36  0.97241486833396651     
          34          37  0.97986767125366803     
          11          38   1.0355782549862629     
          38          39  0.96503331744426202     
          38          40  0.97590364454042833     
          38          41  0.97666159937536845     
          12          42   1.1015272115092289     
          42          43  0.95797871208641794     
          42          44   1.8917363636027640     
          44          45  0.97514807758065458     
          44          46  0.97887373528718846     
          15          47   1.0357300073186155     
          47          48  0.96482865638772575     
          47          49  0.97536040343297636     
          47          50  0.97711452666632614     
          16          51   1.1008896045716292     
          51          52  0.95821006539141718     
          51          53   1.8925089008974576     
          53          54  0.97503604323117155     
          53          55  0.97882695216820004     
          19          56   1.0316518104116634     
          56          57  0.97078664320573149     
          56          58  0.97234319560473270     
          56          59  0.97988420658905195     
          20          60   1.0313417469397279     
          60          61  0.97989723628551051     
          60          62  0.97255544594854404     
          60          63  0.97104746598080027     
          64          65  0.97062774799835116     
          64          66  0.97033633666569707     
          64          67  0.98178016834018700     
          68          69  0.94036999934143373     
          64          70   1.0324418096103269     
          68          70   1.1884183009163356     
          68          71   1.2728998739220703     
          70          71  0.11163481806743578     
          71          72  0.95809196122601248     
           1          73  0.32914943292159221     
          71          73   1.5202398248766049     
          70          74   1.5608974277274996     
          73          74   1.2704907481073040     
          74          75  0.96437061229294085     
           1          76  0.67719581238083204     
           1          77   1.1682829053173787     
          76          77   1.1844562185994956     
