    0.63787110
   -0.20856510
   -0.20133207
   -0.20666496
   -0.21367810
    0.06481530
   -0.02191559
   -0.02094953
    0.06204999
    0.06424864
   -0.01195356
   -0.02252288
    0.07671460
    0.07374872
   -0.01241079
   -0.02317991
    0.06433764
    0.05967431
   -0.02186978
   -0.02265782
    0.06417043
   -0.06485676
    0.04930014
   -0.06334900
    0.04688072
   -0.05454842
    0.05015414
   -0.06609766
    0.04572344
   -0.10194011
    0.04048863
    0.03897770
    0.04589973
   -0.10216766
    0.04493472
    0.03946967
    0.04041912
   -0.10339554
    0.04824119
    0.03765573
    0.04744730
   -0.02526141
    0.02801531
   -0.09260367
    0.04200969
    0.02976816
   -0.10375563
    0.05041317
    0.03836315
    0.04669109
   -0.02587138
    0.02657856
   -0.09220221
    0.04345954
    0.03002093
   -0.10155271
    0.04646798
    0.03770658
    0.04037191
   -0.10208835
    0.04024871
    0.03910602
    0.04525392
   -0.11734687
    0.05754157
    0.05802529
    0.06376505
   -0.08462541
    0.17579872
    0.03895344
    0.08492766
    0.06156716
   -0.18163924
    0.00410379
    0.05718227
   -0.29354366
   -0.16501684
