    0.42555072
   -0.21886148
   -0.22393130
   -0.22254313
   -0.21779563
    0.05375797
   -0.02930684
   -0.02960020
    0.05277853
    0.05188546
   -0.03081010
   -0.03109656
    0.05143753
    0.05505756
   -0.03316513
   -0.02463538
    0.05212370
    0.05538777
   -0.03463430
   -0.02233905
    0.05225865
   -0.06966287
    0.03463581
   -0.07192690
    0.03530660
   -0.07159368
    0.03298700
   -0.07331205
    0.03002238
   -0.09825916
    0.03445488
    0.03721829
    0.03399493
   -0.09836191
    0.03815810
    0.03320007
    0.03403887
   -0.09968825
    0.03627835
    0.03420093
    0.04172848
   -0.02730166
    0.02266408
   -0.09735285
    0.03373766
    0.02220216
   -0.09861911
    0.03543057
    0.03327576
    0.04108538
   -0.02700964
    0.02369371
   -0.09691969
    0.03367210
    0.02218001
   -0.09769958
    0.03593899
    0.03469123
    0.03355773
   -0.09811896
    0.03372222
    0.03307891
    0.03742542
   -0.11715531
    0.05601853
    0.05612086
    0.06338128
   -0.08451758
    0.17377783
    0.03792527
    0.07411342
    0.06966960
   -0.12907144
   -0.00181125
    0.06630519
   -0.10918339
    0.04762703
    0.05365353
    0.04552079
   -0.01959779
    0.06415002
    0.05288706
   -0.05897613
   -0.07128923
    0.06253207
    0.06043812
    0.06920842
