           1           2  0.57726944180867967     
           1           3  0.57861785621903083     
           1           4  0.57738250842060923     
           1           5  0.57881593211826210     
           2           6   1.2483804978415287     
           6           7   1.1313802182734589     
           7           8   1.6001054098193739     
           2           9   1.2488970530921624     
           8           9   1.1313389660463566     
           3          10   1.2474524261917042     
          10          11   1.1521039515032157     
          11          12   1.5344677907351900     
           3          13   1.2523256368845770     
          12          13   1.1167740287973951     
           4          14   1.2416235130130584     
          14          15   1.1466661800646205     
          15          16   1.5372568838314236     
           4          17   1.2642584778640515     
          16          17   1.1148635400860825     
           5          18   1.2526554151585989     
          18          19   1.1287339455485410     
          19          20   1.6024625973974960     
           5          21   1.2490568872333863     
          20          21   1.1277395165028037     
           6          22   1.3527667554256968     
          21          22   1.3568766002714896     
          22          23  0.96138850105136087     
           9          24   1.3655774898155539     
          10          24   1.3468218025585397     
          24          25  0.95947883001730916     
          13          26   1.3582294561630206     
          14          26   1.3487925050815426     
          26          27  0.95828043581561684     
          17          28   1.3564703498780686     
          18          28   1.3613876647119647     
          28          29  0.95862368826673749     
           8          30   1.0313847462146630     
          30          31  0.97988528929464580     
          30          32  0.97238273721532564     
          30          33  0.97115567093884836     
           7          34   1.0314255314069267     
          34          35  0.97088569137567948     
          34          36  0.97260033271003898     
          34          37  0.97991505532346690     
          11          38   1.0349248778354236     
          38          39  0.96585027704925630     
          38          40  0.97563844253330134     
          38          41  0.97702946953482395     
          12          42   1.1005146585892811     
          42          43  0.95806173217681923     
          42          44   1.8929599773603409     
          44          45  0.97518886941547833     
          44          46  0.97881800469648472     
          15          47   1.0355470995264493     
          47          48  0.97466500308320703     
          47          49  0.96632081601360009     
          47          50  0.97654958026733318     
          16          51   1.1005319385858650     
          51          52  0.95731506203473138     
          51          53   1.8930608666107387     
          53          54  0.97548936373718997     
          53          55  0.97891346179629213     
          19          56   1.0320710944528859     
          56          57  0.96992357950814334     
          56          58  0.97254616908446623     
          56          59  0.97988422970680178     
          20          60   1.0316345218037883     
          60          61  0.97990095840255109     
          60          62  0.97291697031285929     
          60          63  0.97031704313490474     
           1          64   1.1684013546116909     
           1          65  0.67583575191094980     
          64          65   1.1844514510602415     
          66          67  0.97061514512852787     
          66          68  0.97028857210494923     
          66          69  0.98171562268183554     
          70          71  0.94041474580009865     
          66          72   1.0324942372735044     
          70          72   1.1883609294983024     
          70          73   1.2728136674394828     
          72          73  0.11171605506398810     
          73          74  0.95813329877167908     
           1          75  0.33015697854449072     
          73          75   1.5200195272030330     
          72          76   1.5609080627195584     
          75          76   1.2704207547715547     
          76          77  0.96426099479629468     
