    0.63806411
   -0.21385262
   -0.20764882
   -0.20122871
   -0.20724961
    0.05964846
   -0.02229401
   -0.02265204
    0.06363336
    0.06469558
   -0.01431256
   -0.02356249
    0.06506870
    0.06450665
   -0.01101806
   -0.02250332
    0.07793045
    0.07369735
   -0.02019929
   -0.02079649
    0.06130914
   -0.06705312
    0.04614881
   -0.06438175
    0.04898970
   -0.06244708
    0.04629006
   -0.05539461
    0.04984944
   -0.10203486
    0.04019718
    0.03866917
    0.04555387
   -0.10162546
    0.04587374
    0.03750289
    0.04022815
   -0.10369975
    0.04679209
    0.03846912
    0.04734203
   -0.02592185
    0.02869466
   -0.09257959
    0.04183309
    0.03032003
   -0.10328661
    0.04411867
    0.04111210
    0.05001369
   -0.02541862
    0.03453546
   -0.09469819
    0.03729569
    0.02940068
   -0.10234864
    0.04839684
    0.03949959
    0.04008495
   -0.10155086
    0.04061215
    0.03706737
    0.04652438
   -0.16503495
   -0.29400975
   -0.11739784
    0.05764731
    0.05803272
    0.06413201
   -0.08465451
    0.17565992
    0.03911673
    0.08475397
    0.06141165
   -0.18155768
    0.00421847
    0.05747153
