           1           2  0.58587757142583219     
           1           3  0.58746129671645186     
           1           4  0.58696270056762800     
           1           5  0.58586462309110199     
           2           6   1.2448222838587268     
           6           7   1.1318867821823002     
           7           8   1.6028313076568079     
           2           9   1.2527711437862958     
           8           9   1.1328499578965461     
           3          10   1.2504787687492385     
          10          11   1.1316164331869467     
          11          12   1.6039715528869196     
           3          13   1.2493517086108870     
          12          13   1.1310389404915409     
           4          14   1.2602403196501648     
          14          15   1.1157927684876994     
          15          16   1.5352193651215338     
           4          17   1.2427972713750626     
          16          17   1.1558089976974910     
           5          18   1.2566243795686318     
          18          19   1.1157968274311953     
          19          20   1.5284800500006612     
           5          21   1.2436539524988519     
          20          21   1.1577048817632638     
           6          22   1.3640045924805937     
          21          22   1.3392753876492918     
          22          23  0.96111079655940279     
           9          24   1.3515043191752660     
          10          24   1.3555075341982983     
          24          25  0.96267206948129624     
          13          26   1.3567841442577013     
          14          26   1.3515233856465620     
          26          27  0.95877529701179698     
          17          28   1.3430469939800687     
          18          28   1.3606057059488981     
          28          29  0.96054747473681978     
           7          30   1.0283904359814726     
          30          31  0.97317793200859348     
          30          32  0.97420611944568314     
          30          33  0.98062222299968993     
           8          34   1.0283531215875317     
          34          35  0.97392621480027286     
          34          36  0.97347335527626844     
          34          37  0.98067940666703080     
          20          38   1.0319616551337667     
          38          39  0.96834157114654107     
          38          40  0.97700607336550072     
          38          41  0.97759865836890758     
          19          42   1.1073724187749912     
          42          43  0.95886900135633135     
          42          44   1.8827954107150817     
          44          45  0.97586441564245252     
          44          46  0.97948407664305159     
          16          47   1.0306510935803126     
          47          48  0.97097429535604440     
          47          49  0.97355220231206863     
          47          50  0.98242173839684577     
          15          51   1.0988530489363688     
          51          52  0.95814457265520669     
          51          53   1.8921808351199709     
          53          54  0.97523716828290774     
          53          55  0.97925717182689020     
          12          56   1.0289633073787854     
          56          57  0.97357227484166953     
          56          58  0.98067099713128791     
          56          59  0.97300635990730111     
          11          60   1.0283221294856040     
          60          61  0.97343508204286566     
          60          62  0.98067950134005377     
          60          63  0.97409067507651792     
          64          65  0.97129697986313701     
          64          66  0.97172326137765075     
          64          67  0.98214616430539781     
          68          69  0.94211940039758624     
          64          70   1.0312864728130309     
          68          70   1.1870753014931250     
          68          71   1.2605217532783788     
          70          71  0.11289325317098863     
          71          72  0.95556776199559301     
           1          73  0.49434435502460183     
          71          73   1.4854895998596163     
          70          74   1.5615106287990381     
          73          74   1.2502029607643796     
          74          75  0.96070605812583743     
          76          77  0.97154646305344361     
          76          78  0.97152953646891882     
          76          79  0.98218669088455968     
          80          81  0.94208172350273756     
          76          82   1.0312316130714636     
          80          82   1.1870566617069545     
          80          83   1.2606734879833335     
          82          83  0.11287925626374141     
          83          84  0.95564855763159173     
           1          85  0.49333817121937235     
          83          85   1.4857484020177252     
          82          86   1.5615306969234339     
          85          86   1.2502562197017728     
          86          87  0.96056108812349761     
