    0.39660532
   -0.21612181
   -0.21060327
   -0.20367323
   -0.20952592
    0.04858860
   -0.03343441
   -0.03320171
    0.04842867
    0.04920201
   -0.03290456
   -0.03156138
    0.05120975
    0.05698703
   -0.03327500
   -0.02585727
    0.05245054
    0.05444033
   -0.03452992
   -0.02412527
    0.04971069
   -0.07374272
    0.03102841
   -0.07436407
    0.03112266
   -0.07046126
    0.03784522
   -0.07006632
    0.03178275
   -0.09678434
    0.03207648
    0.03416946
    0.03182890
   -0.09684991
    0.03226593
    0.03397215
    0.03179644
   -0.09862068
    0.03557867
    0.03126551
    0.04029498
   -0.02692949
    0.02256319
   -0.09854672
    0.03259558
    0.02020459
   -0.09785848
    0.03542037
    0.03488140
    0.03530432
   -0.02581707
    0.02321778
   -0.09736523
    0.03133242
    0.02120821
   -0.09748800
    0.03463126
    0.03204349
    0.03471193
   -0.09685974
    0.03201547
    0.03220918
    0.03392947
   -0.11607890
    0.05464700
    0.05406279
    0.06214516
   -0.08658822
    0.17139464
    0.03697539
    0.07453507
    0.06706608
   -0.12525732
   -0.00110499
    0.06443374
   -0.11607895
    0.05442789
    0.05420059
    0.06197625
   -0.08663994
    0.17151128
    0.03683928
    0.07478227
    0.06688195
   -0.12554181
   -0.00143891
    0.06449823
