    0.46593732
   -0.21996037
   -0.22827422
   -0.24298995
   -0.23712598
    0.05447648
   -0.02800659
   -0.02807686
    0.05612440
    0.05522239
   -0.02072426
   -0.03143215
    0.05427388
    0.04885748
   -0.02462223
   -0.03123737
    0.05501346
    0.05196854
   -0.02773552
   -0.02789777
    0.05401264
   -0.06894910
    0.03900916
   -0.06804190
    0.03798099
   -0.07410657
    0.03572758
   -0.07227417
    0.04340394
   -0.10007207
    0.03598134
    0.03936005
    0.03634914
   -0.09991790
    0.03705499
    0.03850636
    0.03587179
   -0.10130143
    0.03702061
    0.03792863
    0.04417670
   -0.02766582
    0.02629499
   -0.09576573
    0.03533008
    0.02519093
   -0.10011288
    0.03799848
    0.03848788
    0.03860457
   -0.02619280
    0.02818844
   -0.09505914
    0.03230133
    0.02680422
   -0.10023581
    0.04020788
    0.03679798
    0.03616437
   -0.10003878
    0.03885725
    0.03612018
    0.03714009
   -0.48040186
    0.32478857
    0.32516676
   -0.07607775
    0.07099045
    0.07455491
    0.07595656
   -0.11105715
    0.16515036
