    0.39328255
   -0.20976754
   -0.20876043
   -0.20903523
   -0.21019265
    0.04902116
   -0.03348669
   -0.03107794
    0.05159120
    0.05206518
   -0.02231850
   -0.03591558
    0.05233451
    0.04958245
   -0.02498422
   -0.03334068
    0.05511923
    0.05180259
   -0.03071772
   -0.03390237
    0.04889406
   -0.07636781
    0.03000534
   -0.06867649
    0.03325474
   -0.07525537
    0.02959224
   -0.06827579
    0.03311226
   -0.09735757
    0.03210601
    0.03484075
    0.03360733
   -0.09670978
    0.03192244
    0.03374776
    0.03203735
   -0.09900231
    0.03360380
    0.03494735
    0.04097799
   -0.02729561
    0.02231919
   -0.09909722
    0.03185919
    0.02002385
   -0.09838466
    0.03530405
    0.03186197
    0.04036101
   -0.02658097
    0.02280991
   -0.09829410
    0.03283791
    0.02031148
   -0.09732153
    0.03458686
    0.03478864
    0.03201545
   -0.09663221
    0.03214166
    0.03361461
    0.03167563
   -0.11595609
    0.05445087
    0.05426149
    0.06146582
   -0.08629945
    0.17196250
    0.03664145
    0.07529313
    0.06802439
   -0.12584837
   -0.00155351
    0.06484919
   -0.11604586
    0.05459145
    0.05422633
    0.06208267
   -0.08651537
    0.17152279
    0.03688425
    0.07490737
    0.06766490
   -0.12563583
   -0.00123519
    0.06505230
