           1           2  0.58528629337052951     
           1           3  0.58389484590768148     
           1           4  0.59616010879879733     
           1           5  0.59780287541108201     
           2           6   1.2472231207785951     
           6           7   1.1372952849059790     
           7           8   1.5980141682747095     
           2           9   1.2373544258767184     
           8           9   1.1362686831332458     
           3          10   1.2350505075963820     
          10          11   1.1626193767767063     
          11          12   1.5245634219234798     
           3          13   1.2503249322377050     
          12          13   1.1226973580409345     
           4          14   1.2398166689416859     
          14          15   1.1500431957408870     
          15          16   1.5371666658999055     
           4          17   1.2618184511698400     
          16          17   1.1129814631907404     
           5          18   1.2507891442019377     
          18          19   1.1259680440928557     
          19          20   1.6101206300995956     
           5          21   1.2497646254488290     
          20          21   1.1261618758295158     
           6          22   1.3536183613647235     
          21          22   1.3623187367681222     
          22          23  0.96200923674444649     
           9          24   1.3652374625960710     
          10          24   1.3414462998215892     
          24          25  0.96079782331688279     
          13          26   1.3605039276539399     
          14          26   1.3516861834399538     
          26          27  0.95856154450515407     
          17          28   1.3543503284167027     
          18          28   1.3603549445499521     
          28          29  0.96002688001128411     
           8          30   1.0287504283891651     
          30          31  0.98044375730746358     
          30          32  0.97332629372929658     
          30          33  0.97345119898584886     
           7          34   1.0293760550871922     
          34          35  0.97280588443605542     
          34          36  0.97314202768588431     
          34          37  0.98049092820773065     
          11          38   1.0322696934678324     
          38          39  0.97669911098034545     
          38          40  0.96824774090399379     
          38          41  0.97734639119720612     
          12          42   1.1047664849437624     
          42          43  0.95835574732951234     
          42          44   1.8865773414160947     
          44          45  0.97579602656687392     
          44          46  0.97933129088222348     
          15          47   1.0332891996793763     
          47          48  0.97597815209840000     
          47          49  0.96773886187259384     
          47          50  0.97746875407307554     
          16          51   1.1037064358194171     
          51          52  0.95825550224045664     
          51          53   1.8877980985963136     
          53          54  0.97578294705539714     
          53          55  0.97929315273203654     
          19          56   1.0298943613983347     
          56          57  0.97249526419481791     
          56          58  0.97295110026431864     
          56          59  0.98042001602361495     
          20          60   1.0295536131588969     
          60          61  0.98042251206683551     
          60          62  0.97317920795199719     
          60          63  0.97282373658743793     
           1          64  0.26213378295194689     
          64          65  0.88378093958704040     
          64          66  0.88414807708151166     
          67          68  0.97098117059116062     
          67          69  0.97093247472756183     
          67          70  0.98183865521598324     
          71          72  0.94121255251174452     
          67          73   1.0317169494442031     
          71          73   1.1887709087820786     
          71          74   1.2621007466416934     
          73          74  0.11199236040491602     
          74          75  0.95479347964836525     
           1          76  0.50951958329481317     
          74          76   1.4798156740461033     
          73          77   1.5603089421050396     
          76          77   1.2457432124874837     
          77          78  0.95765439437434274     
