    0.44082897
   -0.23326968
   -0.20401802
   -0.20548053
   -0.23470736
    0.04502579
   -0.03373822
   -0.03115063
    0.04931275
    0.05389923
   -0.01990743
   -0.03082715
    0.05890468
    0.05617838
   -0.01976384
   -0.03098189
    0.05631986
    0.04886835
   -0.03102633
   -0.03404114
    0.04510116
   -0.08001336
    0.03202540
   -0.06934457
    0.03651914
   -0.06524731
    0.03746026
   -0.06977954
    0.03596304
   -0.09892328
    0.03358328
    0.03603593
    0.03577300
   -0.09800716
    0.03318958
    0.03484765
    0.03357154
   -0.10073414
    0.03571940
    0.04350819
    0.03693842
   -0.02669139
    0.02644155
   -0.09732314
    0.03400929
    0.02326389
   -0.10091825
    0.03722820
    0.03728472
    0.04347417
   -0.02653180
    0.02510269
   -0.09725407
    0.03442112
    0.02291359
   -0.09882478
    0.03613575
    0.03625249
    0.03350312
   -0.09795020
    0.03301977
    0.03363757
    0.03475048
   -0.48085270
    0.32135678
    0.32138640
   -0.11804631
    0.05698338
    0.05648462
    0.06414959
   -0.08439909
    0.17418678
    0.03878540
    0.07290691
    0.06952743
   -0.13164631
   -0.00318989
    0.06780981
