           1           2  0.58217315662642877     
           1           3  0.57687234555168476     
           1           4  0.56647812019746224     
           1           5  0.57357119146803881     
           2           6   1.2544506083054954     
           6           7   1.1267287102048724     
           7           8   1.6097801073258096     
           2           9   1.2460705770706644     
           8           9   1.1263760122216220     
           3          10   1.2411818554846590     
          10          11   1.1535471836356457     
          11          12   1.5356872119938281     
           3          13   1.2530417391386193     
          12          13   1.1163753355192978     
           4          14   1.2325067014631295     
          14          15   1.1596805020082106     
          15          16   1.5288759076208447     
           4          17   1.2525166539181720     
          16          17   1.1230854045150727     
           5          18   1.2446449324851330     
          18          19   1.1312506065579533     
          19          20   1.6040664543977692     
           5          21   1.2455364631299459     
          20          21   1.1318495077608544     
           6          22   1.3575432370288107     
          21          22   1.3618637934163056     
          22          23  0.96163337277773864     
           9          24   1.3685505038536365     
          10          24   1.3449349862074482     
          24          25  0.96046667646874473     
          13          26   1.3639880932444650     
          14          26   1.3490230681407251     
          26          27  0.95860729155500579     
          17          28   1.3557058497799739     
          18          28   1.3623523786541802     
          28          29  0.95965915339187291     
           8          30   1.0302636523366711     
          30          31  0.98025733295139383     
          30          32  0.97211449764432811     
          30          33  0.97282101729658210     
           7          34   1.0303392373494766     
          34          35  0.97295572103470418     
          34          36  0.97189971901839101     
          34          37  0.98025998201384956     
          11          38   1.0336529285793330     
          38          39  0.96742001972759040     
          38          40  0.97578099019407960     
          38          41  0.97723893831056430     
          12          42   1.1018291144208268     
          42          43  0.95815345326298829     
          42          44   1.8903079646915233     
          44          45  0.97571833993121415     
          44          46  0.97917508899939931     
          15          47   1.0335902076001202     
          47          48  0.97617581533909548     
          47          49  0.96715582051128357     
          47          50  0.97716241720041119     
          16          51   1.1015104131985596     
          51          52  0.95806980054063540     
          51          53   1.8909503432019883     
          53          54  0.97563664099881131     
          53          55  0.97914769088372366     
          19          56   1.0303531799445040     
          56          57  0.97155451467278553     
          56          58  0.97316884048501262     
          56          59  0.98021700264549294     
          20          60   1.0303605416979451     
          60          61  0.97227231846161533     
          60          62  0.98028517999724363     
          60          63  0.97249711777606296     
           1          64  0.27400723615233791     
          64          65  0.87974987337247224     
          64          66  0.87962541910066849     
          67          68  0.98107083815365115     
          67          69  0.97861911346819874     
          67          70  0.97432635205873108     
           1          71  0.44060043384770398     
          67          71  0.99298291672334071     
          71          72  0.94237789011416251     
