           1           2  0.59105791984130840     
           1           3  0.58965868898895857     
           1           4  0.58475273068764677     
           1           5  0.58660075474043416     
           2           6   1.2551739594185150     
           6           7   1.1287258729594469     
           7           8   1.6074497815741713     
           2           9   1.2460790195187610     
           8           9   1.1283480398490897     
           3          10   1.2443918617643597     
          10          11   1.1551258562942981     
          11          12   1.5317734069325899     
           3          13   1.2574468408975505     
          12          13   1.1137182123738041     
           4          14   1.2401884425418805     
          14          15   1.1603215265629925     
          15          16   1.5235143442851258     
           4          17   1.2591728505338049     
          16          17   1.1188260172725462     
           5          18   1.2479636502605864     
          18          19   1.1331168835402177     
          19          20   1.6015601744961212     
           5          21   1.2507980816223345     
          20          21   1.1331119531210119     
           6          22   1.3551978959834872     
          21          22   1.3554607973155000     
          22          23  0.96243540204448053     
           9          24   1.3632692099394303     
          10          24   1.3382148137852774     
          24          25  0.96103257340763870     
          13          26   1.3638858541257004     
          14          26   1.3426363861364528     
          26          27  0.95873786863845978     
          17          28   1.3488694928426250     
          18          28   1.3540179209319627     
          28          29  0.96058801767503510     
           8          30   1.0285056940814874     
          30          31  0.98060380721445406     
          30          32  0.97360478980743936     
          30          33  0.97362625926707047     
           7          34   1.0288577448599523     
          34          35  0.97332055808181139     
          34          36  0.97350100814517593     
          34          37  0.98062181257919245     
          11          38   1.0321396093222683     
          38          39  0.96842582582889558     
          38          40  0.97664687319289845     
          38          41  0.97762886205833022     
          12          42   1.1065036784990838     
          42          43  0.95846980474888732     
          42          44   1.8839843710256012     
          44          45  0.97590272479681495     
          44          46  0.97946903416380682     
          15          47   1.0325736826879230     
          47          48  0.96804919802772105     
          47          49  0.97652585998686370     
          47          50  0.97756110862459200     
          16          51   1.1081520241916623     
          51          52  0.95879572883977771     
          51          53   1.8816149810384140     
          53          54  0.97590846476694382     
          53          55  0.97952439238873612     
          19          56   1.0281785776476884     
          56          57  0.97387505245627271     
          56          58  0.97371038391302178     
          56          59  0.98061098860206852     
          20          60   1.0287798024591668     
          60          61  0.97349997209986305     
          60          62  0.98064576801669978     
          60          63  0.97339438255117039     
          64          65  0.97137770198207085     
          64          66  0.97166602947071312     
          64          67  0.98222839253598426     
          68          69  0.94195792389201904     
          64          70   1.0312470535060110     
          68          70   1.1868849820647260     
          68          71   1.2625775546300315     
          70          71  0.11257438440839118     
          71          72  0.95474526576646634     
           1          73  0.48948892165672386     
          71          73   1.4876856771600098     
          70          74   1.5616154520070022     
          73          74   1.2509968991862710     
          74          75  0.95986799652743748     
          76          77  0.97161563942924212     
          76          78  0.97140953338988867     
          76          79  0.98222466152004939     
          80          81  0.94198512409536539     
          76          82   1.0312549833083184     
          80          82   1.1868945776570616     
          80          83   1.2621624227266166     
          82          83  0.11263614238772940     
          83          84  0.95477069224714184     
           1          85  0.48994637279986120     
          83          85   1.4874706496616168     
          82          86   1.5616005525875694     
          85          86   1.2509693442739329     
          86          87  0.95996754421723496     
