    0.44258450
   -0.21374603
   -0.20883931
   -0.22486186
   -0.22952591
    0.05134794
   -0.02952977
   -0.02980004
    0.05288041
    0.05307092
   -0.02435888
   -0.03127347
    0.05783966
    0.05071202
   -0.02471058
   -0.03499289
    0.05153965
    0.04829179
   -0.03192160
   -0.03099056
    0.04912402
   -0.07205402
    0.03545724
   -0.06947978
    0.03684766
   -0.06781386
    0.04221520
   -0.07604424
    0.03843683
   -0.09900595
    0.03428790
    0.03368896
    0.03847627
   -0.09884181
    0.03686390
    0.03486562
    0.03417616
   -0.09959566
    0.03915116
    0.03446055
    0.03745375
   -0.02576660
    0.02666495
   -0.09690441
    0.03173043
    0.02402222
   -0.10001815
    0.03809211
    0.03725147
    0.03695585
   -0.02661692
    0.02509438
   -0.09705207
    0.03085696
    0.02346264
   -0.09857287
    0.03557256
    0.03538860
    0.03352566
   -0.09872095
    0.03369148
    0.03517597
    0.03542907
   -0.48131913
    0.32158389
    0.32097480
   -0.11776499
    0.05661580
    0.05640745
    0.06368375
   -0.08392487
    0.17430091
    0.03829616
    0.07288889
    0.06970816
   -0.13135428
   -0.00288060
    0.06713580
