           1           2  0.57381513583423382     
           1           3  0.57585936168704277     
           1           4  0.57565085226694357     
           1           5  0.57773587220167411     
           2           6   1.2528650769095937     
           6           7   1.1317555849232397     
           7           8   1.6043313372730834     
           2           9   1.2430130202023171     
           8           9   1.1306347912208163     
           3          10   1.2421971256226643     
          10          11   1.1579413755915402     
          11          12   1.5296584262603117     
           3          13   1.2542964691442187     
          12          13   1.1160619916818695     
           4          14   1.2372947434732156     
          14          15   1.1557237800392779     
          15          16   1.5311952932402626     
           4          17   1.2610117322864067     
          16          17   1.1183571688517384     
           5          18   1.2491153989218304     
          18          19   1.1283161761358422     
          19          20   1.6073105159721275     
           5          21   1.2500476470714319     
          20          21   1.1289667949812907     
           6          22   1.3524019338312516     
          21          22   1.3584456081957605     
          22          23  0.96224283996307669     
           9          24   1.3661028139653013     
          10          24   1.3413123108347638     
          24          25  0.96089312919951442     
          13          26   1.3615640254657655     
          14          26   1.3439555424020759     
          26          27  0.95880129452611573     
          17          28   1.3477409158811280     
          18          28   1.3608848898508792     
          28          29  0.96050408658314335     
           8          30   1.0291522054432511     
          30          31  0.98051374285073545     
          30          32  0.97372286509338513     
          30          33  0.97270978582454637     
           7          34   1.0292455596083234     
          34          35  0.97318565531917978     
          34          36  0.97306933033883847     
          34          37  0.98054979014078780     
          11          38   1.0327117694673318     
          38          39  0.96784983222315035     
          38          40  0.97650104163586526     
          38          41  0.97751303221033325     
          12          42   1.1055810120625953     
          42          43  0.95822859054749876     
          42          44   1.8853691824681187     
          44          45  0.97588003783602439     
          44          46  0.97940160907074714     
          15          47   1.0325974523988735     
          47          48  0.96814470964443711     
          47          49  0.97607926425974700     
          47          50  0.97779793625416422     
          16          51   1.1032396157433955     
          51          52  0.95871466575145969     
          51          53   1.8879568662187567     
          53          54  0.97578535526569410     
          53          55  0.97931927674228192     
          19          56   1.0296297729307300     
          56          57  0.97247429287125353     
          56          58  0.97333443577967871     
          56          59  0.98050815064842689     
          20          60   1.0293183145846323     
          60          61  0.97334590571665014     
          60          62  0.98050780157595219     
          60          63  0.97289751983243278     
          64          65  0.97107091101085263     
          64          66  0.97102163614604420     
          64          67  0.98192772149236007     
          68          69  0.94129907649302269     
          64          70   1.0317136706386443     
          68          70   1.1883480983628221     
          68          71   1.2631269631184605     
          70          71  0.11250550562281572     
          71          72  0.95470883921590155     
           1          73  0.49499280716059690     
          71          73   1.4804241593205842     
          70          74   1.5594012591455124     
          73          74   1.2480621872518014     
          74          75  0.95985315301245933     
          76          77  0.98017556387202753     
          76          78  0.97705194916168558     
          76          79  0.98636545449397683     
          76          80   1.0260743695225087     
          80          81  0.96974458352861004     
          80          82  0.97327568676938758     
           1          83  0.40155265980740873     
          80          83  0.96119445017781102     
          83          84  0.99510024180980283     
          84          85  0.97888369891085902     
          84          86  0.98122444631166128     
          84          87  0.97420830265537928     
