           1           2  0.59757063075789196     
           1           3  0.59729217723668837     
           1           4  0.58371228172641376     
           1           5  0.58448079901458683     
           2           6   1.2511276762387857     
           6           7   1.1279266012878180     
           7           8   1.6086019840832648     
           2           9   1.2464259942356413     
           8           9   1.1271751157781711     
           3          10   1.2460082263968402     
          10          11   1.1504628212067138     
          11          12   1.5374484466635194     
           3          13   1.2544882735297735     
          12          13   1.1112217901658290     
           4          14   1.2349851380820491     
          14          15   1.1605890685866578     
          15          16   1.5269777497132184     
           4          17   1.2540977368437680     
          16          17   1.1214585395512149     
           5          18   1.2426096643797822     
          18          19   1.1371863627366103     
          19          20   1.5967411933441480     
           5          21   1.2426835976416397     
          20          21   1.1382321507387183     
           6          22   1.3567403109982064     
          21          22   1.3555095141927689     
          22          23  0.96221883957220800     
           9          24   1.3680748491670394     
          10          24   1.3453476457805027     
          24          25  0.96038493859932395     
          13          26   1.3656496294203995     
          14          26   1.3442844783591890     
          26          27  0.95852436798236107     
          17          28   1.3553554552299785     
          18          28   1.3588730275988283     
          28          29  0.96010421208200070     
           8          30   1.0298447128044153     
          30          31  0.98042621676360564     
          30          32  0.97238017927076870     
          30          33  0.97314569572777787     
           7          34   1.0291424496587307     
          34          35  0.97342457660938808     
          34          36  0.97304204702151775     
          34          37  0.98042218724267660     
          11          38   1.0335056805921203     
          38          39  0.97623081648393373     
          38          40  0.96722473269081144     
          38          41  0.97741224410758931     
          12          42   1.1046943550116404     
          42          43  0.95827262592112084     
          42          44   1.8867337058893818     
          44          45  0.97571327609762182     
          44          46  0.97932195892334106     
          15          47   1.0328657975251689     
          47          48  0.97759452155721560     
          47          49  0.97627716844516188     
          47          50  0.96772926727338571     
          16          51   1.1034896015501503     
          51          52  0.95843969407462937     
          51          53   1.8878237131614242     
          53          54  0.97576900398324884     
          53          55  0.97931905683481602     
          19          56   1.0293372560979188     
          56          57  0.97294890730337946     
          56          58  0.97304848580650094     
          56          59  0.98045857770837086     
          20          60   1.0288787306196683     
          60          61  0.98048967142014831     
          60          62  0.97322041463218034     
          60          63  0.97338308823830610     
           1          64  0.26289606801564386     
          64          65  0.88386311457344302     
          64          66  0.88417409411920422     
          67          68  0.97092603331055316     
          67          69  0.97099280899093232     
          67          70  0.98186000140148588     
          71          72  0.94125340583024864     
          67          73   1.0317527637869779     
          71          73   1.1886483021755985     
          71          74   1.2620233242487395     
          73          74  0.11215493943715726     
          74          75  0.95382118600557475     
           1          76  0.51003535376069797     
          74          76   1.4790627952294497     
          73          77   1.5600095213263709     
          76          77   1.2461219422659064     
          77          78  0.95871262091129439     
