           1           2  0.58528738572935768     
           1           3  0.58390334800748733     
           1           4  0.59624830902860571     
           1           5  0.59777642660730634     
           2           6   1.2472247396471452     
           6           7   1.1373226322772498     
           7           8   1.5979864042823040     
           2           9   1.2373067227623522     
           8           9   1.1363038253412807     
           3          10   1.2351057788694746     
          10          11   1.1625752144689541     
          11          12   1.5246202327406169     
           3          13   1.2503426136180928     
          12          13   1.1226730116360306     
           4          14   1.2398516377939832     
          14          15   1.1499357139697755     
          15          16   1.5374028669217361     
           4          17   1.2617913942032430     
          16          17   1.1129269683449838     
           5          18   1.2507972265609024     
          18          19   1.1259991607805817     
          19          20   1.6100953931824002     
           5          21   1.2497524836924350     
          20          21   1.1261818473822685     
           6          22   1.3535902724499698     
          21          22   1.3623177151086991     
          22          23  0.96201095928296454     
           9          24   1.3652227933416630     
          10          24   1.3414557207883777     
          24          25  0.96080260630761738     
          13          26   1.3604958879945470     
          14          26   1.3517247121410536     
          26          27  0.95859942373816809     
          17          28   1.3543917561185983     
          18          28   1.3603184023533879     
          28          29  0.96003982992209735     
           8          30   1.0287477905449642     
          30          31  0.98044339593626562     
          30          32  0.97331723919146695     
          30          33  0.97346316439596803     
           7          34   1.0293713467506698     
          34          35  0.97282797170385749     
          34          36  0.97312396941803292     
          34          37  0.98049122313272519     
          11          38   1.0322663050405754     
          38          39  0.97669176029015092     
          38          40  0.96825539894536261     
          38          41  0.97735475552237805     
          12          42   1.1047537104188492     
          42          43  0.95835434247343154     
          42          44   1.8865895217414597     
          44          45  0.97579803918780250     
          44          46  0.97933110484120411     
          15          47   1.0332691507067890     
          47          48  0.97593922565015001     
          47          49  0.96777477043443860     
          47          50  0.97753245767480323     
          16          51   1.1035043620710825     
          51          52  0.95824838659638578     
          51          53   1.8880114561268018     
          53          54  0.97578929576502527     
          53          55  0.97928872915154452     
          19          56   1.0298920472503978     
          56          57  0.97248780318608363     
          56          58  0.97296000400627680     
          56          59  0.98042216142345928     
          20          60   1.0295494757458381     
          60          61  0.98042376977200463     
          60          62  0.97317600211651589     
          60          63  0.97283276105384642     
           1          64  0.26218259418803747     
          64          65  0.88377918343144868     
          64          66  0.88416490908050582     
          67          68  0.97090558522423498     
          67          69  0.97100956089347623     
          67          70  0.98184166649374882     
          71          72  0.94121260207177004     
          67          73   1.0317130606680389     
          71          73   1.1887649233915889     
          71          74   1.2621193527126964     
          73          74  0.11199430000408264     
          74          75  0.95478761271040291     
           1          76  0.50940535339816140     
          74          76   1.4798595913032164     
          73          77   1.5603096047598746     
          76          77   1.2457735128033780     
          77          78  0.95767350714699273     
