           1           2  0.59736582227748491     
           1           3  0.59671210455897394     
           1           4  0.58512827668781620     
           1           5  0.58611016056963228     
           2           6   1.2525595395646825     
           6           7   1.1277577977389366     
           7           8   1.6084498676170131     
           2           9   1.2449990183755091     
           8           9   1.1275663265560727     
           3          10   1.2438638734577525     
          10          11   1.1527376878037041     
          11          12   1.5348580188919736     
           3          13   1.2547750758177756     
          12          13   1.1131891708508621     
           4          14   1.2348496271744913     
          14          15   1.1608378723984811     
          15          16   1.5260441188460436     
           4          17   1.2534158592179194     
          16          17   1.1213742198312142     
           5          18   1.2426681259205412     
          18          19   1.1352507806312664     
          19          20   1.5992329271335073     
           5          21   1.2443889860037827     
          20          21   1.1359919311047995     
           6          22   1.3573718928241247     
          21          22   1.3583785087367883     
          22          23  0.96202604056659569     
           9          24   1.3673588600193007     
          10          24   1.3432429455453085     
          24          25  0.96059603537958937     
          13          26   1.3654621997159297     
          14          26   1.3466612429751521     
          26          27  0.95853509959716621     
          17          28   1.3531366997424619     
          18          28   1.3582382635330659     
          28          29  0.96024966891311503     
           8          30   1.0294182084729875     
          30          31  0.98042434532314859     
          30          32  0.97338983455487649     
          30          33  0.97267715327461535     
           7          34   1.0295549196384943     
          34          35  0.97270148300556425     
          34          36  0.97324233573059327     
          34          37  0.98042981547381192     
          11          38   1.0329733338534417     
          38          39  0.97607098817722204     
          38          40  0.96811816016476504     
          38          41  0.97728342380420052     
          12          42   1.1049082696362009     
          42          43  0.95833505451256351     
          42          44   1.8864152665241833     
          44          45  0.97583871521773424     
          44          46  0.97933286364660521     
          15          47   1.0331365095447433     
          47          48  0.97605087042726690     
          47          49  0.96759814362395968     
          47          50  0.97752094553697122     
          16          51   1.1042497578975130     
          51          52  0.95861203999365685     
          51          53   1.8867689955429121     
          53          54  0.97578657321727991     
          53          55  0.97933783497414761     
          19          56   1.0291919324307519     
          56          57  0.97328567629067353     
          56          58  0.97290445479391885     
          56          59  0.98044865098275091     
          20          60   1.0293360829926286     
          60          61  0.98048748551772902     
          60          62  0.97307547313677500     
          60          63  0.97297818957644600     
           1          64  0.26222663495453641     
          64          65  0.88386102475958128     
          64          66  0.88402673230404760     
          67          68  0.97096159584312158     
          67          69  0.97097241521951894     
          67          70  0.98186061170048156     
          71          72  0.94114512306238440     
          67          73   1.0317740113688110     
          71          73   1.1887271143550389     
          71          74   1.2626776856675450     
          73          74  0.11245803774354404     
          74          75  0.95288187208616715     
           1          76  0.50891325061350112     
          74          76   1.4787060889926757     
          73          77   1.5596171172175333     
          76          77   1.2469983218588299     
          77          78  0.95964069531631602     
