    0.44067557
   -0.21116285
   -0.20952449
   -0.22728332
   -0.22878331
    0.05249773
   -0.02906964
   -0.02983642
    0.05276318
    0.05330499
   -0.02113402
   -0.03148953
    0.05597052
    0.05057221
   -0.02214217
   -0.03479383
    0.05115269
    0.04816829
   -0.03233972
   -0.03073377
    0.04961618
   -0.07044933
    0.03639556
   -0.06931877
    0.03696094
   -0.06867289
    0.03600134
   -0.07600453
    0.03264144
   -0.09898278
    0.03451545
    0.03371307
    0.03838795
   -0.09899196
    0.03734868
    0.03513345
    0.03435526
   -0.10069670
    0.03721780
    0.03505860
    0.04360953
   -0.02647684
    0.02532233
   -0.09740764
    0.03347673
    0.02313094
   -0.10047499
    0.03496597
    0.03754604
    0.04219615
   -0.02774695
    0.02345440
   -0.09715098
    0.03439911
    0.02252677
   -0.09828779
    0.03478375
    0.03555593
    0.03361308
   -0.09891780
    0.03386471
    0.03572592
    0.03567835
   -0.48084219
    0.32135007
    0.32134427
   -0.11782904
    0.05676345
    0.05640376
    0.06387545
   -0.08379539
    0.17439177
    0.03833363
    0.07268092
    0.07011480
   -0.13162730
   -0.00287160
    0.06727981
