    0.44067930
   -0.23369816
   -0.23277980
   -0.20492085
   -0.20591232
    0.04908716
   -0.03102393
   -0.03399890
    0.04510193
    0.04551706
   -0.02559914
   -0.03357751
    0.05247479
    0.05382775
   -0.01994654
   -0.03082143
    0.05897838
    0.05586073
   -0.02811737
   -0.02866029
    0.05337155
   -0.07025306
    0.03651837
   -0.07953438
    0.03182624
   -0.06903719
    0.03600549
   -0.06574444
    0.03759907
   -0.09795328
    0.03449356
    0.03360504
    0.03342162
   -0.09894384
    0.03558145
    0.03350237
    0.03623050
   -0.09965242
    0.03365400
    0.03467593
    0.04203591
   -0.02745855
    0.02482302
   -0.09698145
    0.03346378
    0.02302168
   -0.10050980
    0.03566648
    0.03740257
    0.04348644
   -0.02678115
    0.02674968
   -0.09734086
    0.03411179
    0.02316430
   -0.09930520
    0.03873704
    0.03580019
    0.03458169
   -0.09901071
    0.03476135
    0.03533013
    0.03693225
   -0.48075476
    0.32137442
    0.32123349
   -0.11804010
    0.05691804
    0.05652624
    0.06403288
   -0.08433799
    0.17430184
    0.03873241
    0.07303331
    0.06959726
   -0.13165390
   -0.00325478
    0.06777360
