           1           2  0.58548911869091258     
           1           3  0.58376308362539697     
           1           4  0.59615393512836956     
           1           5  0.59785035931165509     
           2           6   1.2472521212025229     
           6           7   1.1372512065094587     
           7           8   1.5980693970154194     
           2           9   1.2373366051102432     
           8           9   1.1362136381045793     
           3          10   1.2350580166931271     
          10          11   1.1626927353537211     
          11          12   1.5244696409887599     
           3          13   1.2503028335757793     
          12          13   1.1227410210332740     
           4          14   1.2397529983875506     
          14          15   1.1500833737356233     
          15          16   1.5371774982110558     
           4          17   1.2617555065445933     
          16          17   1.1130239001655096     
           5          18   1.2508236879869048     
          18          19   1.1259317928747299     
          19          20   1.6101557309159311     
           5          21   1.2498167207103761     
          20          21   1.1261261523480337     
           6          22   1.3536425901149318     
          21          22   1.3623181815185423     
          22          23  0.96200564322989290     
           9          24   1.3652727931111128     
          10          24   1.3414183800564985     
          24          25  0.96078928690000542     
          13          26   1.3604839045013202     
          14          26   1.3516851102847731     
          26          27  0.95858151281779103     
          17          28   1.3543834753814801     
          18          28   1.3603429938512981     
          28          29  0.96003376899824366     
           8          30   1.0287494413560989     
          30          31  0.97346914106642701     
          30          32  0.98044354937036415     
          30          33  0.97331026208010007     
           7          34   1.0293808160126234     
          34          35  0.97281234600707323     
          34          36  0.97312802985067393     
          34          37  0.98049207035153130     
          11          38   1.0322726175717318     
          38          39  0.97669244962199486     
          38          40  0.96824681900184473     
          38          41  0.97734404085169824     
          12          42   1.1048030556046324     
          42          43  0.95835200831442124     
          42          44   1.8865335550433235     
          44          45  0.97579685819069695     
          44          46  0.97933243957895078     
          15          47   1.0332682053840778     
          47          48  0.97597365157678984     
          47          49  0.96776161427905749     
          47          50  0.97749558352503763     
          16          51   1.1036413078824712     
          51          52  0.95825680775843158     
          51          53   1.8878685288158119     
          53          54  0.97578415675006136     
          53          55  0.97929215883289022     
          19          56   1.0298932799885152     
          56          57  0.97248957960764160     
          56          58  0.97295857881795533     
          56          59  0.98042116011560076     
          20          60   1.0295577535634530     
          60          61  0.98042391178555977     
          60          62  0.97320104246488581     
          60          63  0.97279721392759089     
           1          64  0.26218817953236595     
          64          65  0.88379107824814429     
          64          66  0.88417456781596115     
          67          68  0.97073451041859338     
          67          69  0.97117743481729235     
          67          70  0.98183817320712974     
          71          72  0.94121286695464701     
          67          73   1.0317192222043767     
          71          73   1.1887678502797376     
          71          74   1.2621054920901553     
          73          74  0.11199237396253695     
          74          75  0.95480331472437019     
           1          76  0.50938228530108021     
          74          76   1.4798690895699751     
          73          77   1.5603079940687448     
          76          77   1.2457741553774480     
          77          78  0.95767524115119229     
