    0.39481809
   -0.20463515
   -0.20343848
   -0.21459318
   -0.21525958
    0.05211937
   -0.03029675
   -0.03265069
    0.05171259
    0.05191038
   -0.02700683
   -0.03245622
    0.05721919
    0.05101728
   -0.02585681
   -0.03687712
    0.05119147
    0.04599694
   -0.03450367
   -0.03177054
    0.05094275
   -0.06937482
    0.03304171
   -0.07303284
    0.03050591
   -0.06841256
    0.03867551
   -0.07904460
    0.03500221
   -0.09697717
    0.03199803
    0.03357100
    0.03321892
   -0.09740218
    0.03411989
    0.03420987
    0.03210608
   -0.09765060
    0.03407733
    0.03452614
    0.03508864
   -0.02562286
    0.02335996
   -0.09722324
    0.03100033
    0.02135710
   -0.09823549
    0.03597327
    0.03566122
    0.03503744
   -0.02614739
    0.02277578
   -0.09842364
    0.02739290
    0.02054932
   -0.09657706
    0.03312510
    0.03252869
    0.03195946
   -0.09728712
    0.03183987
    0.03389489
    0.03427311
   -0.11591924
    0.05433714
    0.05411229
    0.06141899
   -0.08645198
    0.17168061
    0.03649393
    0.07534306
    0.06828865
   -0.12648821
   -0.00181394
    0.06477065
   -0.11595995
    0.05410018
    0.05467045
    0.06162663
   -0.08643067
    0.17165889
    0.03676062
    0.07521980
    0.06772724
   -0.12560043
   -0.00116849
    0.06458262
