    0.46501921
   -0.21883399
   -0.22882785
   -0.24423620
   -0.23630137
    0.05509911
   -0.02778167
   -0.02809482
    0.05614223
    0.05506089
   -0.02083290
   -0.03151892
    0.05391938
    0.04853178
   -0.02212929
   -0.03145242
    0.05399294
    0.05191831
   -0.02808460
   -0.02767673
    0.05446106
   -0.06813438
    0.03945013
   -0.06796761
    0.03809105
   -0.07431712
    0.03553909
   -0.07211780
    0.03776489
   -0.10008196
    0.03606280
    0.03940070
    0.03631746
   -0.09998476
    0.03716733
    0.03873065
    0.03594244
   -0.10136369
    0.03708829
    0.03791668
    0.04412668
   -0.02747320
    0.02566994
   -0.09558810
    0.03549408
    0.02534001
   -0.10110304
    0.03921574
    0.03572451
    0.04348230
   -0.02755446
    0.02546622
   -0.09458577
    0.03701729
    0.02584098
   -0.09991712
    0.04014310
    0.03616355
    0.03609563
   -0.10011474
    0.03903144
    0.03616070
    0.03737060
   -0.47997875
    0.32480345
    0.32514054
   -0.07619802
    0.07113360
    0.07457893
    0.07591008
   -0.11057746
    0.16530294
