    0.42870671
   -0.21811122
   -0.21752647
   -0.22345388
   -0.22416836
    0.05265197
   -0.02992237
   -0.02819374
    0.05504457
    0.05372140
   -0.02156359
   -0.03477556
    0.05527888
    0.05199527
   -0.02447673
   -0.03390771
    0.05529353
    0.05321034
   -0.03077102
   -0.03310153
    0.04961701
   -0.07425767
    0.03358835
   -0.06733916
    0.03629289
   -0.07252007
    0.03118618
   -0.07139029
    0.03200799
   -0.09868641
    0.03780498
    0.03417543
    0.03528054
   -0.09818343
    0.03772160
    0.03302011
    0.03419267
   -0.10008685
    0.03535392
    0.03671292
    0.04203613
   -0.02725526
    0.02298670
   -0.09718630
    0.03399317
    0.02237304
   -0.09884726
    0.03288513
    0.03627738
    0.04116375
   -0.02725160
    0.02297692
   -0.09665433
    0.03412760
    0.02216236
   -0.09771713
    0.03547421
    0.03522475
    0.03305322
   -0.09786830
    0.03350306
    0.03264462
    0.03601787
   -0.11713216
    0.05580473
    0.05611619
    0.06345936
   -0.08479238
    0.17364064
    0.03786686
    0.07413273
    0.06949062
   -0.13071914
   -0.00203439
    0.06650372
   -0.10810894
    0.04526970
    0.05779023
    0.04848918
   -0.02073564
    0.05746906
    0.05073977
   -0.06017463
   -0.07242109
    0.06410168
    0.05926857
    0.07143441
