           1           2  0.59507398282009227     
           1           3  0.60193732579131831     
           1           4  0.58136522218382780     
           1           5  0.58618921473067187     
           2           6   1.2497107446606122     
           6           7   1.1311096177801208     
           7           8   1.6047104431511112     
           2           9   1.2444575102680875     
           8           9   1.1298383836927137     
           3          10   1.2430987023162978     
          10          11   1.1510619091858219     
          11          12   1.5372101687405031     
           3          13   1.2530360586967857     
          12          13   1.1118278787824853     
           4          14   1.2328196510335467     
          14          15   1.1630893216276830     
          15          16   1.5236692447613933     
           4          17   1.2525380395351533     
          16          17   1.1235966223089322     
           5          18   1.2443100138142351     
          18          19   1.1320294778720006     
          19          20   1.6024994304352655     
           5          21   1.2446727915910036     
          20          21   1.1333124851308727     
           6          22   1.3526358513505454     
          21          22   1.3600318980825259     
          22          23  0.96202597990732641     
           9          24   1.3660192238221220     
          10          24   1.3469637540803368     
          24          25  0.96045855353291620     
          13          26   1.3659339511247088     
          14          26   1.3435646409238087     
          26          27  0.95849273609144769     
          17          28   1.3530039027009544     
          18          28   1.3610277429677324     
          28          29  0.96029988610434125     
           8          30   1.0295974483085428     
          30          31  0.98050263303537499     
          30          32  0.97257483791514965     
          30          33  0.97326232503335020     
           7          34   1.0289513576336815     
          34          35  0.97363821733805844     
          34          36  0.97291750904953267     
          34          37  0.98051577591194317     
          11          38   1.0333652067899177     
          38          39  0.97616222738845537     
          38          40  0.96740091949844231     
          38          41  0.97746395139497266     
          12          42   1.1043959577984532     
          42          43  0.95817544524929388     
          42          44   1.8870231183462853     
          44          45  0.97573191739986709     
          44          46  0.97932051710695778     
          15          47   1.0328491715082437     
          47          48  0.97653493873982455     
          47          49  0.96765016871035625     
          47          50  0.97749752640670884     
          16          51   1.1041530892078140     
          51          52  0.95875174956378961     
          51          53   1.8870294663789184     
          53          54  0.97573260098021153     
          53          55  0.97934141816606024     
          19          56   1.0293612449820946     
          56          57  0.97302794722303232     
          56          58  0.97311963554872560     
          56          59  0.98055655563731048     
          20          60   1.0291424433180982     
          60          61  0.97327076408629021     
          60          62  0.98060998238116692     
          60          63  0.97249022358977444     
          64          65  0.97087778303406846     
          64          66  0.97110542384099330     
          64          67  0.98187110532995203     
          68          69  0.94128012376633974     
          64          70   1.0317245885468169     
          68          70   1.1885029853074545     
          68          71   1.2623710485930639     
          70          71  0.11227267727039505     
          71          72  0.95404016763615951     
           1          73  0.50520905251359383     
          71          73   1.4795820621440972     
          70          74   1.5599020026976984     
          73          74   1.2464909396981911     
          74          75  0.95884404581441440     
          76          77  0.96879786528456868     
          76          78  0.98233415502592580     
          76          79  0.98227424941107544     
          76          80   1.0242890151721558     
          80          81   1.4049005674756372     
          81          82  0.96896011268303450     
          81          83   1.4560704312068982     
          83          84  0.96434383110120103     
          83          85   1.3689572727463344     
           1          86  0.23587930200931320     
          85          86   1.0228355516422976     
          86          87  0.85571406879243317     
          80          88   1.4104647735380915     
          83          88  0.10784898258804343     
          88          89  0.96916440422722450     
          81          90  0.10574349324129899     
          85          90   1.3793802795752628     
          88          90   1.4473470102722108     
          90          91  0.96443680670150045     
