           1           2  0.58595452183261287     
           1           3  0.59722851450750225     
           1           4  0.59594307809070313     
           1           5  0.58381522468626168     
           2           6   1.2445482878086547     
           6           7   1.1369193758511014     
           7           8   1.5981675525473635     
           2           9   1.2399914569382804     
           8           9   1.1364927652507111     
           3          10   1.2438763485080730     
          10          11   1.1498901977350187     
          11          12   1.5381083561529985     
           3          13   1.2572591059747429     
          12          13   1.1116653378159715     
           4          14   1.2415943979871447     
          14          15   1.1507106204293012     
          15          16   1.5363421057422069     
           4          17   1.2597173600783811     
          16          17   1.1128765447327849     
           5          18   1.2435201389976795     
          18          19   1.1379254048000447     
          19          20   1.5963202723783207     
           5          21   1.2417246165170170     
          20          21   1.1381368523158797     
           6          22   1.3541088809843169     
          21          22   1.3562014619437817     
          22          23  0.96233449628998946     
           9          24   1.3650220495801666     
          10          24   1.3473498586835917     
          24          25  0.96062462903335777     
          13          26   1.3630457611081666     
          14          26   1.3480752775175202     
          26          27  0.95866330913699427     
          17          28   1.3581201243538994     
          18          28   1.3574821136519490     
          28          29  0.96008378472782363     
           8          30   1.0293997337406902     
          30          31  0.98047352336426519     
          30          32  0.97276508051724919     
          30          33  0.97315646145462709     
           7          34   1.0287314442677751     
          34          35  0.97323131445799549     
          34          36  0.97357533570697996     
          34          37  0.98046452689611063     
          11          38   1.0331694162036520     
          38          39  0.96786066818185512     
          38          40  0.97603446966384655     
          38          41  0.97745958278879996     
          12          42   1.1039316420353513     
          42          43  0.95819531068350039     
          42          44   1.8875242164290356     
          44          45  0.97581446026779262     
          44          46  0.97930003257072928     
          15          47   1.0334448070260862     
          47          48  0.96765293940603914     
          47          49  0.97589530773432165     
          47          50  0.97734926943378342     
          16          51   1.1043300418657327     
          51          52  0.95840566249559411     
          51          53   1.8870879423339524     
          53          54  0.97577684659299180     
          53          55  0.97932403679459512     
          19          56   1.0295229877547463     
          56          57  0.97315822375488814     
          56          58  0.97257114205128903     
          56          59  0.98048180269653462     
          20          60   1.0286823213624068     
          60          61  0.98048431330473818     
          60          62  0.97353425255926207     
          60          63  0.97335165664476420     
           1          64  0.26226841919045313     
          64          65  0.88374149817352676     
          64          66  0.88391680712609344     
          67          68  0.97072939182748419     
          67          69  0.97116151268532769     
          67          70  0.98181346882572562     
          71          72  0.94125446157484838     
          67          73   1.0317400585183474     
          71          73   1.1887041790084223     
          71          74   1.2620002598992890     
          73          74  0.11201725045723868     
          74          75  0.95483057699933493     
           1          76  0.50948086854017571     
          74          76   1.4798011486387017     
          73          77   1.5603141930335163     
          76          77   1.2457829069380291     
          77          78  0.95759641240756876     
