    0.44103067
   -0.21092302
   -0.20435815
   -0.22753806
   -0.23434264
    0.05033526
   -0.03058031
   -0.02800854
    0.05517069
    0.05615851
   -0.01898238
   -0.03183976
    0.05641183
    0.04970466
   -0.02331602
   -0.03390791
    0.05174611
    0.04802740
   -0.03187985
   -0.03317010
    0.04620916
   -0.07570200
    0.03434310
   -0.06433777
    0.03901092
   -0.07070500
    0.03488909
   -0.07371379
    0.03379394
   -0.09945934
    0.03445575
    0.03916078
    0.03517830
   -0.09852494
    0.03322581
    0.03714655
    0.03448167
   -0.10113118
    0.03491963
    0.03986289
    0.04275317
   -0.02696241
    0.02381419
   -0.09685452
    0.03568192
    0.02303110
   -0.10042655
    0.03674067
    0.03550476
    0.04205066
   -0.02752097
    0.02348690
   -0.09700629
    0.03447695
    0.02249238
   -0.09838234
    0.03570198
    0.03530169
    0.03339611
   -0.09836216
    0.03322219
    0.03367179
    0.03589334
   -0.48052489
    0.32113274
    0.32158888
   -0.11785552
    0.05682714
    0.05647405
    0.06386174
   -0.08417952
    0.17417646
    0.03855898
    0.07267411
    0.06983518
   -0.13155339
   -0.00300768
    0.06744520
