    0.44059713
   -0.20971521
   -0.21141478
   -0.22812791
   -0.22733135
    0.05311444
   -0.02880541
   -0.02970597
    0.05296237
    0.05305786
   -0.02141087
   -0.03185750
    0.05527543
    0.04977992
   -0.02242881
   -0.03483399
    0.05157642
    0.04788243
   -0.03241137
   -0.03044016
    0.05042054
   -0.06942754
    0.03674643
   -0.06934558
    0.03705660
   -0.06983590
    0.03567804
   -0.07611206
    0.03258230
   -0.09896731
    0.03458588
    0.03900402
    0.03310625
   -0.09906197
    0.03511990
    0.03766381
    0.03439491
   -0.10065267
    0.03288161
    0.03999883
    0.04214794
   -0.02689108
    0.02367088
   -0.09679102
    0.03574623
    0.02313793
   -0.10027636
    0.03470288
    0.03738216
    0.04213110
   -0.02770807
    0.02349262
   -0.09726203
    0.03432374
    0.02259645
   -0.09823998
    0.03491964
    0.03528336
    0.03365854
   -0.09898912
    0.03573895
    0.03389542
    0.03599134
   -0.48039823
    0.32125163
    0.32141669
   -0.11774268
    0.05638364
    0.05671141
    0.06368579
   -0.08388409
    0.17432811
    0.03830775
    0.07265932
    0.07002152
   -0.13138520
   -0.00290228
    0.06728635
