           1           2  0.59852726208709606     
           1           3  0.59480282608876844     
           1           4  0.58404834420060103     
           1           5  0.58692850985096501     
           2           6   1.2529549421793440     
           6           7   1.1272095185863102     
           7           8   1.6091364176322420     
           2           9   1.2450973157885199     
           8           9   1.1269583653897857     
           3          10   1.2436494469772981     
          10          11   1.1535930981692526     
          11          12   1.5346424634778528     
           3          13   1.2543984657743117     
          12          13   1.1137533615313155     
           4          14   1.2349281928128086     
          14          15   1.1607914709392511     
          15          16   1.5262005453252196     
           4          17   1.2535048576266066     
          16          17   1.1213917994896327     
           5          18   1.2429453460817610     
          18          19   1.1348513202287769     
          19          20   1.5996344330287440     
           5          21   1.2448627015119682     
          20          21   1.1356455616679701     
           6          22   1.3575168204048040     
          21          22   1.3583734843580206     
          22          23  0.96201223296186389     
           9          24   1.3678203125022930     
          10          24   1.3426960796112271     
          24          25  0.96049924053946967     
          13          26   1.3652731872757125     
          14          26   1.3466809609183024     
          26          27  0.95852409305258601     
          17          28   1.3535736744073257     
          18          28   1.3580304882142376     
          28          29  0.96007985819890584     
           8          30   1.0294214450485430     
          30          31  0.98042308314842286     
          30          32  0.97282316823511106     
          30          33  0.97324626863976760     
           7          34   1.0295877324835070     
          34          35  0.97328999412237249     
          34          36  0.97260937387741120     
          34          37  0.98043818983184883     
          11          38   1.0330326048346945     
          38          39  0.97651759598308174     
          38          40  0.96740572833152549     
          38          41  0.97748221885712172     
          12          42   1.1045372742756465     
          42          43  0.95834056715391336     
          42          44   1.8868887051084877     
          44          45  0.97567836529241059     
          44          46  0.97930841696428250     
          15          47   1.0330242743827014     
          47          48  0.97622080531984001     
          47          49  0.96763986890369635     
          47          50  0.97753626967457552     
          16          51   1.1041724847198819     
          51          52  0.95839224934650757     
          51          53   1.8870494377159737     
          53          54  0.97577766574494895     
          53          55  0.97934013376204565     
          19          56   1.0291619826564387     
          56          57  0.97283414917152755     
          56          58  0.97340983983553375     
          56          59  0.98044298182273804     
          20          60   1.0293825366272509     
          60          61  0.97322374401549927     
          60          62  0.98049408222778367     
          60          63  0.97278250158640600     
           1          64  0.26276823933193000     
          64          65  0.88448891641413474     
          64          66  0.88386046813783326     
          67          68  0.97100286612822817     
          67          69  0.97094831567395568     
          67          70  0.98189417331128803     
          71          72  0.94116849854079254     
          67          73   1.0317580276294800     
          71          73   1.1886746211671346     
          71          74   1.2625082148681273     
          73          74  0.11242220642269424     
          74          75  0.95293067341626281     
           1          76  0.50917652056239193     
          74          76   1.4787058853276274     
          73          77   1.5596094921291432     
          76          77   1.2468833898158402     
          77          78  0.95970535253829237     
