    0.44104859
   -0.23376153
   -0.23304391
   -0.20513926
   -0.20536526
    0.04909305
   -0.03110125
   -0.03422892
    0.04463328
    0.04563201
   -0.02565494
   -0.03374194
    0.05234898
    0.05324204
   -0.02337588
   -0.03029150
    0.06099949
    0.05541380
   -0.02815823
   -0.02885094
    0.05338731
   -0.06997693
    0.03641517
   -0.07974799
    0.03160901
   -0.06972632
    0.03569377
   -0.06600397
    0.04309687
   -0.09790492
    0.03354532
    0.03485302
    0.03288084
   -0.09894946
    0.03544380
    0.03631992
    0.03344752
   -0.09958445
    0.03221680
    0.03622381
    0.04131882
   -0.02753775
    0.02432474
   -0.09686424
    0.03431439
    0.02296580
   -0.09955853
    0.03599934
    0.03871820
    0.03759691
   -0.02625577
    0.02516385
   -0.09592850
    0.03642319
    0.02430160
   -0.09955960
    0.03571192
    0.03918101
    0.03460132
   -0.09897747
    0.03501683
    0.03466616
    0.03702913
   -0.48080735
    0.32124921
    0.32125071
   -0.11797461
    0.05654143
    0.05674284
    0.06384143
   -0.08448947
    0.17422388
    0.03863714
    0.07304220
    0.06943829
   -0.13153818
   -0.00329655
    0.06755091
