    0.46589571
   -0.21831100
   -0.24862406
   -0.24417374
   -0.21712930
    0.05727738
   -0.02680069
   -0.02880172
    0.05432285
    0.04956589
   -0.02378367
   -0.03400212
    0.04940238
    0.04839518
   -0.02250956
   -0.03086119
    0.05422391
    0.05606829
   -0.02563621
   -0.02522870
    0.05940805
   -0.06389876
    0.04155924
   -0.07256956
    0.03583926
   -0.07762574
    0.03386396
   -0.06927449
    0.03950234
   -0.09971771
    0.03610797
    0.03832119
    0.03603842
   -0.10038453
    0.03736949
    0.04003825
    0.03600446
   -0.10092292
    0.03709978
    0.03596144
    0.04294443
   -0.02830411
    0.02440211
   -0.09526174
    0.03566816
    0.02513132
   -0.10080090
    0.03911524
    0.03494088
    0.04338251
   -0.02758086
    0.02618601
   -0.09444643
    0.03704225
    0.02606394
   -0.10029095
    0.03998064
    0.03799679
    0.03684465
   -0.10053072
    0.03882777
    0.03686587
    0.03952995
   -0.47972804
    0.32517257
    0.32494345
   -0.07598865
    0.07095595
    0.07423997
    0.07612724
   -0.11184062
    0.16640152
