           1           2  0.58230938296059542     
           1           3  0.56721856606900511     
           1           4  0.56652129740390600     
           1           5  0.58256249225285506     
           2           6   1.2565358513843785     
           6           7   1.1262876250350429     
           7           8   1.6103896399401694     
           2           9   1.2443131717818403     
           8           9   1.1257407448854788     
           3          10   1.2343028253386876     
          10          11   1.1628746800999901     
          11          12   1.5262060411991114     
           3          13   1.2471124297457463     
          12          13   1.1242122060150577     
           4          14   1.2318448801801440     
          14          15   1.1592457705721424     
          15          16   1.5291757866478410     
           4          17   1.2534975956465437     
          16          17   1.1235147904403935     
           5          18   1.2502976474952161     
          18          19   1.1232295212720800     
          19          20   1.6132542006853572     
           5          21   1.2520745300017713     
          20          21   1.1235501602728275     
           6          22   1.3564748000576490     
          21          22   1.3638305927396639     
          22          23  0.96148680300631018     
           9          24   1.3700396043380434     
          10          24   1.3419877028502507     
          24          25  0.96041557554665391     
          13          26   1.3614587525306943     
          14          26   1.3502101587820272     
          26          27  0.95847225841236661     
          17          28   1.3540694453715520     
          18          28   1.3651071284335090     
          28          29  0.95968528264379116     
           8          30   1.0300855933403308     
          30          31  0.98023254969150742     
          30          32  0.97253910020451084     
          30          33  0.97266039969463214     
           7          34   1.0305684086006566     
          34          35  0.97279802311366037     
          34          36  0.97171755528459136     
          34          37  0.98026986787661441     
          11          38   1.0332894137215003     
          38          39  0.96740943281908987     
          38          40  0.97603930630820002     
          38          41  0.97729586747285724     
          12          42   1.1020214123744090     
          42          43  0.95825761079703442     
          42          44   1.8899623355114914     
          44          45  0.97569688928884613     
          44          46  0.97918941817525607     
          15          47   1.0335283778352771     
          47          48  0.96717639425758761     
          47          49  0.97600311365510939     
          47          50  0.97727104199993886     
          16          51   1.1013151862656687     
          51          52  0.95840077214570352     
          51          53   1.8911180512059067     
          53          54  0.97553538581184807     
          53          55  0.97909909983376331     
          19          56   1.0307146296949410     
          56          57  0.97194391822988258     
          56          58  0.97245335530579058     
          56          59  0.98019104423453363     
          20          60   1.0307208054150778     
          60          61  0.97248561560632074     
          60          62  0.98023158989446890     
          60          63  0.97198042782169403     
           1          64  0.27448867536923871     
          64          65  0.88003006384226201     
          64          66  0.87988293930851791     
          67          68  0.98097974614532690     
          67          69  0.97870013006468970     
          67          70  0.97452493896425108     
           1          71  0.43947757642555163     
          67          71  0.99311169113235842     
          71          72  0.94188631941555323     
