           1           2  0.57440634164147764     
           1           3  0.57754851213704317     
           1           4  0.57908623450880437     
           1           5  0.57432294526333050     
           2           6   1.2488735450913016     
           6           7   1.1339041587003593     
           7           8   1.6022300224281052     
           2           9   1.2429723341335501     
           8           9   1.1329245005276014     
           3          10   1.2424890432354223     
          10          11   1.1554929921721859     
          11          12   1.5317754649835535     
           3          13   1.2548740620988712     
          12          13   1.1155907041423967     
           4          14   1.2409968426151676     
          14          15   1.1494841725019729     
          15          16   1.5386073955903230     
           4          17   1.2623663395494795     
          16          17   1.1121326411945582     
           5          18   1.2509750715887189     
          18          19   1.1328408979909577     
          19          20   1.6016747762091084     
           5          21   1.2460699399532897     
          20          21   1.1336216696892107     
           6          22   1.3513555110858824     
          21          22   1.3557141787651625     
          22          23  0.96253698744120286     
           9          24   1.3632099133306821     
          10          24   1.3424526090620477     
          24          25  0.96101474494834771     
          13          26   1.3573775292302741     
          14          26   1.3498342391485796     
          26          27  0.95873402492436055     
          17          28   1.3577585939115884     
          18          28   1.3562764153743598     
          28          29  0.95994642487929893     
           8          30   1.0290778665267732     
          30          31  0.98050974047775685     
          30          32  0.97273641868891925     
          30          33  0.97361767941426458     
           7          34   1.0286062036476165     
          34          35  0.97393742761969493     
          34          36  0.97299568920109247     
          34          37  0.98050946503903602     
          11          38   1.0327259765630579     
          38          39  0.96789539964710747     
          38          40  0.97650630915093606     
          38          41  0.97767115868264054     
          12          42   1.1035903525647477     
          42          43  0.95859938480975293     
          42          44   1.8876481549762363     
          44          45  0.97581681735639159     
          44          46  0.97932215290524294     
          15          47   1.0334028421461465     
          47          48  0.96739627059247191     
          47          49  0.97592067151584594     
          47          50  0.97758797856268387     
          16          51   1.1036164371030484     
          51          52  0.95823788313035185     
          51          53   1.8880150558900342     
          53          54  0.97568507784186997     
          53          55  0.97929046283686905     
          19          56   1.0296433617350065     
          56          57  0.97260316298321836     
          56          58  0.97302750499579782     
          56          59  0.98051162592206242     
          20          60   1.0286232747437349     
          60          61  0.97319683071205765     
          60          62  0.98051696001261912     
          60          63  0.97381978766194621     
          64          65  0.97108958450658966     
          64          66  0.97108403162925505     
          64          67  0.98192894906685524     
          68          69  0.94141945822240158     
          64          70   1.0316463994257365     
          68          70   1.1879684949010472     
          68          71   1.2623497831486672     
          70          71  0.11231303410720550     
          71          72  0.95380167211130895     
           1          73  0.49504346741571487     
          71          73   1.4816283502284768     
          70          74   1.5604177782275168     
          73          74   1.2469378384163869     
          74          75  0.95887635191195186     
          76          77  0.98017439290841013     
          76          78  0.97932234238002314     
          76          79  0.98630964153340472     
          76          80   1.0263517021482906     
          80          81  0.96790770085655420     
          80          82  0.97316824497069676     
           1          83  0.39596452785440911     
          80          83  0.96200454957246817     
          83          84  0.99607623175489768     
          84          85  0.97729336354783380     
          84          86  0.98077410603374204     
          84          87  0.97567567068444838     
