           1           2  0.58540987370799369     
           1           3  0.58388081274817560     
           1           4  0.59611583273082125     
           1           5  0.59787743201546639     
           2           6   1.2472430953297955     
           6           7   1.1372823130908984     
           7           8   1.5980281907145861     
           2           9   1.2373190830455305     
           8           9   1.1362515409507976     
           3          10   1.2350533668200963     
          10          11   1.1626728981253474     
          11          12   1.5244702332084761     
           3          13   1.2503186867144669     
          12          13   1.1227205614703519     
           4          14   1.2397632645876815     
          14          15   1.1500815886317046     
          15          16   1.5371672494130284     
           4          17   1.2617775602180814     
          16          17   1.1130306937757970     
           5          18   1.2508094701785506     
          18          19   1.1259313130286035     
          19          20   1.6101584486420017     
           5          21   1.2497963326266515     
          20          21   1.1261290122669962     
           6          22   1.3536196097785553     
          21          22   1.3623328210627532     
          22          23  0.96200718293279330     
           9          24   1.3652610112789936     
          10          24   1.3414343958358408     
          24          25  0.96077839547631516     
          13          26   1.3604856626556876     
          14          26   1.3516915271123502     
          26          27  0.95856430837440931     
          17          28   1.3543296174509010     
          18          28   1.3603751765482579     
          28          29  0.96002472748404799     
           8          30   1.0287490287376759     
          30          31  0.98044259237739106     
          30          32  0.97334425933538393     
          30          33  0.97343413703543735     
           7          34   1.0293798132623504     
          34          35  0.97280274219236618     
          34          36  0.97313965030174754     
          34          37  0.98049034330442897     
          11          38   1.0322789868098767     
          38          39  0.97671488867747169     
          38          40  0.96823198370544028     
          38          41  0.97731931249667336     
          12          42   1.1048437574985221     
          42          43  0.95836293995036059     
          42          44   1.8864928917776969     
          44          45  0.97579481541880342     
          44          46  0.97933363049032129     
          15          47   1.0332807793610892     
          47          48  0.97597203127060683     
          47          49  0.96774743172750266     
          47          50  0.97748770224114190     
          16          51   1.1036353381560813     
          51          52  0.95824748947151051     
          51          53   1.8878731745611983     
          53          54  0.97578850349268476     
          53          55  0.97929190909188080     
          19          56   1.0298947493655051     
          56          57  0.97246613653958902     
          56          58  0.97297855547056178     
          56          59  0.98041979175105998     
          20          60   1.0295565566182645     
          60          61  0.98042323032706791     
          60          62  0.97317498573465078     
          60          63  0.97282428286300759     
           1          64  0.26213668542784246     
          64          65  0.88374487414035108     
          64          66  0.88420042170486557     
          67          68  0.97099765398092253     
          67          69  0.97091655191054915     
          67          70  0.98183714367605346     
          71          72  0.94121388085162794     
          67          73   1.0317175258401865     
          71          73   1.1887698822447761     
          71          74   1.2620947402858798     
          73          74  0.11199035141183374     
          74          75  0.95481335923248212     
           1          76  0.50936222307173318     
          74          76   1.4798917564602694     
          73          77   1.5603177568140365     
          76          77   1.2457669993597189     
          77          78  0.95765178823753039     
