    0.44068089
   -0.23347318
   -0.23300095
   -0.20521475
   -0.20563846
    0.04923866
   -0.03096808
   -0.03400654
    0.04503960
    0.04556504
   -0.02559661
   -0.03361938
    0.05233728
    0.05368649
   -0.02000986
   -0.03084030
    0.05895225
    0.05588454
   -0.02810450
   -0.02860115
    0.05351292
   -0.07003565
    0.03660529
   -0.07953894
    0.03182654
   -0.06924847
    0.03592393
   -0.06574143
    0.03760182
   -0.09795599
    0.03361924
    0.03343606
    0.03448404
   -0.09896779
    0.03630625
    0.03559213
    0.03351666
   -0.09964767
    0.03366476
    0.03465239
    0.04201368
   -0.02745886
    0.02477341
   -0.09697683
    0.03344788
    0.02301427
   -0.10049782
    0.03560370
    0.03740002
    0.04347346
   -0.02679600
    0.02676630
   -0.09732727
    0.03411105
    0.02316735
   -0.09930754
    0.03874418
    0.03579851
    0.03459252
   -0.09902481
    0.03477022
    0.03532886
    0.03700465
   -0.48077747
    0.32137666
    0.32122512
   -0.11804001
    0.05688235
    0.05656445
    0.06403335
   -0.08433543
    0.17430384
    0.03873555
    0.07303457
    0.06958903
   -0.13165091
   -0.00325126
    0.06777213
