    0.46490508
   -0.21889255
   -0.22869913
   -0.24420065
   -0.23628848
    0.05508619
   -0.02780640
   -0.02813736
    0.05609555
    0.05509046
   -0.02078958
   -0.03149326
    0.05397658
    0.04853545
   -0.02213028
   -0.03140933
    0.05405404
    0.05190494
   -0.02811270
   -0.02771508
    0.05439947
   -0.06815133
    0.03945122
   -0.06798749
    0.03805888
   -0.07430387
    0.03559268
   -0.07206642
    0.03776139
   -0.10007343
    0.03605617
    0.03938256
    0.03628515
   -0.09997959
    0.03714797
    0.03874119
    0.03593143
   -0.10136248
    0.03711022
    0.03791227
    0.04413122
   -0.02746702
    0.02569929
   -0.09557358
    0.03550470
    0.02534381
   -0.10112503
    0.03920278
    0.03574156
    0.04349668
   -0.02752231
    0.02548632
   -0.09458104
    0.03700115
    0.02584835
   -0.09991223
    0.04013444
    0.03615380
    0.03608714
   -0.10011167
    0.03902411
    0.03614801
    0.03736160
   -0.47998590
    0.32512521
    0.32475156
   -0.07616638
    0.07113087
    0.07459596
    0.07590541
   -0.11062407
    0.16531579
