    0.44097751
   -0.21104149
   -0.20422789
   -0.22740141
   -0.23441954
    0.05024303
   -0.03062407
   -0.02802343
    0.05515147
    0.05618112
   -0.01898120
   -0.03181566
    0.05647653
    0.04980756
   -0.02328163
   -0.03390688
    0.05173680
    0.04804481
   -0.03187733
   -0.03319507
    0.04613094
   -0.07581865
    0.03430125
   -0.06432768
    0.03900430
   -0.07059481
    0.03491872
   -0.07371188
    0.03379679
   -0.09945798
    0.03444719
    0.03914799
    0.03517979
   -0.09851402
    0.03321375
    0.03711095
    0.03447073
   -0.10112845
    0.03491766
    0.03986982
    0.04274075
   -0.02693892
    0.02382003
   -0.09683028
    0.03569092
    0.02304633
   -0.10043119
    0.03673770
    0.03553458
    0.04205940
   -0.02751494
    0.02347893
   -0.09701480
    0.03448160
    0.02249070
   -0.09838292
    0.03570863
    0.03529666
    0.03339052
   -0.09835452
    0.03322568
    0.03366775
    0.03585680
   -0.48048747
    0.32111442
    0.32159283
   -0.11785748
    0.05685897
    0.05644058
    0.06385918
   -0.08418206
    0.17417316
    0.03855966
    0.07267228
    0.06983483
   -0.13156123
   -0.00301159
    0.06745485
