           1           2  0.59811017535919142     
           1           3  0.59695418729872307     
           1           4  0.58479045161127985     
           1           5  0.58405590846399225     
           2           6   1.2508563144894429     
           6           7   1.1278481530755451     
           7           8   1.6087056632447791     
           2           9   1.2462910263042866     
           8           9   1.1271324316269107     
           3          10   1.2461869773318501     
          10          11   1.1503529510877035     
          11          12   1.5376805045516897     
           3          13   1.2545729034946309     
          12          13   1.1112566766228182     
           4          14   1.2346604654310922     
          14          15   1.1609148118956127     
          15          16   1.5256580755788558     
           4          17   1.2538841074101659     
          16          17   1.1214598754776519     
           5          18   1.2426267478007329     
          18          19   1.1373624428528797     
          19          20   1.5965488366083682     
           5          21   1.2427539036047781     
          20          21   1.1383938065707397     
           6          22   1.3570499387161534     
          21          22   1.3551701060326455     
          22          23  0.96221832537243412     
           9          24   1.3682713123835482     
          10          24   1.3451876850014830     
          24          25  0.96048919508341069     
          13          26   1.3655143159695935     
          14          26   1.3443437745561588     
          26          27  0.95845375797291388     
          17          28   1.3553762293906191     
          18          28   1.3588231835565001     
          28          29  0.96009644645992720     
           8          30   1.0298518851575869     
          30          31  0.98042933148067435     
          30          32  0.97250404097870924     
          30          33  0.97301041032546676     
           7          34   1.0291477909642508     
          34          35  0.97324665598370508     
          34          36  0.97321287413422608     
          34          37  0.98042104923330076     
          11          38   1.0334516892124106     
          38          39  0.97634247766510063     
          38          40  0.96725141648361501     
          38          41  0.97743347993951635     
          12          42   1.1044628089979078     
          42          43  0.95831697617609868     
          42          44   1.8869657269101623     
          44          45  0.97571945070690547     
          44          46  0.97931611769796167     
          15          47   1.0329796772203879     
          47          48  0.96765537531245127     
          47          49  0.97633499740674679     
          47          50  0.97725789443465449     
          16          51   1.1049832100100727     
          51          52  0.95862718635640642     
          51          53   1.8862088402902271     
          53          54  0.97574430598254425     
          53          55  0.97935812537735889     
          19          56   1.0293323572386170     
          56          57  0.97330172448238383     
          56          58  0.97271563783204162     
          56          59  0.98046319594263576     
          20          60   1.0288563312297192     
          60          61  0.97349290167404112     
          60          62  0.98050468180482542     
          60          63  0.97314056314282993     
           1          64  0.26269379684740257     
          64          65  0.88426677978853940     
          64          66  0.88377581033169339     
          67          68  0.97077619420658223     
          67          69  0.97114301367363753     
          67          70  0.98186438189609337     
          71          72  0.94124201834950194     
          67          73   1.0317485142411715     
          71          73   1.1886585946807291     
          71          74   1.2621692172601358     
          73          74  0.11217183823400073     
          74          75  0.95385732733468365     
           1          76  0.50989377947680181     
          74          76   1.4790254960548255     
          73          77   1.5599837796008611     
          76          77   1.2461911150971372     
          77          78  0.95868420501424967     
