    0.42845219
   -0.21807701
   -0.22385599
   -0.22372789
   -0.21741566
    0.05498982
   -0.02823449
   -0.02985563
    0.05269836
    0.04968736
   -0.03310255
   -0.03082538
    0.05327445
    0.05542209
   -0.03384760
   -0.02452864
    0.05196543
    0.05536529
   -0.03482575
   -0.02173956
    0.05347048
   -0.06754909
    0.03630966
   -0.07392365
    0.03383744
   -0.07131202
    0.03198193
   -0.07259112
    0.03097912
   -0.09867298
    0.03469672
    0.03833998
    0.03418215
   -0.09821171
    0.03782024
    0.03300518
    0.03419247
   -0.09996496
    0.03745731
    0.03451066
    0.04183431
   -0.02721526
    0.02277111
   -0.09718893
    0.03417369
    0.02249875
   -0.09885413
    0.03560530
    0.03323668
    0.04126061
   -0.02729570
    0.02349637
   -0.09689047
    0.03363341
    0.02211907
   -0.09771069
    0.03608246
    0.03461114
    0.03309984
   -0.09791225
    0.03351420
    0.03276609
    0.03610831
   -0.11707175
    0.05592026
    0.05602021
    0.06325920
   -0.08477565
    0.17363511
    0.03782166
    0.07412746
    0.06963560
   -0.13040302
   -0.00194722
    0.06621644
   -0.10798186
    0.04538233
    0.05761065
    0.04850195
   -0.02081660
    0.05761599
    0.05076949
   -0.06029808
   -0.07231184
    0.06419216
    0.05928679
    0.07149014
