           1           2  0.58228805468440514     
           1           3  0.57672829963845540     
           1           4  0.56664270601374545     
           1           5  0.57351114468528497     
           2           6   1.2544042951352035     
           6           7   1.1267529748865213     
           7           8   1.6097611771935398     
           2           9   1.2460213479095243     
           8           9   1.1263921879824448     
           3          10   1.2412124988736914     
          10          11   1.1536118212347870     
          11          12   1.5355798973340944     
           3          13   1.2530474704501375     
          12          13   1.1163779726758536     
           4          14   1.2325084133735440     
          14          15   1.1596454021069140     
          15          16   1.5289534617527312     
           4          17   1.2524839039401749     
          16          17   1.1230423428397887     
           5          18   1.2446706106699594     
          18          19   1.1312573498497127     
          19          20   1.6040495462476896     
           5          21   1.2455320398863921     
          20          21   1.1318668372144693     
           6          22   1.3575367376985021     
          21          22   1.3618530724442299     
          22          23  0.96164028083251818     
           9          24   1.3685751115377278     
          10          24   1.3448822145965031     
          24          25  0.96045688075956681     
          13          26   1.3639441734050886     
          14          26   1.3490364832372408     
          26          27  0.95856949128264579     
          17          28   1.3557174995354611     
          18          28   1.3623034543795329     
          28          29  0.95965179415550583     
           8          30   1.0302653288356560     
          30          31  0.98026093727062613     
          30          32  0.97218704516622434     
          30          33  0.97274059528946832     
           7          34   1.0303337303109625     
          34          35  0.97297802442282844     
          34          36  0.97188503516305824     
          34          37  0.98026155394017456     
          11          38   1.0336569950554051     
          38          39  0.96742403594233972     
          38          40  0.97575263512109267     
          38          41  0.97725602070456896     
          12          42   1.1019080599005018     
          42          43  0.95812725657078568     
          42          44   1.8902315444104714     
          44          45  0.97571660533335314     
          44          46  0.97917685908454710     
          15          47   1.0335961483651426     
          47          48  0.97614534439323442     
          47          49  0.96716211454582657     
          47          50  0.97718321297632205     
          16          51   1.1014256262439550     
          51          52  0.95804381043706144     
          51          53   1.8910425278297025     
          53          54  0.97564496694379033     
          53          55  0.97914610706733052     
          19          56   1.0303525429726808     
          56          57  0.97158456972025409     
          56          58  0.97313903269716207     
          56          59  0.98021978688692468     
          20          60   1.0303577124821073     
          60          61  0.97233738407734338     
          60          62  0.98028565818745350     
          60          63  0.97243748766031501     
           1          64  0.27397412236663943     
          64          65  0.87973273498517590     
          64          66  0.87962010571519567     
          67          68  0.98107221896047336     
          67          69  0.97862244474810256     
          67          70  0.97430398285095610     
           1          71  0.44043335680939688     
          67          71  0.99303025269174783     
          71          72  0.94236276866265556     
