           1           2  0.59784546531379257     
           1           3  0.59714569697183906     
           1           4  0.58369985003016234     
           1           5  0.58432672512923711     
           2           6   1.2511454667992543     
           6           7   1.1277904849525775     
           7           8   1.6087628214576464     
           2           9   1.2464337741916067     
           8           9   1.1270476920930441     
           3          10   1.2459857795311877     
          10          11   1.1505238737639039     
          11          12   1.5373559119725464     
           3          13   1.2545220114413345     
          12          13   1.1112808017959284     
           4          14   1.2348205212132588     
          14          15   1.1606676390637141     
          15          16   1.5269137774718555     
           4          17   1.2540944874837616     
          16          17   1.1214966775769255     
           5          18   1.2426430650421358     
          18          19   1.1371597403272067     
          19          20   1.5967640648407129     
           5          21   1.2427883193931808     
          20          21   1.1382254928554585     
           6          22   1.3568609509108265     
          21          22   1.3554297369944615     
          22          23  0.96221092839868760     
           9          24   1.3681752045590578     
          10          24   1.3452791343230415     
          24          25  0.96041896026403262     
          13          26   1.3655643663373978     
          14          26   1.3443377198429691     
          26          27  0.95853198852837473     
          17          28   1.3553383367893008     
          18          28   1.3588824134361182     
          28          29  0.96006925439838420     
           8          30   1.0298520366096373     
          30          31  0.98042569943401559     
          30          32  0.97241791804300759     
          30          33  0.97309890289034695     
           7          34   1.0291534946471805     
          34          35  0.97337442066682578     
          34          36  0.97307739715186337     
          34          37  0.98042096541553803     
          11          38   1.0334907633274690     
          38          39  0.97629789840372794     
          38          40  0.96722187798740711     
          38          41  0.97739087992509632     
          12          42   1.1047292358573766     
          42          43  0.95831502435488858     
          42          44   1.8866919371690316     
          44          45  0.97571266007802826     
          44          46  0.97932302426438811     
          15          47   1.0328625317334441     
          47          48  0.97762648818766718     
          47          49  0.97619439717710343     
          47          50  0.96775481609570913     
          16          51   1.1034770779845613     
          51          52  0.95839528405595464     
          51          53   1.8878349747875276     
          53          54  0.97576657608951045     
          53          55  0.97931866554052605     
          19          56   1.0293337508472931     
          56          57  0.97300576933040828     
          56          58  0.97300037368423808     
          56          59  0.98046015959815969     
          20          60   1.0288789391439064     
          60          61  0.97343058604513943     
          60          62  0.98049245248432459     
          60          63  0.97317231271665428     
           1          64  0.26290735869004217     
          64          65  0.88421786236036026     
          64          66  0.88381680947499364     
          67          68  0.97099002713750260     
          67          69  0.97093089016937029     
          67          70  0.98186030307234939     
          71          72  0.94125306728130176     
          67          73   1.0317529149501907     
          71          73   1.1886453158386268     
          71          74   1.2620376585351183     
          73          74  0.11216049843555731     
          74          75  0.95379906107488677     
           1          76  0.50999600570286818     
          74          76   1.4790505112934706     
          73          77   1.5600022166037359     
          76          77   1.2461498533853150     
          77          78  0.95874019998428617     
