    0.44087492
   -0.21072320
   -0.20445880
   -0.22762089
   -0.23420358
    0.05039921
   -0.03059830
   -0.02802171
    0.05514405
    0.05623095
   -0.01894158
   -0.03181795
    0.05639108
    0.04968193
   -0.02340164
   -0.03396459
    0.05194021
    0.04789459
   -0.03191524
   -0.03311555
    0.04634282
   -0.07554182
    0.03441219
   -0.06428690
    0.03903052
   -0.07092361
    0.03496813
   -0.07390681
    0.03368732
   -0.09945529
    0.03445282
    0.03915596
    0.03517626
   -0.09852592
    0.03317380
    0.03720707
    0.03447494
   -0.10113690
    0.03491971
    0.03991248
    0.04275292
   -0.02674268
    0.02325847
   -0.09682382
    0.03573303
    0.02306799
   -0.10018753
    0.04200259
    0.03417794
    0.03748205
   -0.02745861
    0.02394778
   -0.09715794
    0.03445564
    0.02266678
   -0.09839455
    0.03518827
    0.03580738
    0.03343492
   -0.09838690
    0.03332972
    0.03368576
    0.03589222
   -0.48040233
    0.32126576
    0.32145934
   -0.11785989
    0.05668875
    0.05653499
    0.06386039
   -0.08420325
    0.17414240
    0.03850882
    0.07259473
    0.06992237
   -0.13145654
   -0.00302784
    0.06733017
