           1           2  0.58520379316601190     
           1           3  0.58526527707257148     
           1           4  0.59687304501625660     
           1           5  0.59627148262414531     
           2           6   1.2455702916408218     
           6           7   1.1377337738474205     
           7           8   1.5977389188714701     
           2           9   1.2387038039417033     
           8           9   1.1364477394481216     
           3          10   1.2371792680566700     
          10          11   1.1600399854742531     
          11          12   1.5274906804087032     
           3          13   1.2507339053471496     
          12          13   1.1205942421064226     
           4          14   1.2399402605014334     
          14          15   1.1495880913616294     
          15          16   1.5376539879164506     
           4          17   1.2621627668179438     
          16          17   1.1124683520416860     
           5          18   1.2505999349764791     
          18          19   1.1282751421087682     
          19          20   1.6070655276162142     
           5          21   1.2475617938596990     
          20          21   1.1288410523032868     
           6          22   1.3526169555470551     
          21          22   1.3596167847774299     
          22          23  0.96222295185490725     
           9          24   1.3662537734121925     
          10          24   1.3442536668351335     
          24          25  0.96062827462602396     
          13          26   1.3599120883059650     
          14          26   1.3498897800461529     
          26          27  0.95877612084889186     
          17          28   1.3566989361639588     
          18          28   1.3602190584481006     
          28          29  0.95985239084504459     
           8          30   1.0291556506395814     
          30          31  0.97320619819590759     
          30          32  0.98046200024163188     
          30          33  0.97305451840279200     
           7          34   1.0288940864939009     
          34          35  0.97322663086193539     
          34          36  0.97332939475602842     
          34          37  0.98048861360756057     
          11          38   1.0327259616769517     
          38          39  0.96785471219258645     
          38          40  0.97643056413604201     
          38          41  0.97748971963146480     
          12          42   1.1041732013054149     
          42          43  0.95842717044586279     
          42          44   1.8870548914893732     
          44          45  0.97578860742042783     
          44          46  0.97932201930319729     
          15          47   1.0331812742853992     
          47          48  0.96779558316662306     
          47          49  0.97615767896190120     
          47          50  0.97736070957237331     
          16          51   1.1039767068421020     
          51          52  0.95817520417531254     
          51          53   1.8876902679062024     
          53          54  0.97576446570627229     
          53          55  0.97930075671384453     
          19          56   1.0300208352008942     
          56          57  0.97315619297451761     
          56          58  0.97210813893322967     
          56          59  0.98043284188723923     
          20          60   1.0290785766224608     
          60          61  0.97340285831902973     
          60          62  0.98043469427949748     
          60          63  0.97316248795516092     
           1          64  0.26233005359774669     
          64          65  0.88391942915714694     
          64          66  0.88417561116099530     
          67          68  0.97068571618806254     
          67          69  0.97123560468689618     
          67          70  0.98182631131318265     
          71          72  0.94124008142120663     
          67          73   1.0317563885585621     
          71          73   1.1886823004266915     
          71          74   1.2620971645229722     
          73          74  0.11223245137856447     
          74          75  0.95393123065374752     
           1          76  0.51005302594339941     
          74          76   1.4789293506809171     
          73          77   1.5600014758116241     
          76          77   1.2461995275203683     
          77          78  0.95854002971144081     
