    0.44087015
   -0.21064947
   -0.20451065
   -0.22766900
   -0.23417044
    0.05043332
   -0.03057854
   -0.02800325
    0.05517049
    0.05622385
   -0.01894315
   -0.03183657
    0.05635835
    0.04965802
   -0.02340421
   -0.03397000
    0.05194086
    0.04788673
   -0.03191776
   -0.03311415
    0.04636732
   -0.07551453
    0.03441690
   -0.06427767
    0.03903928
   -0.07095277
    0.03495437
   -0.07391536
    0.03368661
   -0.09945806
    0.03445919
    0.03916959
    0.03518295
   -0.09852865
    0.03318034
    0.03721333
    0.03448063
   -0.10113345
    0.03492707
    0.03990076
    0.04275732
   -0.02675741
    0.02324303
   -0.09683699
    0.03573623
    0.02305915
   -0.10018155
    0.03418560
    0.03746655
    0.04201068
   -0.02746538
    0.02394220
   -0.09716858
    0.03444976
    0.02266235
   -0.09839133
    0.03518115
    0.03581174
    0.03343408
   -0.09838675
    0.03368748
    0.03591339
    0.03330907
   -0.11785885
    0.05676901
    0.05645403
    0.06385753
   -0.08420070
    0.17414449
    0.03850671
    0.07258955
    0.06995218
   -0.13146971
   -0.00301754
    0.06730718
   -0.48039269
    0.32126629
    0.32145825
