           1           2  0.58545901229777964     
           1           3  0.58381160902038154     
           1           4  0.59611289372462162     
           1           5  0.59777808961712053     
           2           6   1.2472325518686289     
           6           7   1.1372798973146694     
           7           8   1.5980296845029709     
           2           9   1.2372931480609846     
           8           9   1.1362495537986801     
           3          10   1.2350945616704283     
          10          11   1.1626338205655797     
          11          12   1.5245710576392113     
           3          13   1.2503013646540675     
          12          13   1.1227212020397876     
           4          14   1.2397577557315840     
          14          15   1.1500474080257383     
          15          16   1.5372502073468808     
           4          17   1.2617941460402751     
          16          17   1.1130280073411829     
           5          18   1.2507981463992615     
          18          19   1.1259394225713384     
          19          20   1.6101543782798886     
           5          21   1.2498474693129631     
          20          21   1.1261243212229364     
           6          22   1.3536309592793083     
          21          22   1.3623030978743229     
          22          23  0.96200840298070245     
           9          24   1.3652546120304230     
          10          24   1.3414301606059418     
          24          25  0.96079944337854306     
          13          26   1.3604885584472828     
          14          26   1.3517081854553423     
          26          27  0.95858009464312288     
          17          28   1.3543577678364715     
          18          28   1.3603624859511785     
          28          29  0.96004795106828067     
           8          30   1.0287497266653634     
          30          31  0.98044169360438715     
          30          32  0.97331593917757864     
          30          33  0.97346295024791218     
           7          34   1.0293802235116312     
          34          35  0.97283879639875992     
          34          36  0.97310358001224651     
          34          37  0.98049037244204285     
          11          38   1.0322690484778461     
          38          39  0.97667946710369746     
          38          40  0.96825402572570030     
          38          41  0.97736089164188389     
          12          42   1.1047152304948096     
          42          43  0.95834975020580004     
          42          44   1.8866300614137210     
          44          45  0.97579542260136076     
          44          46  0.97933065726470336     
          15          47   1.0332744673339977     
          47          48  0.97598278707076391     
          47          49  0.96775174407004072     
          47          50  0.97749179113600082     
          16          51   1.1035532236269134     
          51          52  0.95825767133416750     
          51          53   1.8879590062733214     
          53          54  0.97579207320607031     
          53          55  0.97928976773345844     
          19          56   1.0298911461504658     
          56          57  0.97253803437290853     
          56          58  0.97291354549207731     
          56          59  0.98042218631170575     
          20          60   1.0295580250018865     
          60          61  0.98042336836643129     
          60          62  0.97323820602152877     
          60          63  0.97276066416145879     
           1          64  0.26213969852650620     
          64          65  0.88371788470380119     
          64          66  0.88421798618541414     
          67          68  0.97073465731415853     
          67          69  0.97117900614905261     
          67          70  0.98183921445859679     
          71          72  0.94121325618262730     
          67          73   1.0317167935333791     
          71          73   1.1887752084454801     
          71          74   1.2620929655621678     
          73          74  0.11199362003636668     
          74          75  0.95480017035165321     
           1          76  0.50950381137418732     
          74          76   1.4798280298438740     
          73          77   1.5603025183968606     
          76          77   1.2457551137014837     
          77          78  0.95767275800344720     
