           1           2  0.59840877905682732     
           1           3  0.59687128838166137     
           1           4  0.58501616818813540     
           1           5  0.58392649226561022     
           2           6   1.2508344613411331     
           6           7   1.1277330234774718     
           7           8   1.6088439729700865     
           2           9   1.2462522512474650     
           8           9   1.1270267291116371     
           3          10   1.2461242804934114     
          10          11   1.1505033958503650     
          11          12   1.5373489322383556     
           3          13   1.2546289053480126     
          12          13   1.1113128862041450     
           4          14   1.2344424963038969     
          14          15   1.1609972487864550     
          15          16   1.5255226750961812     
           4          17   1.2538008958097397     
          16          17   1.1215334459741222     
           5          18   1.2426413296161303     
          18          19   1.1373423314185351     
          19          20   1.5965619972715208     
           5          21   1.2428536706095883     
          20          21   1.1383991723327052     
           6          22   1.3571842899209705     
          21          22   1.3550873317967871     
          22          23  0.96221633861272504     
           9          24   1.3683987126649830     
          10          24   1.3450663134130756     
          24          25  0.96048223397443533     
          13          26   1.3654372401433612     
          14          26   1.3443713850885293     
          26          27  0.95850284297249222     
          17          28   1.3553151051820926     
          18          28   1.3588471653525864     
          28          29  0.96013906916758773     
           8          30   1.0298591229797791     
          30          31  0.98042759113490241     
          30          32  0.97255469038136255     
          30          33  0.97295123543079964     
           7          34   1.0291591503718092     
          34          35  0.97318634446609076     
          34          36  0.97326297829313368     
          34          37  0.98041834553031393     
          11          38   1.0334611251381052     
          38          39  0.97644030185724473     
          38          40  0.96720876952448320     
          38          41  0.97734726884319956     
          12          42   1.1047935441262264     
          42          43  0.95837021753581553     
          42          44   1.8866134813285909     
          44          45  0.97570587174455925     
          44          46  0.97932380959776077     
          15          47   1.0329605144293701     
          47          48  0.96764905676314039     
          47          49  0.97640570072557320     
          47          50  0.97723314914959392     
          16          51   1.1050669046437993     
          51          52  0.95868324720869447     
          51          53   1.8861169796807449     
          53          54  0.97574095333087463     
          53          55  0.97936030125769646     
          19          56   1.0293324317315269     
          56          57  0.97337055612383616     
          56          58  0.97265650705444417     
          56          59  0.98046354263133151     
          20          60   1.0288581947880517     
          60          61  0.98050896491425865     
          60          62  0.97306033696210803     
          60          63  0.97357494180452386     
           1          64  0.26262214505896869     
          64          65  0.88424113999963638     
          64          66  0.88378107791095317     
          67          68  0.97090256268584008     
          67          69  0.97101469723338685     
          67          70  0.98186191595053651     
          71          72  0.94124339214347652     
          67          73   1.0317548652486468     
          71          73   1.1886511390617387     
          71          74   1.2621696704076595     
          73          74  0.11217261651620075     
          74          75  0.95387798708213867     
           1          76  0.50965207980116822     
          74          76   1.4790971146339182     
          73          77   1.5600001117424858     
          76          77   1.2462352610019374     
          77          78  0.95869602217843897     
