    0.44068794
   -0.23344644
   -0.23304514
   -0.20519613
   -0.20563793
    0.04923262
   -0.03096844
   -0.03399984
    0.04504715
    0.04554640
   -0.02561229
   -0.03361671
    0.05233962
    0.05368482
   -0.02000558
   -0.03082778
    0.05896277
    0.05587364
   -0.02810810
   -0.02860689
    0.05350391
   -0.07004575
    0.03661253
   -0.07955144
    0.03183262
   -0.06924952
    0.03592461
   -0.06573239
    0.03760262
   -0.09795725
    0.03362048
    0.03344187
    0.03448411
   -0.09896747
    0.03629994
    0.03560187
    0.03351642
   -0.09965377
    0.03367051
    0.03464025
    0.04201159
   -0.02745457
    0.02478223
   -0.09698164
    0.03343794
    0.02301469
   -0.10051169
    0.03561403
    0.03739731
    0.04347421
   -0.02678739
    0.02677543
   -0.09732524
    0.03410922
    0.02316992
   -0.09930612
    0.03873561
    0.03579543
    0.03459493
   -0.09902768
    0.03476875
    0.03533797
    0.03699848
   -0.48077686
    0.32136438
    0.32123842
   -0.11804267
    0.05696292
    0.05649095
    0.06402786
   -0.08433307
    0.17430639
    0.03873361
    0.07303368
    0.06960507
   -0.13164909
   -0.00324409
    0.06776125
