           1           2  0.58545783222564940     
           1           3  0.58380339469631670     
           1           4  0.59615595588761083     
           1           5  0.59786707960961560     
           2           6   1.2472277902093916     
           6           7   1.1372609884652065     
           7           8   1.5980575006927993     
           2           9   1.2373278343693830     
           8           9   1.1362278707495275     
           3          10   1.2350622753125167     
          10          11   1.1626688956494460     
          11          12   1.5245027771152539     
           3          13   1.2503195821337667     
          12          13   1.1227234165955318     
           4          14   1.2397807820543005     
          14          15   1.1500433643295038     
          15          16   1.5372343052071054     
           4          17   1.2617698390817353     
          16          17   1.1130156686655994     
           5          18   1.2508065000298429     
          18          19   1.1259378474564077     
          19          20   1.6101489214993325     
           5          21   1.2498073589345295     
          20          21   1.1261376253114801     
           6          22   1.3536448686790594     
          21          22   1.3623050684048204     
          22          23  0.96200573473608042     
           9          24   1.3652762524107587     
          10          24   1.3414170595884651     
          24          25  0.96079856774700378     
          13          26   1.3604834330971354     
          14          26   1.3516989789874105     
          26          27  0.95858563091684057     
          17          28   1.3543604694924802     
          18          28   1.3603592194937462     
          28          29  0.96003729203869659     
           8          30   1.0287515304072254     
          30          31  0.98044291591939070     
          30          32  0.97333366396704091     
          30          33  0.97344363032143877     
           7          34   1.0293812359510712     
          34          35  0.97281160355971097     
          34          36  0.97312881340582591     
          34          37  0.98049081173399055     
          11          38   1.0322673690067292     
          38          39  0.97669444020183094     
          38          40  0.96825122702189570     
          38          41  0.97734653447416520     
          12          42   1.1047909196033996     
          42          43  0.95836136804883165     
          42          44   1.8865461394166188     
          44          45  0.97579365474417545     
          44          46  0.97933237017482211     
          15          47   1.0332730692168874     
          47          48  0.97595348661062653     
          47          49  0.96776496532087364     
          47          50  0.97750478376350636     
          16          51   1.1035820192849375     
          51          52  0.95825152663631796     
          51          53   1.8879284830077836     
          53          54  0.97578403589444673     
          53          55  0.97929008870352419     
          19          56   1.0298949379780185     
          56          57  0.97249208791639785     
          56          58  0.97295575778929244     
          56          59  0.98042028960046368     
          20          60   1.0295566487839491     
          60          61  0.98042352087632234     
          60          62  0.97317873439739988     
          60          63  0.97281977136609898     
           1          64  0.26213997505752795     
          64          65  0.88377061796746170     
          64          66  0.88418094710072248     
          67          68  0.97085550738181536     
          67          69  0.97105699132670220     
          67          70  0.98184017256728739     
          71          72  0.94121205685319076     
          67          73   1.0317152094390485     
          71          73   1.1887642422000237     
          71          74   1.2621188371654868     
          73          74  0.11199127697257132     
          74          75  0.95479895509143753     
           1          76  0.50937335731647226     
          74          76   1.4798723720798017     
          73          77   1.5603131568078970     
          76          77   1.2457723063519444     
          77          78  0.95767246136827744     
