           1           2  0.58228971323245671     
           1           3  0.56956721881269767     
           1           4  0.56575730621196574     
           1           5  0.58145961486612874     
           2           6   1.2570136665461253     
           6           7   1.1255232596088254     
           7           8   1.6111598694222040     
           2           9   1.2446796787231695     
           8           9   1.1252334070218257     
           3          10   1.2371415121314053     
          10          11   1.1620370280739536     
          11          12   1.5334408477053953     
           3          13   1.2469932159944672     
          12          13   1.1237241325110874     
           4          14   1.2307439410462517     
          14          15   1.1590381991874117     
          15          16   1.5290618989546931     
           4          17   1.2546057136029700     
          16          17   1.1232278461884524     
           5          18   1.2486170694070848     
          18          19   1.1249690488407542     
          19          20   1.6113065291963078     
           5          21   1.2510824082000891     
          20          21   1.1252890396293993     
           6          22   1.3568216387464445     
          21          22   1.3632478376126316     
          22          23  0.96150902832101792     
           9          24   1.3709536718895501     
          10          24   1.3408565290886443     
          24          25  0.96188638083292610     
          13          26   1.3596465838321843     
          14          26   1.3517501764346846     
          26          27  0.95659411893358692     
          17          28   1.3536299360456903     
          18          28   1.3648005111300026     
          28          29  0.95972394520466675     
           8          30   1.0301059307343341     
          30          31  0.98027474821399641     
          30          32  0.97227116023619276     
          30          33  0.97292264606382517     
           7          34   1.0305384151600725     
          34          35  0.97294043496749794     
          34          36  0.97163385991705631     
          34          37  0.98027831502945317     
          11          38   1.0314938017503437     
          38          39  0.97283309050184852     
          38          40  0.97022689672691032     
          38          41  0.98240445545690580     
          12          42   1.0928896554603760     
          42          43  0.95756193793605826     
          42          44   1.8997013436061219     
          44          45  0.97493517198758783     
          44          46  0.97889280356319253     
          15          47   1.0336353554834217     
          47          48  0.97635019851278493     
          47          49  0.96705175699928647     
          47          50  0.97700306071568055     
          16          51   1.1018348108473108     
          51          52  0.95826000973761361     
          51          53   1.8906834950763776     
          53          54  0.97561071151436374     
          53          55  0.97915411327959911     
          19          56   1.0305340514581862     
          56          57  0.97155766150720368     
          56          58  0.97306937785866465     
          56          59  0.98018574862028995     
          20          60   1.0306670266611877     
          60          61  0.97223966675112461     
          60          62  0.98025799550069270     
          60          63  0.97225701233808193     
           1          64  0.27478179607000536     
          64          65  0.88027594100233530     
          64          66  0.88077977820463960     
          67          68  0.98104891973904662     
          67          69  0.97873409353527818     
          67          70  0.97446802145973888     
           1          71  0.43825380680971282     
          67          71  0.99307301483169463     
          71          72  0.94219104106704210     
