    0.44066877
   -0.23364906
   -0.23284833
   -0.20495050
   -0.20587129
    0.04910072
   -0.03101832
   -0.03400420
    0.04507201
    0.04551739
   -0.02561257
   -0.03357493
    0.05246614
    0.05380733
   -0.01995448
   -0.03080904
    0.05898704
    0.05585605
   -0.02812233
   -0.02865372
    0.05338919
   -0.07020891
    0.03653678
   -0.07954717
    0.03182625
   -0.06907610
    0.03599118
   -0.06573338
    0.03760742
   -0.09795533
    0.03360663
    0.03343595
    0.03448615
   -0.09895270
    0.03624728
    0.03558491
    0.03350867
   -0.09964835
    0.03365966
    0.03464961
    0.04202076
   -0.02744179
    0.02482660
   -0.09697106
    0.03344113
    0.02302621
   -0.10052012
    0.03566525
    0.03740409
    0.04348327
   -0.02677681
    0.02677790
   -0.09732228
    0.03411329
    0.02317518
   -0.09930644
    0.03873293
    0.03579968
    0.03458346
   -0.09901343
    0.03475994
    0.03532697
    0.03694732
   -0.48078364
    0.32134055
    0.32125874
   -0.11803855
    0.05695375
    0.05649504
    0.06402615
   -0.08432752
    0.17430453
    0.03873119
    0.07303390
    0.06960647
   -0.13166485
   -0.00323945
    0.06775721
