           1           2  0.60263099404935150     
           1           3  0.59144091895675854     
           1           4  0.58696146406263072     
           1           5  0.58896124519248483     
           2           6   1.2517128236885253     
           6           7   1.1280621081999529     
           7           8   1.6082164384776583     
           2           9   1.2423585332591693     
           8           9   1.1278265230172742     
           3          10   1.2400729808987150     
          10          11   1.1561212801862215     
          11          12   1.5321434374546044     
           3          13   1.2539718836065770     
          12          13   1.1160809303392918     
           4          14   1.2360561359854050     
          14          15   1.1565872658759078     
          15          16   1.5295296475741817     
           4          17   1.2543019214775732     
          16          17   1.1173217955535628     
           5          18   1.2424415647501319     
          18          19   1.1356926671564744     
          19          20   1.5985600107939446     
           5          21   1.2440043666584835     
          20          21   1.1362275389989931     
           6          22   1.3576410645554757     
          21          22   1.3583774654541587     
          22          23  0.96196610717188147     
           9          24   1.3683406652791239     
          10          24   1.3417118210844896     
          24          25  0.96078113130861209     
          13          26   1.3613076250593326     
          14          26   1.3506805017002168     
          26          27  0.95850571343346824     
          17          28   1.3553387121751315     
          18          28   1.3558589158496197     
          28          29  0.96035781541115695     
           8          30   1.0292311876798417     
          30          31  0.98041950893078467     
          30          32  0.97295091327580918     
          30          33  0.97336729089581997     
           7          34   1.0296157922744289     
          34          35  0.97312714854391613     
          34          36  0.97271281399619780     
          34          37  0.98043662541735999     
          11          38   1.0325305077788702     
          38          39  0.97645544959658004     
          38          40  0.96789265526870760     
          38          41  0.97812855656917774     
          12          42   1.1033566832721660     
          42          43  0.95841908303294565     
          42          44   1.8876884835728838     
          44          45  0.97582426393316901     
          44          46  0.97933237134804696     
          15          47   1.0331519899430881     
          47          48  0.96794385713803677     
          47          49  0.97536164526239921     
          47          50  0.97764315446034211     
          16          51   1.1055016216582507     
          51          52  0.95875218239879600     
          51          53   1.8854494663220087     
          53          54  0.97582432511804540     
          53          55  0.97937776949373090     
          19          56   1.0291066920154981     
          56          57  0.97337177356738558     
          56          58  0.97299710241103432     
          56          59  0.98045410459347637     
          20          60   1.0294532017299884     
          60          61  0.97331930215401485     
          60          62  0.98049866455333301     
          60          63  0.97265774210968081     
          64          65  0.97108924922828843     
          64          66  0.97092670817539328     
          64          67  0.98187529145563668     
          68          69  0.94120421167918566     
          64          70   1.0317243269090364     
          68          70   1.1885744606630169     
          68          71   1.2622960060445720     
          70          71  0.11244863009918046     
          71          72  0.95325260389113531     
           1          73  0.50524683899017186     
          71          73   1.4793317761203959     
          70          74   1.5598947531506473     
          73          74   1.2467870990626588     
          74          75  0.95944302248646074     
          76          77  0.97686007615912884     
          76          78  0.97086065728560766     
          76          79  0.98542705258514851     
          76          80   1.0246109263266066     
          80          81   1.3985461743223315     
          81          82  0.96912519225751170     
          81          83   1.4621226468866710     
          83          84  0.96398569043708915     
          83          85   1.3642394457014859     
           1          86  0.23369364420255265     
          85          86   1.0210637442996437     
          86          87  0.85893133234789887     
          80          88   1.4171216084372253     
          83          88  0.10673114063436967     
          88          89  0.96869035374136558     
          81          90  0.10677129302486094     
          85          90   1.3854972227715945     
          88          90   1.4397460822107029     
          90          91  0.96450574601614159     
