    0.44429439
   -0.21229637
   -0.21698645
   -0.22606114
   -0.22791719
    0.05396753
   -0.02848468
   -0.03028092
    0.05238746
    0.05249982
   -0.02251198
   -0.03175991
    0.05701962
    0.05465431
   -0.02027427
   -0.03351456
    0.05381323
    0.04734366
   -0.03219922
   -0.02969139
    0.05232272
   -0.06842742
    0.03715942
   -0.07147444
    0.03555600
   -0.06797090
    0.03493945
   -0.07737247
    0.03214205
   -0.09843458
    0.03440154
    0.03814861
    0.03284022
   -0.09891915
    0.03495781
    0.03799110
    0.03425857
   -0.09969395
    0.03291401
    0.03854776
    0.04166999
   -0.02618934
    0.02377413
   -0.09724051
    0.03446594
    0.02217898
   -0.10006985
    0.03697098
    0.03679848
    0.04202334
   -0.02723931
    0.02314401
   -0.09738848
    0.03413549
    0.02247822
   -0.09787461
    0.03526390
    0.03457560
    0.03369641
   -0.09883757
    0.03540560
    0.03391094
    0.03666643
   -0.11770802
    0.05634078
    0.05658403
    0.06378587
   -0.08413837
    0.17423053
    0.03828396
    0.07309461
    0.06969433
   -0.13318506
   -0.00252923
    0.06722390
   -0.10867181
    0.04671956
    0.04613795
    0.04185701
    0.00987912
   -0.03794613
    0.04123119
   -0.04574068
    0.05653750
    0.14011191
   -0.33019029
    0.32816609
   -0.03842682
    0.03761282
   -0.06184431
    0.03268251
