           1           2  0.58546580479430466     
           1           3  0.58376915870178347     
           1           4  0.59642753760066947     
           1           5  0.59757773748357312     
           2           6   1.2471457429205450     
           6           7   1.1373212000048314     
           7           8   1.5979924827654060     
           2           9   1.2372866043459043     
           8           9   1.1362876222182956     
           3          10   1.2351264878670125     
          10          11   1.1625894213216972     
          11          12   1.5246018313935217     
           3          13   1.2503861733115451     
          12          13   1.1226721760306921     
           4          14   1.2398580688485654     
          14          15   1.1499231747746976     
          15          16   1.5373211271274911     
           4          17   1.2617824329655862     
          16          17   1.1128799355832455     
           5          18   1.2508150040892114     
          18          19   1.1260705346965307     
          19          20   1.6099956345786668     
           5          21   1.2497502740136852     
          20          21   1.1262600378175840     
           6          22   1.3536554489177957     
          21          22   1.3622460798563538     
          22          23  0.96201457319195494     
           9          24   1.3652590411478345     
          10          24   1.3414200579840694     
          24          25  0.96078795085413282     
          13          26   1.3604910866658437     
          14          26   1.3517294425641437     
          26          27  0.95856649370321911     
          17          28   1.3544785323285105     
          18          28   1.3602568888860795     
          28          29  0.96004617724254282     
           8          30   1.0287499886910412     
          30          31  0.97350030141981136     
          30          32  0.98044322738954137     
          30          33  0.97327631516798552     
           7          34   1.0293667450859934     
          34          35  0.97283796181152737     
          34          36  0.97311754805032002     
          34          37  0.98049206562412838     
          11          38   1.0322737424411221     
          38          39  0.97666018839561830     
          38          40  0.96825709074930366     
          38          41  0.97736854461440803     
          12          42   1.1047419877410452     
          42          43  0.95832072895312337     
          42          44   1.8866105481868476     
          44          45  0.97579728885003680     
          44          46  0.97932993219192088     
          15          47   1.0332820218356940     
          47          48  0.97599516139872167     
          47          49  0.96774515209995482     
          47          50  0.97747184059822145     
          16          51   1.1036856329201412     
          51          52  0.95827270251605678     
          51          53   1.8878207250602519     
          53          54  0.97578093220719386     
          53          55  0.97929240142453455     
          19          56   1.0298931320297342     
          56          57  0.97249302853854203     
          56          58  0.97295500286059111     
          56          59  0.98042252921029671     
          20          60   1.0295463252110357     
          60          61  0.98042468248901682     
          60          62  0.97318870372445188     
          60          63  0.97282580348781433     
           1          64  0.26214484162487955     
          64          65  0.88385980427359589     
          64          66  0.88409662784281140     
          67          68  0.97088923473853139     
          67          69  0.97102229556819775     
          67          70  0.98184103034372039     
          71          72  0.94121112285587349     
          67          73   1.0317166567315721     
          71          73   1.1887770872564407     
          71          74   1.2621221220345022     
          73          74  0.11199450287895180     
          74          75  0.95479986237018788     
           1          76  0.50932922092508082     
          74          76   1.4798752787283622     
          73          77   1.5602929485320374     
          76          77   1.2457964597852513     
          77          78  0.95769507273278021     
