           1           2  0.58284790920191443     
           1           3  0.57299396206223407     
           1           4  0.56679059256717546     
           1           5  0.57618999242567426     
           2           6   1.2540018793638192     
           6           7   1.1264381793364595     
           7           8   1.6103860948448991     
           2           9   1.2470439897913137     
           8           9   1.1256888912486065     
           3          10   1.2412761412610291     
          10          11   1.1535425361601095     
          11          12   1.5361645196640772     
           3          13   1.2510558836924317     
          12          13   1.1164194594305519     
           4          14   1.2340861063139459     
          14          15   1.1595941792678772     
          15          16   1.5289041099330292     
           4          17   1.2512779585265801     
          16          17   1.1232228548135892     
           5          18   1.2462818139187821     
          18          19   1.1313838435335946     
          19          20   1.6040835575586794     
           5          21   1.2462611033429674     
          20          21   1.1318044862899750     
           6          22   1.3575554041182141     
          21          22   1.3587625577481224     
          22          23  0.96178753021824481     
           9          24   1.3689641876359382     
          10          24   1.3473927286921472     
          24          25  0.96033131729263754     
          13          26   1.3657815232800004     
          14          26   1.3488609529814226     
          26          27  0.95828922954192031     
          17          28   1.3556488394235473     
          18          28   1.3607544985296247     
          28          29  0.96002973303574946     
           8          30   1.0303916248192544     
          30          31  0.98024694817041569     
          30          32  0.97196456918116714     
          30          33  0.97281581044310772     
           7          34   1.0302455112949698     
          34          35  0.97270281310326379     
          34          36  0.97226128248788068     
          34          37  0.98027002760417137     
          11          38   1.0339316067867688     
          38          39  0.97582582248247540     
          38          40  0.96709744555277033     
          38          41  0.97728932523277412     
          12          42   1.1012924711578886     
          42          43  0.95796333453952087     
          42          44   1.8911297562376128     
          44          45  0.97567730980483891     
          44          46  0.97913933798672559     
          15          47   1.0337940311038696     
          47          48  0.97544345729607995     
          47          49  0.96729354995468464     
          47          50  0.97732139507323335     
          16          51   1.1012536090133107     
          51          52  0.95844664564557036     
          51          53   1.8909357579811623     
          53          54  0.97562598885723473     
          53          55  0.97913934326963825     
          19          56   1.0301178845454757     
          56          57  0.97285187440558407     
          56          58  0.97216169189122725     
          56          59  0.98025780884506086     
          20          60   1.0300981485508534     
          60          61  0.97275790903192383     
          60          62  0.98030104653523586     
          60          63  0.97229096980622831     
           1          64  0.27421773570024055     
          64          65  0.87998552997281876     
          64          66  0.88044476212736245     
          67          68  0.97862489014829346     
          67          69  0.98108829325721003     
          67          70  0.97414452341299085     
           1          71  0.44157837649485754     
          67          71  0.99296445900340935     
          71          72  0.94232278888638910     
