           1           2  0.59909881680951238     
           1           3  0.58435862260280425     
           1           4  0.58319421926755166     
           1           5  0.59734908210069892     
           2           6   1.2548272596330783     
           6           7   1.1256058459048905     
           7           8   1.6114585200544080     
           2           9   1.2446928795192158     
           8           9   1.1247585626928138     
           3          10   1.2379168377154572     
          10          11   1.1629044547968941     
          11          12   1.5243657990449118     
           3          13   1.2476162504105082     
          12          13   1.1214369334055645     
           4          14   1.2319059413127187     
          14          15   1.1627185528116961     
          15          16   1.5234694715901820     
           4          17   1.2542163146961014     
          16          17   1.1240974968545152     
           5          18   1.2487836155436205     
          18          19   1.1260427002124294     
          19          20   1.6097195086793132     
           5          21   1.2512620181171670     
          20          21   1.1267774220513032     
           6          22   1.3559176619586037     
          21          22   1.3588565412876961     
          22          23  0.96195540252798128     
           9          24   1.3717236989631705     
          10          24   1.3408090672536364     
          24          25  0.96055258123028053     
          13          26   1.3619991200810750     
          14          26   1.3448650970185663     
          26          27  0.95862703273364502     
          17          28   1.3522932213872838     
          18          28   1.3635982381075622     
          28          29  0.95991664492360418     
           8          30   1.0296181788204040     
          30          31  0.98040517190433163     
          30          32  0.97297728322990995     
          30          33  0.97291235955317168     
           7          34   1.0297017761870451     
          34          35  0.97284695372086682     
          34          36  0.97287987094628881     
          34          37  0.98043740147906255     
          11          38   1.0328915673803403     
          38          39  0.96760182646507642     
          38          40  0.97656826351931336     
          38          41  0.97740783681826127     
          12          42   1.1051867755029487     
          42          43  0.95852338189756536     
          42          44   1.8857159540929884     
          44          45  0.97577242551670873     
          44          46  0.97936478080777023     
          15          47   1.0324531125902108     
          47          48  0.97664271674004932     
          47          49  0.96808589036146941     
          47          50  0.97725394704345814     
          16          51   1.1046512784056521     
          51          52  0.95846503495635749     
          51          53   1.8867693302031652     
          53          54  0.97577029531777149     
          53          55  0.97933194703996373     
          19          56   1.0297482309048667     
          56          57  0.97247159628735236     
          56          58  0.97322227217077972     
          56          59  0.98040460924187456     
          20          60   1.0296421723486457     
          60          61  0.97260076748315205     
          60          62  0.98045579539790340     
          60          63  0.97321784276134093     
           1          64  0.26212817406871003     
          64          65  0.88399982664703514     
          64          66  0.88408594470223933     
          67          68  0.97096499482310539     
          67          69  0.97099829341312005     
          67          70  0.98194810987666881     
          71          72  0.94111825796626281     
          67          73   1.0316494652026262     
          71          73   1.1888865809399349     
          71          74   1.2624662020473192     
          73          74  0.11182618861511212     
          74          75  0.95474431751188704     
           1          76  0.50946180012677966     
          74          76   1.4798562161003581     
          73          77   1.5602175831118921     
          76          77   1.2456885261571093     
          77          78  0.95783207386931768     
