    0.46517808
   -0.21903654
   -0.22862293
   -0.24436807
   -0.23621957
    0.05504287
   -0.02781521
   -0.02817957
    0.05607589
    0.05515182
   -0.02074223
   -0.03142365
    0.05409461
    0.04849969
   -0.02194661
   -0.03153959
    0.05424081
    0.05176894
   -0.02825880
   -0.02772302
    0.05434903
   -0.06808182
    0.03948592
   -0.06795812
    0.03809569
   -0.07433238
    0.03565073
   -0.07225859
    0.03751000
   -0.10007915
    0.03605997
    0.03939363
    0.03628389
   -0.09998394
    0.03719084
    0.03872187
    0.03593402
   -0.10137202
    0.03708824
    0.03795744
    0.04415749
   -0.02768175
    0.02636634
   -0.09560217
    0.03545164
    0.02530895
   -0.10097479
    0.03603890
    0.03856666
    0.04396884
   -0.02776587
    0.02731653
   -0.09543297
    0.03588496
    0.02565052
   -0.09986144
    0.03955039
    0.03657715
    0.03606414
   -0.10013316
    0.03911380
    0.03616050
    0.03731197
   -0.47988824
    0.32460667
    0.32528516
   -0.07611959
    0.07110380
    0.07456834
    0.07586282
   -0.11068842
    0.16540068
