           1           2  0.58239420986172230     
           1           3  0.57673000198038349     
           1           4  0.56671549440556024     
           1           5  0.57328503718507173     
           2           6   1.2543566714576966     
           6           7   1.1267562233573631     
           7           8   1.6097745410418156     
           2           9   1.2459821611235802     
           8           9   1.1263824562184759     
           3          10   1.2412488963732695     
          10          11   1.1535642697055368     
          11          12   1.5356549913698392     
           3          13   1.2531064432712997     
          12          13   1.1163440913863218     
           4          14   1.2325245407345948     
          14          15   1.1596234383833124     
          15          16   1.5290028199071293     
           4          17   1.2524214564388507     
          16          17   1.1230201903294643     
           5          18   1.2447222945391716     
          18          19   1.1312941929011462     
          19          20   1.6040107266870776     
           5          21   1.2455417720564395     
          20          21   1.1318948974185323     
           6          22   1.3575513579774674     
          21          22   1.3618338799444734     
          22          23  0.96164107497571771     
           9          24   1.3686279969791368     
          10          24   1.3448388778889613     
          24          25  0.96044895395073393     
          13          26   1.3639566379640213     
          14          26   1.3490482769038747     
          26          27  0.95856913248764208     
          17          28   1.3557664544416972     
          18          28   1.3622679307241659     
          28          29  0.95964438309743216     
           8          30   1.0302669758718308     
          30          31  0.98026045871910517     
          30          32  0.97220329978426112     
          30          33  0.97272051516779789     
           7          34   1.0303311678639140     
          34          35  0.97292096988965271     
          34          36  0.97194141583082216     
          34          37  0.98026458359438429     
          11          38   1.0336583924594100     
          38          39  0.96742937795419781     
          38          40  0.97573193088905574     
          38          41  0.97726368371281047     
          12          42   1.1018491395981975     
          42          43  0.95811378106034284     
          42          44   1.8902958415079438     
          44          45  0.97571529433322479     
          44          46  0.97917381596031228     
          15          47   1.0335960020217196     
          47          48  0.97611778680939643     
          47          49  0.96716801545523368     
          47          50  0.97720631571465510     
          16          51   1.1013922488171972     
          51          52  0.95803207262601631     
          51          53   1.8910779899517005     
          53          54  0.97564446855618892     
          53          55  0.97914469768908496     
          19          56   1.0303535642128576     
          56          57  0.97159424991268795     
          56          58  0.97312832864012611     
          56          59  0.98021857210124430     
          20          60   1.0303575664158910     
          60          61  0.97232708957392255     
          60          62  0.98028323786694771     
          60          63  0.97245059856903193     
           1          64  0.27398285582700838     
          64          65  0.87966677500795099     
          64          66  0.87964343943555412     
          67          68  0.98107393843890245     
          67          69  0.97862468375160261     
          67          70  0.97428287213012676     
           1          71  0.44043023114753277     
          67          71  0.99302140353987522     
          71          72  0.94237977101733239     
