    0.44131744
   -0.21207614
   -0.20392485
   -0.22632537
   -0.23445840
    0.04973513
   -0.03078936
   -0.02801878
    0.05517276
    0.05619355
   -0.01898188
   -0.03174865
    0.05678316
    0.05004755
   -0.02621789
   -0.03373919
    0.05283758
    0.04810472
   -0.03151691
   -0.03345021
    0.04588279
   -0.07664352
    0.03386852
   -0.06452392
    0.03885668
   -0.07032990
    0.03515378
   -0.07362470
    0.03969362
   -0.09944260
    0.03438854
    0.03910110
    0.03518704
   -0.09846079
    0.03317839
    0.03688795
    0.03442110
   -0.10109976
    0.03487151
    0.03986518
    0.04267880
   -0.02679098
    0.02348977
   -0.09686803
    0.03571264
    0.02294551
   -0.09944061
    0.03586805
    0.03775548
    0.03670788
   -0.02633686
    0.02543030
   -0.09656365
    0.03122650
    0.02375384
   -0.09869279
    0.03577095
    0.03604059
    0.03340917
   -0.09826349
    0.03284949
    0.03362772
    0.03573487
   -0.48086466
    0.32108906
    0.32168589
   -0.11780758
    0.05661952
    0.05648903
    0.06368714
   -0.08433014
    0.17408600
    0.03841828
    0.07266286
    0.06982741
   -0.13192647
   -0.00322942
    0.06737265
