    0.39639174
   -0.21049199
   -0.21564153
   -0.20931560
   -0.20441884
    0.05123884
   -0.03184499
   -0.03281824
    0.04924809
    0.04892886
   -0.02478567
   -0.03572400
    0.05195429
    0.04972192
   -0.02726525
   -0.03395057
    0.05637649
    0.05201846
   -0.03094755
   -0.03168763
    0.05183003
   -0.07110254
    0.03211067
   -0.07392880
    0.03099427
   -0.07337550
    0.03084796
   -0.07024443
    0.03799274
   -0.09682495
    0.03213497
    0.03444448
    0.03168134
   -0.09723042
    0.03385803
    0.03398180
    0.03190448
   -0.09849110
    0.03162479
    0.03491316
    0.04028814
   -0.02721382
    0.02241950
   -0.09900463
    0.03194458
    0.02002405
   -0.09749000
    0.03495998
    0.03366775
    0.03523310
   -0.02604214
    0.02318211
   -0.09750920
    0.03146579
    0.02139037
   -0.09755041
    0.03429459
    0.03510964
    0.03228118
   -0.09720617
    0.03383254
    0.03230716
    0.03354220
   -0.11599368
    0.05440702
    0.05428193
    0.06154051
   -0.08635411
    0.17182780
    0.03677969
    0.07519241
    0.06711206
   -0.12531214
   -0.00155696
    0.06450575
   -0.11608324
    0.05428323
    0.05436526
    0.06199062
   -0.08662986
    0.17152659
    0.03684933
    0.07482180
    0.06686600
   -0.12554559
   -0.00142380
    0.06451526
