    0.44067962
   -0.20977940
   -0.20685507
   -0.22813384
   -0.23192655
    0.05091571
   -0.03062833
   -0.02778557
    0.05526200
    0.05570932
   -0.02760503
   -0.02947641
    0.05281557
    0.05213493
   -0.03416353
   -0.02316638
    0.04928402
    0.05104191
   -0.03461162
   -0.02459240
    0.04733265
   -0.07428949
    0.03459264
   -0.06491991
    0.03903332
   -0.07234202
    0.03474233
   -0.07345366
    0.03359988
   -0.09853149
    0.03283345
    0.03768678
    0.03459831
   -0.09947846
    0.03895396
    0.03546765
    0.03441403
   -0.10006796
    0.03740405
    0.03270020
    0.04160257
   -0.02763284
    0.02358645
   -0.09714934
    0.03444154
    0.02283710
   -0.09996043
    0.03667942
    0.03434615
    0.04201430
   -0.02754611
    0.02407166
   -0.09692121
    0.03432121
    0.02295304
   -0.09871878
    0.03745687
    0.03485424
    0.03453154
   -0.09946703
    0.03831530
    0.03468984
    0.03569321
   -0.48036320
    0.32125731
    0.32147664
   -0.11784070
    0.05667883
    0.05652795
    0.06374699
   -0.08414435
    0.17428410
    0.03847662
    0.07278113
    0.06979294
   -0.13144023
   -0.00307750
    0.06744952
