           1           2  0.58940796082327274     
           1           3  0.58662039886606510     
           1           4  0.58480379329975463     
           1           5  0.58760578335084102     
           2           6   1.2551511322256352     
           6           7   1.1284892131276529     
           7           8   1.6079692096450151     
           2           9   1.2461957474304430     
           8           9   1.1279227036572406     
           3          10   1.2456755945857390     
          10          11   1.1583937234397643     
          11          12   1.5331148756287072     
           3          13   1.2545109893688340     
          12          13   1.1166189785734724     
           4          14   1.2373679542485221     
          14          15   1.1602362907381925     
          15          16   1.5234792876372620     
           4          17   1.2617531896920877     
          16          17   1.1187288872523473     
           5          18   1.2488229547726408     
          18          19   1.1308408233473020     
          19          20   1.6041985322833170     
           5          21   1.2512938927741935     
          20          21   1.1312386627208091     
           6          22   1.3534266874856413     
          21          22   1.3545942015633134     
          22          23  0.96255828469160565     
           9          24   1.3669448524056680     
          10          24   1.3367856788465093     
          24          25  0.96251232887924920     
          13          26   1.3591778809396005     
          14          26   1.3435962417466529     
          26          27  0.95699957385613699     
          17          28   1.3486570795010957     
          18          28   1.3582431271167517     
          28          29  0.96038833542585023     
           8          30   1.0286681954146770     
          30          31  0.97343171724084443     
          30          32  0.98065418494280587     
          30          33  0.97363309314222957     
           7          34   1.0286716171942609     
          34          35  0.97317550350667814     
          34          36  0.97387423411026464     
          34          37  0.98064628073645232     
          11          38   1.0303942254610012     
          38          39  0.97336921500594620     
          38          40  0.98253579801757340     
          38          41  0.97139666163196958     
          12          42   1.0989104711944935     
          42          43  0.95803501602150520     
          42          44   1.8917732305811681     
          44          45  0.97517821990755438     
          44          46  0.97923864644401148     
          15          47   1.0323547386185936     
          47          48  0.96806456347454373     
          47          49  0.97702140980497587     
          47          50  0.97719195060346131     
          16          51   1.1091082244709942     
          51          52  0.95888815398724869     
          51          53   1.8810690823528660     
          53          54  0.97584031376965163     
          53          55  0.97953862430575034     
          19          56   1.0285951521039360     
          56          57  0.97399342463568872     
          56          58  0.97312415634616678     
          56          59  0.98060424607091035     
          20          60   1.0286056659398104     
          60          61  0.98066286071563624     
          60          62  0.97354404967774610     
          60          63  0.97357969706324154     
          64          65  0.97167455373631828     
          64          66  0.97145141984583994     
          64          67  0.98227992634679051     
          68          69  0.94195947068174490     
          64          70   1.0311792065994487     
          68          70   1.1871319325500962     
          68          71   1.2616635221991122     
          70          71  0.11268026405411942     
          71          72  0.95513137754664434     
           1          73  0.49285298003916345     
          71          73   1.4860462277346691     
          70          74   1.5614533450433434     
          73          74   1.2504449283047865     
          74          75  0.96051597977799863     
          76          77  0.97167312571083553     
          76          78  0.97143601129420742     
          76          79  0.98226566909876323     
          80          81  0.94202517395045393     
          76          82   1.0311906921460985     
          80          82   1.1870410897514332     
          80          83   1.2612022089960153     
          82          83  0.11270531192402782     
          83          84  0.95522147619251563     
           1          85  0.49290645210504458     
          83          85   1.4859313085165102     
          82          86   1.5615348802843720     
          85          86   1.2503219646485817     
          86          87  0.96039538005932790     
