    0.39583638
   -0.20478346
   -0.20864065
   -0.21502996
   -0.21066437
    0.05193192
   -0.03127036
   -0.03154664
    0.05211836
    0.05160007
   -0.02647342
   -0.03460592
    0.05427623
    0.04915704
   -0.02424388
   -0.03581088
    0.05180050
    0.04946216
   -0.03239038
   -0.03207796
    0.05138042
   -0.07125146
    0.03207017
   -0.07086243
    0.03203022
   -0.07294080
    0.03735453
   -0.07372012
    0.03105665
   -0.09724947
    0.03438484
    0.03217047
    0.03331865
   -0.09721600
    0.03358224
    0.03414524
    0.03211425
   -0.09788997
    0.03458223
    0.03509833
    0.03493596
   -0.02576516
    0.02362681
   -0.09792584
    0.02865880
    0.02126550
   -0.09877669
    0.03461213
    0.03420741
    0.04053705
   -0.02708750
    0.02111433
   -0.09885205
    0.03238742
    0.01995649
   -0.09681236
    0.03494680
    0.03216485
    0.03211115
   -0.09716427
    0.03205452
    0.03384766
    0.03375229
   -0.11596595
    0.05415775
    0.05449743
    0.06144137
   -0.08630916
    0.17188424
    0.03667072
    0.07518129
    0.06777157
   -0.12579183
   -0.00159493
    0.06435351
   -0.11598233
    0.05417708
    0.05450483
    0.06150777
   -0.08654293
    0.17168571
    0.03670374
    0.07495256
    0.06723390
   -0.12586793
   -0.00165661
    0.06439015
