    0.44119206
   -0.21082156
   -0.20433008
   -0.22760589
   -0.23438730
    0.05036781
   -0.03053091
   -0.02795028
    0.05522592
    0.05612151
   -0.01897689
   -0.03185113
    0.05640459
    0.04962728
   -0.02336363
   -0.03397248
    0.05166640
    0.04804333
   -0.03187922
   -0.03317129
    0.04622954
   -0.07570068
    0.03434083
   -0.06430749
    0.03904191
   -0.07068201
    0.03489466
   -0.07372979
    0.03375484
   -0.09947728
    0.03521420
    0.03448369
    0.03917684
   -0.09853458
    0.03327663
    0.03713316
    0.03450320
   -0.10113124
    0.03494347
    0.03984776
    0.04276871
   -0.02697912
    0.02382031
   -0.09687452
    0.03568052
    0.02301938
   -0.10042524
    0.03674552
    0.03551551
    0.04203886
   -0.02755464
    0.02346416
   -0.09700225
    0.03451342
    0.02249085
   -0.09837356
    0.03566004
    0.03533505
    0.03337965
   -0.09835496
    0.03317256
    0.03365969
    0.03592084
   -0.48058804
    0.32106799
    0.32163924
   -0.11785399
    0.05692060
    0.05637848
    0.06386495
   -0.08418041
    0.17417458
    0.03855877
    0.07271429
    0.06979416
   -0.13165409
   -0.00299128
    0.06744804
