           1           2  0.59852868070006660     
           1           3  0.59680304829972008     
           1           4  0.58518721841054722     
           1           5  0.58386278263282487     
           2           6   1.2508425875379940     
           6           7   1.1276696612705259     
           7           8   1.6089203196152198     
           2           9   1.2462324294748788     
           8           9   1.1269735492484354     
           3          10   1.2461306204426947     
          10          11   1.1505362574437583     
          11          12   1.5372815659879686     
           3          13   1.2546207107422316     
          12          13   1.1113177021884189     
           4          14   1.2343712765687929     
          14          15   1.1610082207527108     
          15          16   1.5254947709441034     
           4          17   1.2537520908993087     
          16          17   1.1215821909011372     
           5          18   1.2426105866573776     
          18          19   1.1373742411104550     
          19          20   1.5965205197640375     
           5          21   1.2428519901979445     
          20          21   1.1384358883823205     
           6          22   1.3572582605379642     
          21          22   1.3550187563974554     
          22          23  0.96221598478973736     
           9          24   1.3684624173932445     
          10          24   1.3450052201410256     
          24          25  0.96052160529871045     
          13          26   1.3653999094501443     
          14          26   1.3444009452529975     
          26          27  0.95852002791402269     
          17          28   1.3552820635073202     
          18          28   1.3588522245904135     
          28          29  0.96017105877171516     
           8          30   1.0298626463159062     
          30          31  0.97288347467186487     
          30          32  0.98042702994004971     
          30          33  0.97262134836912628     
           7          34   1.0291655407225522     
          34          35  0.97313762794903291     
          34          36  0.97330801876427753     
          34          37  0.98041692401604608     
          11          38   1.0334445771936185     
          38          39  0.97645745635715575     
          38          40  0.96722401484940823     
          38          41  0.97735655671868349     
          12          42   1.1048662621530307     
          42          43  0.95839389404506847     
          42          44   1.8865354025945218     
          44          45  0.97569863384715338     
          44          46  0.97932498959756409     
          15          47   1.0329610180537019     
          47          48  0.96762850192642447     
          47          49  0.97646028345939051     
          47          50  0.97720352623738194     
          16          51   1.1050533543667260     
          51          52  0.95871462219169556     
          51          53   1.8861305237845896     
          53          54  0.97574300461865315     
          53          55  0.97936076646258052     
          19          56   1.0293315349952528     
          56          57  0.97340773829213800     
          56          58  0.97262540947898413     
          56          59  0.98046643504884612     
          20          60   1.0288569315373337     
          60          61  0.97359432076583230     
          60          62  0.98051399393917726     
          60          63  0.97304247647732134     
           1          64  0.26256428909189633     
          64          65  0.88427992294519164     
          64          66  0.88371752074656407     
          67          68  0.97066891530646682     
          67          69  0.97124987446439481     
          67          70  0.98185811242312937     
          71          72  0.94124131121467958     
          67          73   1.0317558713808002     
          71          73   1.1886515292269937     
          71          74   1.2621826594185128     
          73          74  0.11217149073880721     
          74          75  0.95388096063263483     
           1          76  0.50956789929586355     
          74          76   1.4791057238490957     
          73          77   1.5599974730550228     
          76          77   1.2462491867158823     
          77          78  0.95871265171674902     
