           1           2  0.58019500179974848     
           1           3  0.57676505527363875     
           1           4  0.57412681098185614     
           1           5  0.57678629251776803     
           2           6   1.2465336474492967     
           6           7   1.1264853197388534     
           7           8   1.6098178786018991     
           2           9   1.2532113890872669     
           8           9   1.1272647726863636     
           3          10   1.2472269082636904     
          10          11   1.1324244698004442     
          11          12   1.6011179240853071     
           3          13   1.2474143866986049     
          12          13   1.1328198235779678     
           4          14   1.2593940317808219     
          14          15   1.1182413242265479     
          15          16   1.5301553262417238     
           4          17   1.2365089622262349     
          16          17   1.1573495249950432     
           5          18   1.2511807529571750     
          18          19   1.1165210491176003     
          19          20   1.5378079874269979     
           5          21   1.2471054626322136     
          20          21   1.1560281152230150     
           6          22   1.3701176714224015     
          21          22   1.3401122773468819     
          22          23  0.96204867549375039     
           9          24   1.3564759091782577     
          10          24   1.3531280029099062     
          24          25  0.96228903103552732     
          13          26   1.3572609154354225     
          14          26   1.3518241734539820     
          26          27  0.96018166086585799     
          17          28   1.3442019853581395     
          18          28   1.3604795440722159     
          28          29  0.95684258083377827     
           7          30   1.0296387061791632     
          30          31  0.97328507792686458     
          30          32  0.97255364590300664     
          30          33  0.98049355900370838     
           8          34   1.0292156905923058     
          34          35  0.97312089872352159     
          34          36  0.97324005278591452     
          34          37  0.98048461956817623     
          20          38   1.0311684483133425     
          38          39  0.97037793711879294     
          38          40  0.97340677150006849     
          38          41  0.98245435365812439     
          19          42   1.0949195692097917     
          42          43  0.95783323460258019     
          42          44   1.8966479731890071     
          44          45  0.97514487132925098     
          44          46  0.97906483069222516     
          16          47   1.0327752460526469     
          47          48  0.96786340671485493     
          47          49  0.97605367348964855     
          47          50  0.97750392356740745     
          15          51   1.1043803165696047     
          51          52  0.95834051412748122     
          51          53   1.8867558371861115     
          53          54  0.97582126838882510     
          53          55  0.97937529494824305     
          12          56   1.0293985791720637     
          56          57  0.97290993470471476     
          56          58  0.97311794090969139     
          56          59  0.98049795653694194     
          11          60   1.0289011941442379     
          60          61  0.98050242485191186     
          60          62  0.97345368263264964     
          60          63  0.97312292865252448     
          64          65  0.97118772957608646     
          64          66  0.97101555825571118     
          64          67  0.98194827124412809     
          68          69  0.94136497789165008     
          64          70   1.0316496604525678     
          68          70   1.1881238861173791     
          68          71   1.2629804473492867     
          70          71  0.11256899790935299     
          71          72  0.95385003416629888     
           1          73  0.49492175247814540     
          71          73   1.4807526253121917     
          70          74   1.5597316011648648     
          73          74   1.2478960204108176     
          74          75  0.95906054957940345     
          76          77  0.98021336206964271     
          76          78  0.97911289583487560     
          76          79  0.98645108838574203     
          76          80   1.0264290652621448     
          80          81  0.96816879939073264     
          80          82  0.97311997422077834     
           1          83  0.39013056027069737     
          80          83  0.96255800938635916     
          83          84  0.99650485122774157     
          84          85  0.97750297630252292     
          84          86  0.98071800438073109     
          84          87  0.97530284029115677     
