    0.42770730
   -0.21802635
   -0.22436001
   -0.22340574
   -0.21707989
    0.05486348
   -0.02845100
   -0.02994889
    0.05276712
    0.04975353
   -0.03314056
   -0.03085918
    0.05312825
    0.05535398
   -0.03392370
   -0.02412918
    0.05193598
    0.05700597
   -0.03469734
   -0.02481995
    0.05333819
   -0.06780501
    0.03614206
   -0.07401284
    0.03369590
   -0.07171888
    0.03181678
   -0.07290238
    0.03672107
   -0.09862620
    0.03473132
    0.03805739
    0.03402132
   -0.09814947
    0.03777464
    0.03290896
    0.03405776
   -0.09902786
    0.03740527
    0.03592494
    0.03645419
   -0.02632377
    0.02467373
   -0.09645670
    0.03181018
    0.02362747
   -0.09926456
    0.03581217
    0.03411214
    0.04129011
   -0.02731096
    0.02325545
   -0.09703550
    0.03374969
    0.02192690
   -0.09766510
    0.03595898
    0.03451101
    0.03304670
   -0.09786900
    0.03343970
    0.03279977
    0.03598193
   -0.11710710
    0.05578850
    0.05608041
    0.06328119
   -0.08486966
    0.17362694
    0.03777540
    0.07416481
    0.06953766
   -0.13026970
   -0.00199300
    0.06605521
   -0.10800188
    0.04529762
    0.05758527
    0.04836659
   -0.02077434
    0.05806205
    0.05065176
   -0.06093514
   -0.07200190
    0.06416635
    0.05907789
    0.07188372
