    0.42847327
   -0.21812509
   -0.22383137
   -0.22367618
   -0.21742570
    0.05498429
   -0.02823514
   -0.02986089
    0.05269287
    0.04968461
   -0.03309062
   -0.03080582
    0.05328874
    0.05543661
   -0.03384131
   -0.02452789
    0.05197065
    0.05534856
   -0.03482834
   -0.02173731
    0.05346427
   -0.06756482
    0.03630715
   -0.07395115
    0.03381609
   -0.07129818
    0.03199193
   -0.07257853
    0.03097964
   -0.09867283
    0.03469002
    0.03834491
    0.03418102
   -0.09820966
    0.03781535
    0.03300492
    0.03418972
   -0.09997720
    0.03747032
    0.03450436
    0.04183492
   -0.02721229
    0.02277166
   -0.09718809
    0.03417270
    0.02249942
   -0.09885117
    0.03560172
    0.03323948
    0.04126211
   -0.02729134
    0.02350980
   -0.09688527
    0.03362512
    0.02212389
   -0.09771149
    0.03607557
    0.03462598
    0.03309990
   -0.09790825
    0.03351484
    0.03276265
    0.03609490
   -0.11707042
    0.05593706
    0.05599680
    0.06325778
   -0.08478002
    0.17362982
    0.03781767
    0.07413209
    0.06963119
   -0.13043063
   -0.00195359
    0.06622294
   -0.10798852
    0.04539036
    0.05761054
    0.04850692
   -0.02082500
    0.05760404
    0.05077329
   -0.06026895
   -0.07232456
    0.06417900
    0.05928592
    0.07149822
