    0.43092934
   -0.22833164
   -0.21816845
   -0.21236292
   -0.22388344
    0.04873020
   -0.03462147
   -0.03201934
    0.05099970
    0.05164151
   -0.03155916
   -0.02956805
    0.05426160
    0.05888220
   -0.03059464
   -0.02000704
    0.05534493
    0.05560333
   -0.03305388
   -0.02487172
    0.05032579
   -0.07708065
    0.02955852
   -0.07197456
    0.03287766
   -0.06766321
    0.03586813
   -0.06932182
    0.03403895
   -0.09671494
    0.03231717
    0.03409970
    0.03265413
   -0.09784553
    0.03476724
    0.03452969
    0.03274008
   -0.09884076
    0.03602350
    0.03181755
    0.04077994
   -0.02712598
    0.02337944
   -0.09659992
    0.03426908
    0.02270023
   -0.10005789
    0.03913117
    0.03418314
    0.04241690
   -0.02639597
    0.02402765
   -0.09649005
    0.03542655
    0.02297445
   -0.09837166
    0.03793208
    0.03495201
    0.03359178
   -0.09772878
    0.03387872
    0.03476428
    0.03436080
   -0.11726231
    0.05624349
    0.05599964
    0.06344732
   -0.08514942
    0.17383228
    0.03825549
    0.07457896
    0.06849762
   -0.12964258
   -0.00189983
    0.06672483
   -0.10836684
    0.04568684
    0.05823741
    0.04890072
   -0.02030977
    0.05507096
    0.05046857
   -0.05976971
   -0.07251917
    0.06237919
    0.05875269
    0.07231799
