           1           2  0.57528960625018588     
           1           3  0.57471706110045429     
           1           4  0.57788088915853941     
           1           5  0.57418257115377436     
           2           6   1.2428530428661857     
           6           7   1.1326208872572607     
           7           8   1.6019308246362360     
           2           9   1.2504381195399163     
           8           9   1.1342077318405464     
           3          10   1.2477413596577569     
          10          11   1.1306727609462954     
          11          12   1.6047040169280726     
           3          13   1.2507265234395004     
          12          13   1.1305877915263083     
           4          14   1.2615525362331474     
          14          15   1.1124654370713640     
          15          16   1.5372896616971889     
           4          17   1.2412019775902150     
          16          17   1.1500182752274302     
           5          18   1.2556212284925699     
          18          19   1.1185597037291344     
          19          20   1.5295617286295446     
           5          21   1.2396849055544599     
          20          21   1.1581075099319607     
           6          22   1.3643722267922176     
          21          22   1.3392112368037643     
          22          23  0.96107623395916308     
           9          24   1.3531402737643634     
          10          24   1.3581067602684680     
          24          25  0.96240678558667425     
          13          26   1.3559859800666538     
          14          26   1.3556816257675162     
          26          27  0.95990012980645911     
          17          28   1.3513947498932282     
          18          28   1.3549941275471631     
          28          29  0.95892729713857117     
           7          30   1.0286202630857364     
          30          31  0.97271929736790130     
          30          32  0.97427647854472887     
          30          33  0.98051082747033658     
           8          34   1.0290233410039267     
          34          35  0.97295014194205831     
          34          36  0.97340185544602031     
          34          37  0.98059751829211250     
          20          38   1.0322456478988882     
          38          39  0.96820363090521411     
          38          40  0.97653301323749886     
          38          41  0.97772069606454448     
          19          42   1.1038173787853611     
          42          43  0.95871709785257886     
          42          44   1.8873087588137345     
          44          45  0.97578732189757134     
          44          46  0.97932281707851454     
          16          47   1.0334294181584620     
          47          48  0.96734942645795285     
          47          49  0.97616939775939238     
          47          50  0.97749253998331120     
          15          51   1.1044355968244837     
          51          52  0.95814451608716056     
          51          53   1.8871965029425823     
          53          54  0.97571549580997285     
          53          55  0.97931608378987345     
          12          56   1.0296275689869154     
          56          57  0.97308160373437769     
          56          58  0.97265411318022121     
          56          59  0.98053726043177170     
          11          60   1.0290698477995963     
          60          61  0.98053769702468885     
          60          62  0.97375292791171131     
          60          63  0.97282357651008466     
          64          65  0.97109355385420126     
          64          66  0.97104807816505900     
          64          67  0.98193048106234959     
          68          69  0.94132010397189414     
          64          70   1.0316514595595556     
          68          70   1.1882174359419144     
          68          71   1.2621374250491226     
          70          71  0.11241045960962338     
          71          72  0.95471128603883981     
           1          73  0.49528081635081772     
          71          73   1.4814069979448274     
          70          74   1.5602345861422227     
          73          74   1.2469298957830117     
          74          75  0.95966253936639001     
          76          77  0.98019943568485979     
          76          78  0.97752183629376854     
          76          79  0.98629764034976308     
          76          80   1.0261033445256948     
          80          81  0.96966425383284660     
          80          82  0.97330328881942063     
           1          83  0.40120491933187996     
          80          83  0.96124455752849614     
          83          84  0.99527180156333028     
          84          85  0.97878708823926341     
          84          86  0.98122563227175430     
          84          87  0.97420213364412978     
