    0.46572036
   -0.21729325
   -0.24608379
   -0.24462828
   -0.21948895
    0.05720820
   -0.02683909
   -0.02862727
    0.05495208
    0.05076707
   -0.02330037
   -0.03389133
    0.04925687
    0.04836608
   -0.02224059
   -0.03105138
    0.05402917
    0.05481524
   -0.02617449
   -0.02540146
    0.05908067
   -0.06402696
    0.04144368
   -0.07132491
    0.03635143
   -0.07777143
    0.03388959
   -0.07083281
    0.03879459
   -0.09979474
    0.03613308
    0.03864411
    0.03604268
   -0.10035216
    0.03735825
    0.03998067
    0.03603041
   -0.10102071
    0.03710280
    0.03638712
    0.04308846
   -0.02846424
    0.02498049
   -0.09533008
    0.03564203
    0.02508675
   -0.10070090
    0.03576580
    0.03792128
    0.04386502
   -0.02774491
    0.02770337
   -0.09526881
    0.03579163
    0.02581520
   -0.10014472
    0.03939116
    0.03794657
    0.03674143
   -0.10052449
    0.03675883
    0.03932308
    0.03894064
   -0.47907565
    0.32495945
    0.32531840
   -0.07592873
    0.07096847
    0.07427889
    0.07603100
   -0.11173747
    0.16639189
