           1           2  0.57604265732995474     
           1           3  0.57006802058076345     
           1           4  0.57385017423370821     
           1           5  0.58069786940708878     
           2           6   1.2548112378758900     
           6           7   1.1317827327420948     
           7           8   1.6039990872434331     
           2           9   1.2424443042402724     
           8           9   1.1317627735902309     
           3          10   1.2391007832007568     
          10          11   1.1602126809823585     
          11          12   1.5353786120221167     
           3          13   1.2538607457280855     
          12          13   1.1212525301317036     
           4          14   1.2375159696406275     
          14          15   1.1536331796573431     
          15          16   1.5332588168929939     
           4          17   1.2615676028911380     
          16          17   1.1168610838600292     
           5          18   1.2507233035138334     
          18          19   1.1256067082369381     
          19          20   1.6112756058216657     
           5          21   1.2522276304606437     
          20          21   1.1254957791857856     
           6          22   1.3532846506787406     
          21          22   1.3618859260177381     
          22          23  0.96205028341607213     
           9          24   1.3648025798668078     
          10          24   1.3376947769717735     
          24          25  0.96254087800988875     
          13          26   1.3576369246399114     
          14          26   1.3511766663096316     
          26          27  0.95685761918123524     
          17          28   1.3512572650473225     
          18          28   1.3609882817423442     
          28          29  0.95997968165140835     
           8          30   1.0287507972964141     
          30          31  0.98049940843076322     
          30          32  0.97339152900645054     
          30          33  0.97344431073344539     
           7          34   1.0295289064257347     
          34          35  0.97294760383766565     
          34          36  0.97286051700667620     
          34          37  0.98051620158026620     
          11          38   1.0301850439403772     
          38          39  0.97368944968665350     
          38          40  0.97124780416861056     
          38          41  0.98256996390969531     
          12          42   1.0928495346598510     
          42          43  0.95769166304184594     
          42          44   1.8992948110055257     
          44          45  0.97520635158421765     
          44          46  0.97899994234113930     
          15          47   1.0333907023025612     
          47          48  0.96745826325390349     
          47          49  0.97592136673138041     
          47          50  0.97733433490676713     
          16          51   1.1041288554841979     
          51          52  0.95847064791870862     
          51          53   1.8875086192316028     
          53          54  0.97569777151195203     
          53          55  0.97929059828127785     
          19          56   1.0298294277693101     
          56          57  0.97242499141538907     
          56          58  0.97308849918244422     
          56          59  0.98043146675063397     
          20          60   1.0296915275006224     
          60          61  0.97253075244804665     
          60          62  0.98044708793134783     
          60          63  0.97329411190023885     
          64          65  0.97099799239036422     
          64          66  0.97105664655280632     
          64          67  0.98191020137187990     
          68          69  0.94128175867123165     
          64          70   1.0316736064344862     
          68          70   1.1883474295595178     
          68          71   1.2621235810099807     
          70          71  0.11230971049332386     
          71          72  0.95365374242868350     
           1          73  0.50477814637588270     
          71          73   1.4790885742835223     
          70          74   1.5601500473311611     
          73          74   1.2454140993468175     
          74          75  0.95839362712466070     
          76          77  0.97542299854058112     
          76          78  0.98224813194804550     
          76          79  0.97970312059972686     
           1          80  0.37521200530593718     
          76          80  0.99704621977769980     
          80          81  0.94691166543328908     
