    0.41951157
   -0.22425858
   -0.23127768
   -0.21939116
   -0.21300433
    0.05329623
   -0.03019132
   -0.03348513
    0.04934880
    0.04796143
   -0.02926848
   -0.03312944
    0.05559332
    0.05189845
   -0.02134884
   -0.03151973
    0.05787466
    0.05603004
   -0.02808989
   -0.02798818
    0.05624560
   -0.06774080
    0.03594145
   -0.07831188
    0.02999311
   -0.07200482
    0.03862539
   -0.06802392
    0.03583384
   -0.09743499
    0.03344733
    0.03301430
    0.03449555
   -0.09825097
    0.03644011
    0.03532956
    0.03325039
   -0.09771674
    0.03452512
    0.03357617
    0.03604392
   -0.02644382
    0.02502229
   -0.09536988
    0.03188865
    0.02403417
   -0.10003852
    0.03757470
    0.03523158
    0.04247548
   -0.02658981
    0.02416336
   -0.09613603
    0.03521665
    0.02337421
   -0.09856635
    0.03878809
    0.03491988
    0.03442249
   -0.09844230
    0.03731163
    0.03451441
    0.03527570
   -0.11738965
    0.05649804
    0.05614084
    0.06355427
   -0.08487194
    0.17399614
    0.03845279
    0.07392153
    0.06934790
   -0.12833733
   -0.00255348
    0.06765320
   -0.06988177
    0.07363407
    0.06647740
    0.07169944
   -0.12197703
    0.16516956
