    0.44056953
   -0.20983516
   -0.21127703
   -0.22802769
   -0.22743364
    0.05307283
   -0.02883201
   -0.02972286
    0.05293901
    0.05307509
   -0.02139638
   -0.03182907
    0.05532447
    0.04982495
   -0.02241572
   -0.03484000
    0.05157047
    0.04787902
   -0.03241114
   -0.03046290
    0.05037436
   -0.06949526
    0.03671851
   -0.06933639
    0.03705374
   -0.06975578
    0.03571048
   -0.07611382
    0.03258243
   -0.09896223
    0.03457516
    0.03899208
    0.03310105
   -0.09904778
    0.03509884
    0.03763745
    0.03439728
   -0.10065797
    0.03288040
    0.04000808
    0.04215423
   -0.02688133
    0.02368798
   -0.09677633
    0.03575229
    0.02314429
   -0.10027299
    0.03471251
    0.03739654
    0.04212360
   -0.02770175
    0.02348809
   -0.09725504
    0.03433267
    0.02260162
   -0.09824345
    0.03493255
    0.03528438
    0.03365094
   -0.09898196
    0.03573942
    0.03389375
    0.03596978
   -0.48042815
    0.32122238
    0.32146065
   -0.11776353
    0.05642797
    0.05668267
    0.06369524
   -0.08388093
    0.17433071
    0.03829346
    0.07268686
    0.07002079
   -0.13142225
   -0.00287913
    0.06726907
