           1           2  0.59844630767290996     
           1           3  0.59496326024716994     
           1           4  0.58409600963666819     
           1           5  0.58690763177767491     
           2           6   1.2529509887709431     
           6           7   1.1273227434698667     
           7           8   1.6089985149539965     
           2           9   1.2450565315690960     
           8           9   1.1270678146784119     
           3          10   1.2436746904544149     
          10          11   1.1535149925305370     
          11          12   1.5347485736953723     
           3          13   1.2543883929067650     
          12          13   1.1137383146014712     
           4          14   1.2349528240597902     
          14          15   1.1607398831226829     
          15          16   1.5262780312097459     
           4          17   1.2535585261313473     
          16          17   1.1213850807572669     
           5          18   1.2428794304304487     
          18          19   1.1348448055877765     
          19          20   1.5996629799897617     
           5          21   1.2448394261899653     
          20          21   1.1356118552718129     
           6          22   1.3574217956717716     
          21          22   1.3584226886970421     
          22          23  0.96201755224994301     
           9          24   1.3677502170510296     
          10          24   1.3427486953178347     
          24          25  0.96050548265511537     
          13          26   1.3652789198806714     
          14          26   1.3467021914197979     
          26          27  0.95852747377252423     
          17          28   1.3535063068766444     
          18          28   1.3581058781936319     
          28          29  0.96009546411385971     
           8          30   1.0294222032451112     
          30          31  0.98041595990336128     
          30          32  0.97280948711672055     
          30          33  0.97326257726661569     
           7          34   1.0295852028205592     
          34          35  0.97323113224924029     
          34          36  0.97267630360680091     
          34          37  0.98043203883554775     
          11          38   1.0330333734136770     
          38          39  0.97651094065290689     
          38          40  0.96741119210813242     
          38          41  0.97748971962015485     
          12          42   1.1044571178695888     
          42          43  0.95833806754824280     
          42          44   1.8869732966557142     
          44          45  0.97568279010726178     
          44          46  0.97930609527817447     
          15          47   1.0330277221358131     
          47          48  0.97623382171562745     
          47          49  0.96763482402679624     
          47          50  0.97753567789750484     
          16          51   1.1040882334686912     
          51          52  0.95839977157577716     
          51          53   1.8871407890178324     
          53          54  0.97578592811423059     
          53          55  0.97933910064720253     
          19          56   1.0291615552493931     
          56          57  0.97282629183407354     
          56          58  0.97341608302153793     
          56          59  0.98044660926149974     
          20          60   1.0293828395029860     
          60          61  0.97318110867755947     
          60          62  0.98049752712148386     
          60          63  0.97282384280416179     
           1          64  0.26276971301095553     
          64          65  0.88451909481397650     
          64          66  0.88378127330253486     
          67          68  0.97093679296572133     
          67          69  0.97101908749423183     
          67          70  0.98189427525236384     
          71          72  0.94116706468191924     
          67          73   1.0317480978404607     
          71          73   1.1886533538020381     
          71          74   1.2625583676804433     
          73          74  0.11242150066214873     
          74          75  0.95292418522279887     
           1          76  0.50894838889145577     
          74          76   1.4787698992067093     
          73          77   1.5596259944211630     
          76          77   1.2469314349668430     
          77          78  0.95973072054593467     
