           1           2  0.57395262880126030     
           1           3  0.57768160341970021     
           1           4  0.57582359941067141     
           1           5  0.57593325340625801     
           2           6   1.2431286692489405     
           6           7   1.1305028226274614     
           7           8   1.6045439418671925     
           2           9   1.2526725897912563     
           8           9   1.1315444342131720     
           3          10   1.2502387860682171     
          10          11   1.1291464993804143     
          11          12   1.6071032395713016     
           3          13   1.2489569091754240     
          12          13   1.1284411127274718     
           4          14   1.2612663420945149     
          14          15   1.1185076488645755     
          15          16   1.5313396648711186     
           4          17   1.2368200449372373     
          16          17   1.1556555156795452     
           5          18   1.2544565511194214     
          18          19   1.1161387923288317     
          19          20   1.5297677266430605     
           5          21   1.2422589196187377     
          20          21   1.1578546393561910     
           6          22   1.3661432660568740     
          21          22   1.3412716708395733     
          22          23  0.96096678232952504     
           9          24   1.3528384437708476     
          10          24   1.3580546255165871     
          24          25  0.96224147634178880     
          13          26   1.3607651060136901     
          14          26   1.3475334062631541     
          26          27  0.96046342485233427     
          17          28   1.3444795487329864     
          18          28   1.3612561939997954     
          28          29  0.95881439555098846     
           7          30   1.0291640044869230     
          30          31  0.97358689061823067     
          30          32  0.97282982734976131     
          30          33  0.98052040140040286     
           8          34   1.0292639139808959     
          34          35  0.97329812929410198     
          34          36  0.97294154077461081     
          34          37  0.98053923807985666     
          20          38   1.0326950638169290     
          38          39  0.97659691148454086     
          38          40  0.97750342721816386     
          38          41  0.96784619461253840     
          19          42   1.1054484544634651     
          42          43  0.95830879117768508     
          42          44   1.8855064082474722     
          44          45  0.97588233475352726     
          44          46  0.97939894643676295     
          16          47   1.0326041823242231     
          47          48  0.96816894575112800     
          47          49  0.97596420147941165     
          47          50  0.97786121842242890     
          15          51   1.1029184459811066     
          51          52  0.95863645459944768     
          51          53   1.8882913983728247     
          53          54  0.97581162586595760     
          53          55  0.97931375773022544     
          12          56   1.0296099516401052     
          56          57  0.97233041016285771     
          56          58  0.97350042271265147     
          56          59  0.98049769700551070     
          11          60   1.0293137649174169     
          60          61  0.98052051547480479     
          60          62  0.97311397122851240     
          60          63  0.97312193198168984     
          64          65  0.97115246147952750     
          64          66  0.97094107238358962     
          64          67  0.98192649887498851     
          68          69  0.94129887010190028     
          64          70   1.0317111133509675     
          68          70   1.1883425916514949     
          68          71   1.2631174166880463     
          70          71  0.11250085323695005     
          71          72  0.95472533840186058     
           1          73  0.49505927545206913     
          71          73   1.4804385954135668     
          70          74   1.5594231267590590     
          73          74   1.2480443239795425     
          74          75  0.95983487434441395     
          76          77  0.98017001807878446     
          76          78  0.97695951412005899     
          76          79  0.98636097710779413     
          76          80   1.0260780810935204     
          80          81  0.96978559598449066     
          80          82  0.97326561668513834     
           1          83  0.40078199826647548     
          80          83  0.96126478655446967     
          83          84  0.99517846029421186     
          84          85  0.97889556380265386     
          84          86  0.98120006050796749     
          84          87  0.97417401417271088     
