           1           2  0.58124862327902416     
           1           3  0.58017141334820754     
           1           4  0.56782504040689175     
           1           5  0.56742832433622115     
           2           6   1.2525861516942915     
           6           7   1.1265205544011974     
           7           8   1.6102973044955289     
           2           9   1.2482529459198519     
           8           9   1.1259783819353160     
           3          10   1.2487179277114693     
          10          11   1.1458051559066444     
          11          12   1.5512541747212381     
           3          13   1.2550183421478858     
          12          13   1.1101372693917113     
           4          14   1.2334569417115275     
          14          15   1.1603182932439160     
          15          16   1.5278742746738725     
           4          17   1.2516028429900097     
          16          17   1.1231323689189570     
           5          18   1.2402061611646438     
          18          19   1.1386481133296562     
          19          20   1.5959423104065242     
           5          21   1.2406474825862484     
          20          21   1.1392033278915004     
           6          22   1.3583315716089888     
          21          22   1.3562105151354595     
          22          23  0.96194680819929379     
           9          24   1.3687237928121294     
          10          24   1.3481053994497068     
          24          25  0.96149045774561248     
          13          26   1.3670491896852217     
          14          26   1.3483692215351837     
          26          27  0.95623198637635654     
          17          28   1.3557301496569436     
          18          28   1.3595630882324878     
          28          29  0.95990291964006391     
           8          30   1.0305508878893557     
          30          31  0.98027909326418794     
          30          32  0.97190260591388988     
          30          33  0.97265044812128598     
           7          34   1.0300116246627975     
          34          35  0.97272408644856634     
          34          36  0.97256856528602709     
          34          37  0.98026157514550905     
          11          38   1.0323756352278446     
          38          39  0.97004483967737654     
          38          40  0.97218482968138631     
          38          41  0.98239158643377389     
          12          42   1.0914195597140453     
          42          43  0.95739196095357926     
          42          44   1.9018108673076255     
          44          45  0.97881280221723443     
          44          46  0.97493998891839673     
          15          47   1.0341264370556509     
          47          48  0.97521402278865654     
          47          49  0.96697610979868531     
          47          50  0.97721538967345789     
          16          51   1.1019009585233213     
          51          52  0.95829259920914667     
          51          53   1.8901880758671461     
          53          54  0.97564947433707272     
          53          55  0.97917162712748773     
          19          56   1.0298479524812780     
          56          57  0.97291448348723653     
          56          58  0.97229409378194720     
          56          59  0.98029328675003824     
          20          60   1.0297045008623802     
          60          61  0.98033436758811565     
          60          62  0.97247639969986754     
          60          63  0.97294797613803707     
           1          64  0.27437959243758181     
          64          65  0.87971428283244979     
          64          66  0.88010633146271156     
          67          68  0.97873873254272681     
          67          69  0.98101933911351102     
          67          70  0.97420898679578516     
           1          71  0.44027640948222202     
          67          71  0.99298432495962419     
          71          72  0.94208282482488137     
