    0.46581101
   -0.21740023
   -0.24634490
   -0.24463230
   -0.21921842
    0.05719058
   -0.02684737
   -0.02863360
    0.05490343
    0.05066209
   -0.02332711
   -0.03390994
    0.04924323
    0.04838352
   -0.02221950
   -0.03104379
    0.05403809
    0.05492049
   -0.02612539
   -0.02537269
    0.05910920
   -0.06401990
    0.04145585
   -0.07142186
    0.03630890
   -0.07776991
    0.03389304
   -0.07075365
    0.03883672
   -0.09979279
    0.03613427
    0.03863930
    0.03603369
   -0.10035376
    0.03734817
    0.03999323
    0.03602671
   -0.10101839
    0.03712633
    0.03635759
    0.04306837
   -0.02847108
    0.02499369
   -0.09531249
    0.03564331
    0.02509826
   -0.10069921
    0.03577097
    0.03792772
    0.04389396
   -0.02775858
    0.02770525
   -0.09528325
    0.03580175
    0.02581469
   -0.10015438
    0.03939376
    0.03798852
    0.03675833
   -0.10052901
    0.03677194
    0.03935273
    0.03893752
   -0.47919949
    0.32532115
    0.32492823
   -0.07591635
    0.07096172
    0.07426503
    0.07606813
   -0.11178323
    0.16643209
