           1           2  0.58274225125135637     
           1           3  0.56861627227328826     
           1           4  0.56595295840719140     
           1           5  0.58225865872078131     
           2           6   1.2565259086239113     
           6           7   1.1259298225436662     
           7           8   1.6107230126851686     
           2           9   1.2448400629152672     
           8           9   1.1254451205857652     
           3          10   1.2351891253077345     
          10          11   1.1618412841101313     
          11          12   1.5272878155145495     
           3          13   1.2476281718474105     
          12          13   1.1234504346702547     
           4          14   1.2321724478365097     
          14          15   1.1591611357885705     
          15          16   1.5291991968877061     
           4          17   1.2535345388797956     
          16          17   1.1232843169676909     
           5          18   1.2495657744419404     
          18          19   1.1242843963028051     
          19          20   1.6119890837945419     
           5          21   1.2513465004903417     
          20          21   1.1246423322804766     
           6          22   1.3566878097332919     
          21          22   1.3634798712241931     
          22          23  0.96150514853044344     
           9          24   1.3699414920497790     
          10          24   1.3424208444376249     
          24          25  0.96044935124149300     
          13          26   1.3614755167896426     
          14          26   1.3502086809765590     
          26          27  0.95855731681879286     
          17          28   1.3544249972591014     
          18          28   1.3643819764257239     
          28          29  0.95965301080757848     
           8          30   1.0301257252062987     
          30          31  0.98024681964358995     
          30          32  0.97238256471115858     
          30          33  0.97276175164467027     
           7          34   1.0305600182861430     
          34          35  0.97297586371445177     
          34          36  0.97157441328087213     
          34          37  0.98026900501402736     
          11          38   1.0333431041878089     
          38          39  0.96738619433412787     
          38          40  0.97606278091829513     
          38          41  0.97727470458995791     
          12          42   1.1019021632125863     
          42          43  0.95827461307149964     
          42          44   1.8900810983945506     
          44          45  0.97569575529956487     
          44          46  0.97918639998766421     
          15          47   1.0334960856710287     
          47          48  0.97609897774073973     
          47          49  0.96732075025605369     
          47          50  0.97717543330897283     
          16          51   1.1014079473670151     
          51          52  0.95811161929119071     
          51          53   1.8911115969467132     
          53          54  0.97562517202285481     
          53          55  0.97913476174059666     
          19          56   1.0306044846480167     
          56          57  0.97166606247641163     
          56          58  0.97287644343720880     
          56          59  0.98019010854201349     
          20          60   1.0307045566807298     
          60          61  0.98025346346313302     
          60          62  0.97204823972733145     
          60          63  0.97241647002458986     
           1          64  0.27475998550350172     
          64          65  0.88050276427525720     
          64          66  0.88025784813650221     
          67          68  0.98101869658551888     
          67          69  0.97869927115356248     
          67          70  0.97453415832939050     
           1          71  0.43826760417525501     
          67          71  0.99325041533750313     
          71          72  0.94206491890428934     
