           1           2  0.58626999142769110     
           1           3  0.59712120395024160     
           1           4  0.59450833135255576     
           1           5  0.58412908076999759     
           2           6   1.2448027245290318     
           6           7   1.1366959441311124     
           7           8   1.5984493792852776     
           2           9   1.2402824896616300     
           8           9   1.1362138987485881     
           3          10   1.2443785687247551     
          10          11   1.1496865858224949     
          11          12   1.5383723345162026     
           3          13   1.2572047497969865     
          12          13   1.1112674744723277     
           4          14   1.2414783767556175     
          14          15   1.1512917571595271     
          15          16   1.5364281563199831     
           4          17   1.2595086333106906     
          16          17   1.1133439600388586     
           5          18   1.2434004722375311     
          18          19   1.1378028787052201     
          19          20   1.5964599167419906     
           5          21   1.2419158683392928     
          20          21   1.1381040729947374     
           6          22   1.3539714577092419     
          21          22   1.3563251116022597     
          22          23  0.96234540327099660     
           9          24   1.3650538219300314     
          10          24   1.3472984358507194     
          24          25  0.96046573396047052     
          13          26   1.3635949631194104     
          14          26   1.3476439106504265     
          26          27  0.95844398082856519     
          17          28   1.3578806898861462     
          18          28   1.3576349958407121     
          28          29  0.95998893727945733     
           8          30   1.0294253079816584     
          30          31  0.97282169476656088     
          30          32  0.98046859809752485     
          30          33  0.97306989445682990     
           7          34   1.0287162222939117     
          34          35  0.97349508556412379     
          34          36  0.97333868099403698     
          34          37  0.98046008959197739     
          11          38   1.0332777914122606     
          38          39  0.96749989817759219     
          38          40  0.97623361340646753     
          38          41  0.97740216974963134     
          12          42   1.1043807577959941     
          42          43  0.95834737077407561     
          42          44   1.8871883965272622     
          44          45  0.97570008994882695     
          44          46  0.97929534257399475     
          15          47   1.0334522615998061     
          47          48  0.96724736405291756     
          47          49  0.97608330085285355     
          47          50  0.97757530867662057     
          16          51   1.1036905178796497     
          51          52  0.95833545557141009     
          51          53   1.8878427197852572     
          53          54  0.97568903155410658     
          53          55  0.97929901934008845     
          19          56   1.0294895459749138     
          56          57  0.97280900894644140     
          56          58  0.97295249507208026     
          56          59  0.98047727527082951     
          20          60   1.0286855567184592     
          60          61  0.98047895162368026     
          60          62  0.97339280158232655     
          60          63  0.97348861027984868     
           1          64  0.26302068266298967     
          64          65  0.88449616085104088     
          64          66  0.88375090077486829     
          67          68  0.97100559382477269     
          67          69  0.97089985003157020     
          67          70  0.98184668824519528     
          71          72  0.94127686547142142     
          67          73   1.0317258379137459     
          71          73   1.1886671963909163     
          71          74   1.2618257358556617     
          73          74  0.11195473260359587     
          74          75  0.95477018204342556     
           1          76  0.50974022432264265     
          74          76   1.4798429562130941     
          73          77   1.5603110853930748     
          76          77   1.2456583278723006     
          77          78  0.95778763366788433     
