           1           2  0.57195857438307429     
           1           3  0.57590481461674992     
           1           4  0.57699707561068669     
           1           5  0.57450889401961269     
           2           6   1.2474142985963808     
           6           7   1.1309495057211170     
           7           8   1.6040884246225984     
           2           9   1.2497076855670859     
           8           9   1.1317408029757285     
           3          10   1.2469080909954091     
          10          11   1.1338588459571686     
          11          12   1.6017876687229176     
           3          13   1.2482259283476307     
          12          13   1.1331001672990304     
           4          14   1.2600462085516257     
          14          15   1.1177951368371621     
          15          16   1.5308295530914531     
           4          17   1.2398077704287482     
          16          17   1.1565055330028791     
           5          18   1.2553712770901260     
          18          19   1.1118393225227849     
          19          20   1.5366706465663020     
           5          21   1.2464544329161198     
          20          21   1.1508571363012454     
           6          22   1.3642731058287856     
          21          22   1.3454391456084160     
          22          23  0.96058436772871447     
           9          24   1.3536319652699449     
          10          24   1.3547730410711931     
          24          25  0.96252741320947643     
          13          26   1.3560609318661112     
          14          26   1.3496859582579250     
          26          27  0.96050557099056844     
          17          28   1.3423097025018671     
          18          28   1.3649854662327661     
          28          29  0.95869661930261785     
           7          30   1.0295973017277695     
          30          31  0.97330673844946480     
          30          32  0.97248674437501648     
          30          33  0.98050893155182606     
           8          34   1.0287301612838937     
          34          35  0.97353106459975303     
          34          36  0.97340964266999574     
          34          37  0.98051187254908012     
          20          38   1.0334254139048864     
          38          39  0.96727103735336284     
          38          40  0.97639068315953303     
          38          41  0.97740942049190549     
          19          42   1.1051325703509272     
          42          43  0.95833722962228429     
          42          44   1.8863176459542985     
          44          45  0.97573628882499341     
          44          46  0.97934124490037622     
          16          47   1.0327776563670437     
          47          48  0.96795976675916395     
          47          49  0.97599118406950747     
          47          50  0.97778601204037519     
          15          51   1.1037038144862636     
          51          52  0.95863659437206972     
          51          53   1.8873251607234163     
          53          54  0.97581707812017959     
          53          55  0.97934185880318414     
          12          56   1.0292980767480495     
          56          57  0.97309886737238926     
          56          58  0.97294183180266680     
          56          59  0.98054826008340501     
          11          60   1.0286668618211952     
          60          61  0.98052253256930588     
          60          62  0.97285973016799321     
          60          63  0.97405069917120957     
          64          65  0.97112336184376569     
          64          66  0.97101543945092694     
          64          67  0.98192024122514343     
          68          69  0.94137901469928287     
          64          70   1.0316692543741612     
          68          70   1.1881855018303200     
          68          71   1.2620219260072143     
          70          71  0.11237099052420835     
          71          72  0.95428741486717683     
           1          73  0.49658305125087110     
          71          73   1.4806816368641840     
          70          74   1.5601312032323986     
          73          74   1.2470002828587123     
          74          75  0.95954694258870488     
          76          77  0.97862066270166714     
          76          78  0.97278748633803902     
          76          79  0.98568555273090996     
          76          80   1.0256419919747282     
          80          81  0.96613740906804280     
          80          82  0.97316631936077846     
           1          83  0.41400957394630644     
          80          83  0.96065948418752556     
          83          84  0.98978452307473441     
          84          85  0.98100021248471492     
          84          86  0.97782178997025371     
          84          87  0.97538436265479622     
