    0.43106715
   -0.22297301
   -0.21963721
   -0.21862180
   -0.22080365
    0.05096171
   -0.03181979
   -0.03058461
    0.05180889
    0.05288354
   -0.02969457
   -0.02939917
    0.05365491
    0.05657562
   -0.03224116
   -0.02371039
    0.05298091
    0.05475657
   -0.03535327
   -0.02276296
    0.05237011
   -0.07162355
    0.03280348
   -0.07150467
    0.03544671
   -0.07019298
    0.03379921
   -0.07314168
    0.03011329
   -0.09771507
    0.03419834
    0.03532797
    0.03364075
   -0.09824241
    0.03777376
    0.03325499
    0.03360174
   -0.09948098
    0.04155303
    0.03586945
    0.03379795
   -0.02752057
    0.02266621
   -0.09737736
    0.03326913
    0.02205604
   -0.09888870
    0.03606330
    0.03326177
    0.04119198
   -0.02687044
    0.02367215
   -0.09664388
    0.03424889
    0.02245621
   -0.09837542
    0.03770926
    0.03474591
    0.03400441
   -0.09842900
    0.03418483
    0.03323324
    0.03815199
   -0.11715968
    0.05597339
    0.05627422
    0.06341948
   -0.08453178
    0.17384041
    0.03798384
    0.07435115
    0.06932442
   -0.12975779
   -0.00158893
    0.06588570
   -0.10851212
    0.04595451
    0.05832399
    0.04854476
   -0.02009123
    0.05473081
    0.05077639
   -0.06066134
   -0.07228339
    0.06244252
    0.05878940
    0.07242420
