           1           2  0.57866610511491567     
           1           3  0.57719156519677484     
           1           4  0.57612349573489552     
           1           5  0.57632208568442367     
           2           6   1.2452848619556536     
           6           7   1.1274954088381612     
           7           8   1.6084966875987634     
           2           9   1.2525153998957328     
           8           9   1.1283790810114962     
           3          10   1.2502521618592828     
          10          11   1.1326392940869074     
          11          12   1.6027424295115553     
           3          13   1.2457465028573154     
          12          13   1.1304220365231965     
           4          14   1.2565007995062774     
          14          15   1.1186575412951945     
          15          16   1.5309038652544047     
           4          17   1.2378314815756690     
          16          17   1.1566220204270008     
           5          18   1.2539108981047777     
          18          19   1.1164070119611014     
          19          20   1.5303865541435506     
           5          21   1.2434801240345426     
          20          21   1.1569785383492504     
           6          22   1.3691768563977567     
          21          22   1.3408036046154106     
          22          23  0.96087964459941988     
           9          24   1.3562060964623111     
          10          24   1.3544395805810014     
          24          25  0.96221784855604009     
          13          26   1.3576184610945954     
          14          26   1.3538623738951068     
          26          27  0.96018522511078985     
          17          28   1.3455430586744987     
          18          28   1.3603516990421949     
          28          29  0.95886373206211484     
           7          30   1.0294705747075490     
          30          31  0.97331467961706930     
          30          32  0.97274996779379008     
          30          33  0.98048230438149808     
           8          34   1.0293344568920739     
          34          35  0.97313602450773362     
          34          36  0.97305240633347245     
          34          37  0.98049063193536190     
          20          38   1.0327532007080495     
          38          39  0.96780920068913678     
          38          40  0.97664045560674528     
          38          41  0.97752725329298418     
          19          42   1.1049503860801271     
          42          43  0.95855323282861127     
          42          44   1.8860255104323249     
          44          45  0.97587809746292153     
          44          46  0.97937624985404426     
          16          47   1.0325945044823019     
          47          48  0.96818893072084233     
          47          49  0.97583009815790511     
          47          50  0.97779379878708550     
          15          51   1.1031613797054700     
          51          52  0.95834551230735487     
          51          53   1.8879624402526334     
          53          54  0.97583039394795157     
          53          55  0.97932943796915084     
          12          56   1.0293877464642496     
          56          57  0.97235916085728791     
          56          58  0.97365236574595460     
          56          59  0.98049484512640150     
          11          60   1.0291473747418527     
          60          61  0.98053827852836339     
          60          62  0.97327539544630182     
          60          63  0.97307375469932977     
          64          65  0.97101553522330053     
          64          66  0.97109644990420207     
          64          67  0.98192887368600934     
          68          69  0.94130812016506193     
          64          70   1.0317063527295198     
          68          70   1.1882306535865110     
          68          71   1.2632000889417907     
          70          71  0.11251263798771531     
          71          72  0.95428186114049207     
           1          73  0.49621537754653816     
          71          73   1.4803489316924183     
          70          74   1.5595232390563265     
          73          74   1.2478987237514512     
          74          75  0.95955592976848392     
          76          77  0.98016979232105950     
          76          78  0.97855817980047988     
          76          79  0.98632738032884781     
          76          80   1.0262880285652498     
          80          81  0.96939089376617127     
          80          82  0.97308462550254182     
           1          83  0.39251279446356502     
          80          83  0.96218081968995095     
          83          84  0.99592757458264936     
          84          85  0.97835565981064787     
          84          86  0.98071542079061169     
          84          87  0.97544247065731116     
