    0.42926354
   -0.21942690
   -0.22204821
   -0.22219767
   -0.21884519
    0.05364124
   -0.02940636
   -0.02953208
    0.05290950
    0.05146585
   -0.03147381
   -0.03194221
    0.05257864
    0.05621013
   -0.03354976
   -0.02456572
    0.05224805
    0.05531468
   -0.03472592
   -0.02255288
    0.05197121
   -0.07014527
    0.03432287
   -0.07178928
    0.03526931
   -0.06939213
    0.03337856
   -0.07325332
    0.03007252
   -0.09819645
    0.03436758
    0.03712750
    0.03400662
   -0.09838801
    0.03826487
    0.03322756
    0.03404533
   -0.09962392
    0.03621059
    0.03413806
    0.04171684
   -0.02735436
    0.02267365
   -0.09732692
    0.03379005
    0.02227959
   -0.09871762
    0.03571495
    0.03317918
    0.04105947
   -0.02706912
    0.02371343
   -0.09680486
    0.03371514
    0.02218638
   -0.09800820
    0.03656098
    0.03469034
    0.03346919
   -0.09829598
    0.03373112
    0.03305375
    0.03750917
   -0.11714076
    0.05606665
    0.05611479
    0.06339358
   -0.08454723
    0.17380711
    0.03794738
    0.07425767
    0.06958673
   -0.12956992
   -0.00168913
    0.06615299
   -0.10854734
    0.04531281
    0.05799714
    0.04913205
   -0.02020978
    0.05583838
    0.05095943
   -0.06167024
   -0.07170168
    0.06348783
    0.05925607
    0.07132012
