    0.44054721
   -0.20975237
   -0.21138539
   -0.22805850
   -0.22734656
    0.05312638
   -0.02881685
   -0.02972532
    0.05294568
    0.05306495
   -0.02140766
   -0.03184148
    0.05527655
    0.04978317
   -0.02242230
   -0.03482561
    0.05159700
    0.04785194
   -0.03242150
   -0.03044831
    0.05042595
   -0.06941983
    0.03673966
   -0.06935495
    0.03705404
   -0.06983355
    0.03567616
   -0.07611470
    0.03258494
   -0.09896055
    0.03457541
    0.03899937
    0.03308987
   -0.09905094
    0.03510064
    0.03766503
    0.03439114
   -0.10065546
    0.03288192
    0.03999362
    0.04214448
   -0.02687748
    0.02369068
   -0.09676940
    0.03574811
    0.02315426
   -0.10026534
    0.03471089
    0.03737132
    0.04212422
   -0.02770229
    0.02349114
   -0.09725456
    0.03433102
    0.02259756
   -0.09824305
    0.03493074
    0.03527841
    0.03365667
   -0.09898794
    0.03573425
    0.03389524
    0.03599441
   -0.48040469
    0.32121317
    0.32145230
   -0.11775759
    0.05645880
    0.05664229
    0.06369085
   -0.08387764
    0.17432586
    0.03829671
    0.07266558
    0.07003161
   -0.13140330
   -0.00289373
    0.06727761
