           1           2  0.58537883098828647     
           1           3  0.58390386479724921     
           1           4  0.59613180248211828     
           1           5  0.59778922757270325     
           2           6   1.2472311154496423     
           6           7   1.1373176321440444     
           7           8   1.5979796923058482     
           2           9   1.2373045356928134     
           8           9   1.1363001510712181     
           3          10   1.2350595324446343     
          10          11   1.1626225915350910     
          11          12   1.5245600610843228     
           3          13   1.2503456721261716     
          12          13   1.1226962247998207     
           4          14   1.2398088328291113     
          14          15   1.1500506900079972     
          15          16   1.5371456784565765     
           4          17   1.2618402648819034     
          16          17   1.1129393853410583     
           5          18   1.2508159400499319     
          18          19   1.1259824460679482     
          19          20   1.6100989597552662     
           5          21   1.2497411149241551     
          20          21   1.1261824671216920     
           6          22   1.3535863158810832     
          21          22   1.3623317475058572     
          22          23  0.96201234554733994     
           9          24   1.3652306752288099     
          10          24   1.3414566843237408     
          24          25  0.96077654385076317     
          13          26   1.3604941984132020     
          14          26   1.3517024630191612     
          26          27  0.95856720637846315     
          17          28   1.3543857416479954     
          18          28   1.3603334602357389     
          28          29  0.96001232715861706     
           8          30   1.0287481658685624     
          30          31  0.98044089388382738     
          30          32  0.97332709127579387     
          30          33  0.97345275583087609     
           7          34   1.0293734312084477     
          34          35  0.97281632001228335     
          34          36  0.97313481921203793     
          34          37  0.98048794939295925     
          11          38   1.0322812043604612     
          38          39  0.97669808968736760     
          38          40  0.96823620071162231     
          38          41  0.97732856915882105     
          12          42   1.1047702307348557     
          42          43  0.95834545431519214     
          42          44   1.8865716278609950     
          44          45  0.97579794510765216     
          44          46  0.97933137103618861     
          15          47   1.0332864539386795     
          47          48  0.97597227895542238     
          47          49  0.96774473758123558     
          47          50  0.97747528798548677     
          16          51   1.1037751314080766     
          51          52  0.95824982196805797     
          51          53   1.8877266328513644     
          53          54  0.97577898267024599     
          53          55  0.97929525386146166     
          19          56   1.0298940727050403     
          56          57  0.97247494953891522     
          56          58  0.97296902930324392     
          56          59  0.98041984253546510     
          20          60   1.0295505888146845     
          60          61  0.97281884298299526     
          60          62  0.98042284973700733     
          60          63  0.97318964912866845     
           1          64  0.26223135760340593     
          64          65  0.88380511834961561     
          64          66  0.88414634237384504     
          67          68  0.97106066820868753     
          67          69  0.97085515850958803     
          67          70  0.98183706145549365     
          71          72  0.94121368377988268     
          67          73   1.0317165694828605     
          71          73   1.1887714254313833     
          71          74   1.2621157737151902     
          73          74  0.11199792312640867     
          74          75  0.95479248550852081     
           1          76  0.50936453785902569     
          74          76   1.4798654541349188     
          73          77   1.5602965511539642     
          76          77   1.2457951432701793     
          77          78  0.95767237679882766     
