    0.46583602
   -0.21828776
   -0.24849171
   -0.24395334
   -0.21753968
    0.05727957
   -0.02677880
   -0.02872280
    0.05437405
    0.04962802
   -0.02381613
   -0.03406833
    0.04926884
    0.04843388
   -0.02245852
   -0.03093873
    0.05419389
    0.05606032
   -0.02565635
   -0.02529529
    0.05930150
   -0.06403119
    0.04143926
   -0.07255146
    0.03591507
   -0.07754354
    0.03387154
   -0.06928408
    0.03948085
   -0.09969614
    0.03612170
    0.03886001
    0.03546844
   -0.10036763
    0.03730573
    0.04004088
    0.03600474
   -0.10082336
    0.03437740
    0.03850234
    0.04272602
   -0.02843871
    0.02489139
   -0.09518062
    0.03602522
    0.02519835
   -0.10097783
    0.03887502
    0.03557309
    0.04336111
   -0.02760765
    0.02615351
   -0.09447056
    0.03701677
    0.02602043
   -0.10027651
    0.03996798
    0.03799300
    0.03681356
   -0.10049621
    0.03876546
    0.03684223
    0.03948361
   -0.47964154
    0.32502305
    0.32502704
   -0.07604153
    0.07100544
    0.07416765
    0.07613496
   -0.11163042
    0.16623746
