    0.44054959
   -0.20971870
   -0.21145095
   -0.22809237
   -0.22729101
    0.05314431
   -0.02880814
   -0.02972723
    0.05294080
    0.05306327
   -0.02141140
   -0.03185578
    0.05525431
    0.04975521
   -0.02243312
   -0.03482263
    0.05160006
    0.04785224
   -0.03241559
   -0.03043385
    0.05045864
   -0.06938981
    0.03675289
   -0.06935806
    0.03704361
   -0.06986757
    0.03566227
   -0.07611892
    0.03258675
   -0.09895856
    0.03457987
    0.03899554
    0.03308285
   -0.09905467
    0.03510218
    0.03767971
    0.03439145
   -0.10064616
    0.03288507
    0.03999043
    0.04213649
   -0.02688770
    0.02368191
   -0.09677923
    0.03575159
    0.02314479
   -0.10027204
    0.03471121
    0.03736569
    0.04211458
   -0.02768983
    0.02350424
   -0.09723844
    0.03431681
    0.02260817
   -0.09824453
    0.03492817
    0.03528346
    0.03366048
   -0.09898997
    0.03573479
    0.03389702
    0.03600663
   -0.48040357
    0.32122975
    0.32145112
   -0.11775754
    0.05647319
    0.05662699
    0.06369132
   -0.08387425
    0.17432650
    0.03829513
    0.07265687
    0.07004204
   -0.13139367
   -0.00289721
    0.06727251
