           1           2  0.59837476850567917     
           1           3  0.59483033891151560     
           1           4  0.58406235304247456     
           1           5  0.58699254294038639     
           2           6   1.2530344107965159     
           6           7   1.1272142988695639     
           7           8   1.6091120839267337     
           2           9   1.2451343329433546     
           8           9   1.1269768419315169     
           3          10   1.2436442056873460     
          10          11   1.1535596949736207     
          11          12   1.5347327898036875     
           3          13   1.2543606092139712     
          12          13   1.1138083389282900     
           4          14   1.2349360349763641     
          14          15   1.1607049762982684     
          15          16   1.5263860462254004     
           4          17   1.2535580755987603     
          16          17   1.1214109070230072     
           5          18   1.2429065251890414     
          18          19   1.1348155504143900     
          19          20   1.5996803680856817     
           5          21   1.2448865415971355     
          20          21   1.1355997519765129     
           6          22   1.3574709677011314     
          21          22   1.3584013715246137     
          22          23  0.96201362902905752     
           9          24   1.3677436405267926     
          10          24   1.3427464692386937     
          24          25  0.96048743645081847     
          13          26   1.3652345501936081     
          14          26   1.3467292775293023     
          26          27  0.95856348780410949     
          17          28   1.3535070408217602     
          18          28   1.3580822900688083     
          28          29  0.96010676251814542     
           8          30   1.0294199842380316     
          30          31  0.98042082385295726     
          30          32  0.97280203150620437     
          30          33  0.97327270378443065     
           7          34   1.0295963235645031     
          34          35  0.97328404564370419     
          34          36  0.97261140586760364     
          34          37  0.98043519274809021     
          11          38   1.0330366098939003     
          38          39  0.97650596113754551     
          38          40  0.96740761740465175     
          38          41  0.97748999030166450     
          12          42   1.1043759547243384     
          42          43  0.95833951153767849     
          42          44   1.8870549245242598     
          44          45  0.97569099272705473     
          44          46  0.97930649554508109     
          15          47   1.0330136526192732     
          47          48  0.97623191919887797     
          47          49  0.96765178721501210     
          47          50  0.97756092904971192     
          16          51   1.1039470819108017     
          51          52  0.95839967127326253     
          51          53   1.8872883368507909     
          53          54  0.97578977103730713     
          53          55  0.97933498928541862     
          19          56   1.0291646819416986     
          56          57  0.97282370459016498     
          56          58  0.97341849566535754     
          56          59  0.98044294460511072     
          20          60   1.0293871681892517     
          60          61  0.97317042493589190     
          60          62  0.98049586301361746     
          60          63  0.97282940713618593     
           1          64  0.26276375651991624     
          64          65  0.88455125020819048     
          64          66  0.88380701169820597     
          67          68  0.97084961039412176     
          67          69  0.97110445678054191     
          67          70  0.98189261283908491     
          71          72  0.94116749658288978     
          67          73   1.0317551264388420     
          71          73   1.1886695289270024     
          71          74   1.2625406740814686     
          73          74  0.11242877920354970     
          74          75  0.95290805590803851     
           1          76  0.50914042232829637     
          74          76   1.4786954779696293     
          73          77   1.5595997844080784     
          76          77   1.2469119342381612     
          77          78  0.95971378000597007     
