           1           2  0.58987137202912543     
           1           3  0.58939360354790216     
           1           4  0.58526185898614969     
           1           5  0.58675595713672268     
           2           6   1.2555595359290221     
           6           7   1.1286402528740735     
           7           8   1.6074675027225436     
           2           9   1.2459804308203395     
           8           9   1.1284227087829437     
           3          10   1.2460904569401883     
          10          11   1.1550271377537609     
          11          12   1.5386704047414401     
           3          13   1.2557910786430251     
          12          13   1.1144091974771131     
           4          14   1.2388823604458519     
          14          15   1.1608132831419706     
          15          16   1.5226281385767226     
           4          17   1.2600932930408157     
          16          17   1.1190409035842741     
           5          18   1.2475733406525762     
          18          19   1.1329726595206273     
          19          20   1.6017794711989126     
           5          21   1.2510264767981663     
          20          21   1.1329363018699055     
           6          22   1.3551635094863430     
          21          22   1.3553426135325368     
          22          23  0.96245055142928282     
           9          24   1.3638293440973397     
          10          24   1.3370306234022338     
          24          25  0.96262433090831045     
          13          26   1.3627684616572271     
          14          26   1.3434314307959072     
          26          27  0.95693943165963113     
          17          28   1.3478295043889477     
          18          28   1.3547144013513333     
          28          29  0.96048903981847344     
           8          30   1.0284651408022556     
          30          31  0.98064214151646789     
          30          32  0.97359157466118118     
          30          33  0.97371361655909516     
           7          34   1.0288328458739948     
          34          35  0.97335833549685580     
          34          36  0.97348924893123934     
          34          37  0.98063939281883983     
          11          38   1.0301851770777377     
          38          39  0.97397567735785606     
          38          40  0.97117581616377391     
          38          41  0.98252421339716123     
          12          42   1.0962113089497834     
          42          43  0.95786120502687688     
          42          44   1.8950803819185260     
          44          45  0.97528214409575109     
          44          46  0.97917527240313440     
          15          47   1.0327879947241625     
          47          48  0.96790834076627075     
          47          49  0.97625401476325957     
          47          50  0.97743932946774237     
          16          51   1.1088492608654010     
          51          52  0.95874608485967183     
          51          53   1.8808303625197227     
          53          54  0.97591018665938589     
          53          55  0.97954584950194368     
          19          56   1.0281603757883828     
          56          57  0.97375157533475831     
          56          58  0.97385552245119644     
          56          59  0.98061671510371418     
          20          60   1.0287620821991945     
          60          61  0.97333626128815465     
          60          62  0.98064833396007300     
          60          63  0.97357872568963399     
          64          65  0.97142070023479976     
          64          66  0.97169962618942096     
          64          67  0.98226507091966286     
          68          69  0.94198853543455974     
          64          70   1.0311952507514055     
          68          70   1.1867972892744529     
          68          71   1.2624774665723242     
          70          71  0.11257527984350010     
          71          72  0.95454071121981487     
           1          73  0.48902412507321308     
          71          73   1.4877612775608893     
          70          74   1.5616694197287142     
          73          74   1.2509820254059305     
          74          75  0.95971560886460783     
          76          77  0.97164650916364259     
          76          78  0.97139737294622863     
          76          79  0.98223913151400677     
          80          81  0.94200078738920112     
          76          82   1.0312457672679931     
          80          82   1.1869240259978953     
          80          83   1.2619813075018977     
          82          83  0.11266306195525611     
          83          84  0.95493872171395733     
           1          85  0.49047565283647676     
          83          85   1.4873360907164443     
          82          86   1.5615692752895791     
          85          86   1.2509288951629427     
          86          87  0.96013090689900271     
