    0.46481475
   -0.21764351
   -0.23253793
   -0.24490668
   -0.23254307
    0.05628073
   -0.02800993
   -0.02772226
    0.05552209
    0.05564247
   -0.01929104
   -0.03076477
    0.05436105
    0.05155456
   -0.02077849
   -0.03267817
    0.05066268
    0.04999516
   -0.02928822
   -0.02920114
    0.05447454
   -0.06871053
    0.03815731
   -0.06641507
    0.03965703
   -0.07153033
    0.03744647
   -0.07613062
    0.03544710
   -0.09999821
    0.03738714
    0.03603128
    0.03870178
   -0.10007721
    0.03596767
    0.03968348
    0.03602802
   -0.10193134
    0.04075526
    0.03678451
    0.04383107
   -0.02737268
    0.02529597
   -0.09464098
    0.03757201
    0.02583946
   -0.10154271
    0.03824073
    0.03802681
    0.04389622
   -0.02766946
    0.02541649
   -0.09522967
    0.02554640
    0.03615321
   -0.09928276
    0.03592438
    0.03807586
    0.03548181
   -0.09971490
    0.03558133
    0.03927009
    0.03538314
   -0.47942572
    0.32526413
    0.32473795
   -0.07627273
    0.07447645
    0.07101491
    0.07604133
   -0.11057084
    0.16545614
