           1           2  0.58606918739030567     
           1           3  0.58697135797257360     
           1           4  0.58727052075499520     
           1           5  0.58661281832245149     
           2           6   1.2451762896836298     
           6           7   1.1319925705919018     
           7           8   1.6027876380240231     
           2           9   1.2529127487513252     
           8           9   1.1327396947479631     
           3          10   1.2500669752760685     
          10          11   1.1316329930112832     
          11          12   1.6037594318009725     
           3          13   1.2505772323894255     
          12          13   1.1310850533676993     
           4          14   1.2623216729942450     
          14          15   1.1150249631939642     
          15          16   1.5299975366766569     
           4          17   1.2411248178481966     
          16          17   1.1551794600608722     
           5          18   1.2572927097284259     
          18          19   1.1157683414385828     
          19          20   1.5289804730337797     
           5          21   1.2430234522959365     
          20          21   1.1574681163334075     
           6          22   1.3634811855587452     
          21          22   1.3400546640202609     
          22          23  0.96093012608905093     
           9          24   1.3514505942621431     
          10          24   1.3558023395423655     
          24          25  0.96263679451373596     
          13          26   1.3558756713588385     
          14          26   1.3523463958551545     
          26          27  0.96031845645543357     
          17          28   1.3448075246962217     
          18          28   1.3593796679333250     
          28          29  0.95893391618241264     
           7          30   1.0283957456157493     
          30          31  0.97353325875211494     
          30          32  0.97380879078575289     
          30          33  0.98062212514555691     
           8          34   1.0283983099408638     
          34          35  0.97350017662162724     
          34          36  0.97384995313341483     
          34          37  0.98064560160584202     
          20          38   1.0320599087840578     
          38          39  0.97673730853592700     
          38          40  0.97768077764427486     
          38          41  0.96835318931161174     
          19          42   1.1067310942284514     
          42          43  0.95859321260496355     
          42          44   1.8835475157924522     
          44          45  0.97590693272127238     
          44          46  0.97946872401028717     
          16          47   1.0325064651395339     
          47          48  0.96811713877051653     
          47          49  0.97666359319342921     
          47          50  0.97749258035765518     
          15          51   1.1071811633433997     
          51          52  0.95857278323300021     
          51          53   1.8832899029092562     
          53          54  0.97587164871807652     
          53          55  0.97948996149312473     
          12          56   1.0288330563720778     
          56          57  0.97368074460769982     
          56          58  0.97309731792892329     
          56          59  0.98062229726426431     
          11          60   1.0283761963867155     
          60          61  0.98064188265645558     
          60          62  0.97378430239888614     
          60          63  0.97364874658544620     
          64          65  0.97129368405475491     
          64          66  0.97170637005524729     
          64          67  0.98212528836888591     
          68          69  0.94209346048707898     
          64          70   1.0312981636378753     
          68          70   1.1869967436711166     
          68          71   1.2609552021141250     
          70          71  0.11289025314437279     
          71          72  0.95542630820979824     
           1          73  0.49328262223710750     
          71          73   1.4858952924648401     
          70          74   1.5615641655353132     
          73          74   1.2504648827882496     
          74          75  0.96048294224350683     
          76          77  0.97152735728088535     
          76          78  0.97151040026402591     
          76          79  0.98218009252137572     
          80          81  0.94207314713339230     
          76          82   1.0312597901780221     
          80          82   1.1870440713874058     
          80          83   1.2607924665945456     
          82          83  0.11282897448379664     
          83          84  0.95545611863701585     
           1          85  0.49392698882474423     
          83          85   1.4857481668393275     
          82          86   1.5615459393518587     
          85          86   1.2502047522965460     
          86          87  0.96050810568805245     
