           1           2  0.58562548332809516     
           1           3  0.58170216786640239     
           1           4  0.59918284292304813     
           1           5  0.59682649311846880     
           2           6   1.2465190038994476     
           6           7   1.1374524657382272     
           7           8   1.5979687022987761     
           2           9   1.2362516158148129     
           8           9   1.1362507196949039     
           3          10   1.2374973246872671     
          10          11   1.1630372805200961     
          11          12   1.5295782068387789     
           3          13   1.2484356540736377     
          12          13   1.1237493147631341     
           4          14   1.2392692505375871     
          14          15   1.1506278340824529     
          15          16   1.5422601840658214     
           4          17   1.2603122364384125     
          16          17   1.1131513600327616     
           5          18   1.2493778546321033     
          18          19   1.1264563815707438     
          19          20   1.6095953549974420     
           5          21   1.2507106352394755     
          20          21   1.1266749581220972     
           6          22   1.3543304825783298     
          21          22   1.3608451130733767     
          22          23  0.96212477245761441     
           9          24   1.3665313706382767     
          10          24   1.3392295299822343     
          24          25  0.96234731845082022     
          13          26   1.3598241544095608     
          14          26   1.3517086427419829     
          26          27  0.95830393345960352     
          17          28   1.3534744148015003     
          18          28   1.3610574799086299     
          28          29  0.95823443654822005     
           8          30   1.0286941634871840     
          30          31  0.97401493560295505     
          30          32  0.98047404890191658     
          30          33  0.97287105530426499     
           7          34   1.0293091993933170     
          34          35  0.97310676753422376     
          34          36  0.97291041562043645     
          34          37  0.98053268341931854     
          11          38   1.0304221019282815     
          38          39  0.97385888123883757     
          38          40  0.97095606428923276     
          38          41  0.98218649787281442     
          12          42   1.0968661204984442     
          42          43  0.95791244857650859     
          42          44   1.8951411628895383     
          44          45  0.97517763875031283     
          44          46  0.97910756901917040     
          15          47   1.0316560537353405     
          47          48  0.97041747813652224     
          47          49  0.97271550452371980     
          47          50  0.98235277005201183     
          16          51   1.0966322651078311     
          51          52  0.95797644649593039     
          51          53   1.8956998920535997     
          53          54  0.97487050521588681     
          53          55  0.97907339728775533     
          19          56   1.0299476433754613     
          56          57  0.97184150181836859     
          56          58  0.97354136366528965     
          56          59  0.98047754895033001     
          20          60   1.0294434049642458     
          60          61  0.98048387406456539     
          60          62  0.97374223950712047     
          60          63  0.97246283517888343     
           1          64  0.26093260208233793     
          64          65  0.88352560106172784     
          64          66  0.88437805648982515     
          67          68  0.97103792888000751     
          67          69  0.97094654069063202     
          67          70  0.98187918268898300     
          71          72  0.94126358701185464     
          67          73   1.0316627832350516     
          71          73   1.1887901538698471     
          71          74   1.2615524308983326     
          73          74  0.11202668783041818     
          74          75  0.95538770594407296     
           1          76  0.50974967982731922     
          74          76   1.4795500033057998     
          73          77   1.5602485422510131     
          76          77   1.2455302658725718     
          77          78  0.95790461046274622     
