    0.44210557
   -0.23482630
   -0.23264694
   -0.20436190
   -0.20604714
    0.04882636
   -0.03122491
   -0.03429201
    0.04447570
    0.04514020
   -0.02885257
   -0.03313803
    0.05441825
    0.05305050
   -0.02306724
   -0.03030603
    0.06104377
    0.05519837
   -0.02822494
   -0.02899714
    0.05310866
   -0.07041307
    0.03608726
   -0.08027688
    0.03148971
   -0.06956879
    0.04139665
   -0.06585363
    0.04302414
   -0.09793742
    0.03434389
    0.03341653
    0.03337475
   -0.09889445
    0.03618785
    0.03535821
    0.03334032
   -0.09845977
    0.03522439
    0.03393971
    0.03632012
   -0.02664536
    0.02503556
   -0.09626295
    0.03255457
    0.02406943
   -0.09991963
    0.03877191
    0.03670464
    0.03774081
   -0.02627164
    0.02511949
   -0.09605870
    0.03644895
    0.02417662
   -0.09956021
    0.03912109
    0.03568893
    0.03450650
   -0.09891310
    0.03456020
    0.03489546
    0.03691446
   -0.48134855
    0.32130443
    0.32110927
   -0.11795299
    0.05672240
    0.05652315
    0.06381888
   -0.08449837
    0.17418447
    0.03867468
    0.07323821
    0.06913582
   -0.13141515
   -0.00326276
    0.06760773
