    0.44063777
   -0.23353506
   -0.23294304
   -0.20506046
   -0.20575475
    0.04917586
   -0.03099035
   -0.03399903
    0.04506633
    0.04553884
   -0.02561822
   -0.03359754
    0.05238941
    0.05373996
   -0.01997870
   -0.03081639
    0.05897762
    0.05586536
   -0.02811750
   -0.02862937
    0.05345265
   -0.07011159
    0.03657089
   -0.07954111
    0.03182643
   -0.06917831
    0.03595668
   -0.06573374
    0.03760353
   -0.09795692
    0.03361384
    0.03344169
    0.03448404
   -0.09895968
    0.03627461
    0.03559084
    0.03351375
   -0.09964766
    0.03366190
    0.03463989
    0.04200913
   -0.02743834
    0.02480706
   -0.09696426
    0.03342871
    0.02302534
   -0.10051363
    0.03563717
    0.03740383
    0.04347708
   -0.02678254
    0.02676780
   -0.09732762
    0.03411484
    0.02316990
   -0.09930477
    0.03874228
    0.03579094
    0.03458439
   -0.09902027
    0.03697974
    0.03476317
    0.03532486
   -0.48076857
    0.32135317
    0.32125759
   -0.11803780
    0.05692752
    0.05651779
    0.06402671
   -0.08433270
    0.17430378
    0.03872902
    0.07304723
    0.06959890
   -0.13167586
   -0.00323629
    0.06776223
