           1           2  0.58542375963811466     
           1           3  0.58384421638559958     
           1           4  0.59623993928271624     
           1           5  0.59779564334375734     
           2           6   1.2471933770908137     
           6           7   1.1373001599131485     
           7           8   1.5980137947593498     
           2           9   1.2373371248242919     
           8           9   1.1362662947540865     
           3          10   1.2350809134228762     
          10          11   1.1626054943883450     
          11          12   1.5246118728478546     
           3          13   1.2503365847839734     
          12          13   1.1227291488777011     
           4          14   1.2398135618929784     
          14          15   1.1499838257780499     
          15          16   1.5372996040246987     
           4          17   1.2617986646981103     
          16          17   1.1129392634868529     
           5          18   1.2508106112968094     
          18          19   1.1259942330296357     
          19          20   1.6100815016126753     
           5          21   1.2497554053082043     
          20          21   1.1261933850382579     
           6          22   1.3536332699953257     
          21          22   1.3623003708488450     
          22          23  0.96200951282379443     
           9          24   1.3652506751821731     
          10          24   1.3414421336397067     
          24          25  0.96078879164457875     
          13          26   1.3604586506348981     
          14          26   1.3517354630626304     
          26          27  0.95859408127515111     
          17          28   1.3544032802886767     
          18          28   1.3603095539391492     
          28          29  0.96002969938174587     
           8          30   1.0287497001246368     
          30          31  0.98044336714557978     
          30          32  0.97331137684167390     
          30          33  0.97346628496813747     
           7          34   1.0293746115679723     
          34          35  0.97281653014559599     
          34          36  0.97313221499331048     
          34          37  0.98049111732355021     
          11          38   1.0322723541904257     
          38          39  0.97668939297619717     
          38          40  0.96824830545600160     
          38          41  0.97735510424034733     
          12          42   1.1046664044195507     
          42          43  0.95834727265480102     
          42          44   1.8866807944553612     
          44          45  0.97580396549931292     
          44          46  0.97932882563884671     
          15          47   1.0332735881670916     
          47          48  0.97595333839233744     
          47          49  0.96776462974729083     
          47          50  0.97751017906938553     
          16          51   1.1036027929661898     
          51          52  0.95824842345849892     
          51          53   1.8879100388722367     
          53          54  0.97578504372289032     
          53          55  0.97929159702906343     
          19          56   1.0298935170396464     
          56          57  0.97246922656716583     
          56          58  0.97297585199025527     
          56          59  0.98042142597350457     
          20          60   1.0295520278748325     
          60          61  0.97279135074722911     
          60          62  0.98042354198694248     
          60          63  0.97321432977937272     
           1          64  0.26217334635235279     
          64          65  0.88378472239489680     
          64          66  0.88415040772155362     
          67          68  0.97090937289519164     
          67          69  0.97100423389829404     
          67          70  0.98184038724854217     
          71          72  0.94121231619350820     
          67          73   1.0317156821252782     
          71          73   1.1887618629241274     
          71          74   1.2621262085055787     
          73          74  0.11199445093601382     
          74          75  0.95480337073573462     
           1          76  0.50921454842881830     
          74          76   1.4799235809691955     
          73          77   1.5603130780244117     
          76          77   1.2458098780672722     
          77          78  0.95767362870767059     
