           1           2  0.58100230683443088     
           1           3  0.57179115552160120     
           1           4  0.57906818791840742     
           1           5  0.57943572343422090     
           2           6   1.2494913615947421     
           6           7   1.1322358524129543     
           7           8   1.5983566459414615     
           2           9   1.2458756356437137     
           8           9   1.1328768293053557     
           3          10   1.2469070435097227     
          10          11   1.1531254983586727     
          11          12   1.5335728662160013     
           3          13   1.2531995853274811     
          12          13   1.1171265965829387     
           4          14   1.2406257227580344     
          14          15   1.1487439911458288     
          15          16   1.5346077347486946     
           4          17   1.2641223057551609     
          16          17   1.1159997360055360     
           5          18   1.2519013030043666     
          18          19   1.1260480030134561     
          19          20   1.6063612669251315     
           5          21   1.2516694029023165     
          20          21   1.1241850783245071     
           6          22   1.3522723968988275     
          21          22   1.3595853865815963     
          22          23  0.96119203980341583     
           9          24   1.3651613845592458     
          10          24   1.3450451497951250     
          24          25  0.95975545237697790     
          13          26   1.3592704152314694     
          14          26   1.3490053086317972     
          26          27  0.95798387304561228     
          17          28   1.3534678526905439     
          18          28   1.3634731918734821     
          28          29  0.95863389251056286     
           8          30   1.0309875934296657     
          30          31  0.97298107771443609     
          30          32  0.97985084546717205     
          30          33  0.97109615618048095     
           7          34   1.0317834218074959     
          34          35  0.97252560692312495     
          34          36  0.97045810309709390     
          34          37  0.97989264411075561     
          11          38   1.0343692217251461     
          38          39  0.96732683211521930     
          38          40  0.97527863090634681     
          38          41  0.97661217571519343     
          12          42   1.1011181735757327     
          42          43  0.95753448453934031     
          42          44   1.8925770511319415     
          44          45  0.97549006503303448     
          44          46  0.97889048154452496     
          15          47   1.0359080775667058     
          47          48  0.97571030175150297     
          47          49  0.96479942860901957     
          47          50  0.97654095129305885     
          16          51   1.1017498698938453     
          51          52  0.95807039210345657     
          51          53   1.8915417509872419     
          53          54  0.97513773422952710     
          53          55  0.97887472467109715     
          19          56   1.0319894240911260     
          56          57  0.97204022836425497     
          56          58  0.97053555509166012     
          56          59  0.97989958253280152     
          20          60   1.0320530899892051     
          60          61  0.97227739805191704     
          60          62  0.97991026174630635     
          60          63  0.97041420497645181     
           1          64   1.1709768734677897     
           1          65  0.67724992100442760     
          64          65   1.1830881389793708     
          66          67  0.97046055958319999     
          66          68  0.97038139403936363     
          66          69  0.98168592971792790     
          70          71  0.94028975053447317     
          66          72   1.0325651345936442     
          70          72   1.1872930959159083     
          70          73   1.2757660329192082     
          72          73  0.11142857143671202     
          73          74  0.95906942457198996     
           1          75  0.32272241680301089     
          73          75   1.5232129416312623     
          72          76   1.5616940416557235     
          75          76   1.2719863051946667     
          76          77  0.96550131168911346     
