    0.44066028
   -0.23359204
   -0.23288631
   -0.20498406
   -0.20583095
    0.04913193
   -0.03100781
   -0.03400114
    0.04507651
    0.04552207
   -0.02561014
   -0.03358239
    0.05242847
    0.05377582
   -0.01996477
   -0.03081216
    0.05897804
    0.05585623
   -0.02812176
   -0.02864489
    0.05341455
   -0.07017547
    0.03654849
   -0.07954497
    0.03183510
   -0.06911712
    0.03598120
   -0.06573788
    0.03760108
   -0.09795625
    0.03360879
    0.03343506
    0.03448834
   -0.09895427
    0.03625496
    0.03558753
    0.03350908
   -0.09966019
    0.03366406
    0.03464831
    0.04202456
   -0.02744253
    0.02482395
   -0.09697161
    0.03343226
    0.02302491
   -0.10052307
    0.03565560
    0.03740894
    0.04347787
   -0.02677596
    0.02678472
   -0.09731896
    0.03410594
    0.02317653
   -0.09930561
    0.03872891
    0.03579881
    0.03458321
   -0.09901482
    0.03695966
    0.03476085
    0.03532346
   -0.48076674
    0.32133388
    0.32125957
   -0.11803918
    0.05685729
    0.05658689
    0.06403137
   -0.08433094
    0.17430182
    0.03873559
    0.07303477
    0.06959577
   -0.13166012
   -0.00324709
    0.06776818
