           1           2  0.59111514048644287     
           1           3  0.58948620233523541     
           1           4  0.58497455658432718     
           1           5  0.58656523492042867     
           2           6   1.2551409338998547     
           6           7   1.1287122285498010     
           7           8   1.6074699733201623     
           2           9   1.2460479347345179     
           8           9   1.1283360072491051     
           3          10   1.2444250102069465     
          10          11   1.1551455192478068     
          11          12   1.5318455190270290     
           3          13   1.2574101666250186     
          12          13   1.1137149505573360     
           4          14   1.2401655987856477     
          14          15   1.1603697890465698     
          15          16   1.5233486165631307     
           4          17   1.2591055729506768     
          16          17   1.1188071838930500     
           5          18   1.2479636293302614     
          18          19   1.1331346641703466     
          19          20   1.6015391946033977     
           5          21   1.2508135455136808     
          20          21   1.1331309453719516     
           6          22   1.3552356950128324     
          21          22   1.3554174371394174     
          22          23  0.96243413563261404     
           9          24   1.3632933093351578     
          10          24   1.3381928581415494     
          24          25  0.96100728685692971     
          13          26   1.3639447051634321     
          14          26   1.3425518396918370     
          26          27  0.95872337940501651     
          17          28   1.3489085076001897     
          18          28   1.3540060393493834     
          28          29  0.96063223055043068     
           8          30   1.0285065516537655     
          30          31  0.98060426570015169     
          30          32  0.97372323150937423     
          30          33  0.97350777691348944     
           7          34   1.0288592796008029     
          34          35  0.97327611375710044     
          34          36  0.97354384818774775     
          34          37  0.98062157885297696     
          11          38   1.0321425902573274     
          38          39  0.96844449066006344     
          38          40  0.97656345266669131     
          38          41  0.97769869508626250     
          12          42   1.1063667581076271     
          42          43  0.95839678403298134     
          42          44   1.8841350953580389     
          44          45  0.97591657349805006     
          44          46  0.97946648460025598     
          15          47   1.0325563246064391     
          47          48  0.96803707512605031     
          47          49  0.97662512618186037     
          47          50  0.97749760938990637     
          16          51   1.1084155969975413     
          51          52  0.95887413456755843     
          51          53   1.8813363346629377     
          53          54  0.97588941292193099     
          53          55  0.97953004703070201     
          19          56   1.0281824080232249     
          56          57  0.97399657060372424     
          56          58  0.97359270219707583     
          56          59  0.98060778620508493     
          20          60   1.0287793098184157     
          60          61  0.97358942358771283     
          60          62  0.98064557302167232     
          60          63  0.97330711477767806     
          64          65  0.97137350599896344     
          64          66  0.97166593297918280     
          64          67  0.98222810188510112     
          68          69  0.94195607898583034     
          64          70   1.0312483778084165     
          68          70   1.1869009870595069     
          68          71   1.2625401269140959     
          70          71  0.11257106832279717     
          71          72  0.95478508676416829     
           1          73  0.48971072388205816     
          71          73   1.4876186054604967     
          70          74   1.5616114185457077     
          73          74   1.2509425614456435     
          74          75  0.95988140024003177     
          76          77  0.97154081655326630     
          76          78  0.97148780402215662     
          76          79  0.98222465949207460     
          80          81  0.94198733582966121     
          76          82   1.0312550667013791     
          80          82   1.1868812383410066     
          80          83   1.2621883169247394     
          82          83  0.11263788604423207     
          83          84  0.95475126975299873     
           1          85  0.48968087210889644     
          83          85   1.4875469781300621     
          82          86   1.5616114665063523     
          85          86   1.2510145263162773     
          86          87  0.95995373465187095     
