    0.39326076
   -0.20406432
   -0.20328454
   -0.21507135
   -0.21550543
    0.05222687
   -0.03022100
   -0.03260456
    0.05178623
    0.05228976
   -0.02370853
   -0.03278401
    0.05566821
    0.05165536
   -0.02289916
   -0.03714188
    0.04937427
    0.04639942
   -0.03466598
   -0.03156851
    0.05104558
   -0.06905123
    0.03340047
   -0.07245013
    0.03085811
   -0.06793012
    0.03299690
   -0.07908482
    0.02889004
   -0.09700775
    0.03218230
    0.03317603
    0.03379269
   -0.09746909
    0.03432898
    0.03420390
    0.03228555
   -0.09880116
    0.03491654
    0.03270662
    0.04075863
   -0.02621752
    0.02256312
   -0.09825849
    0.03263324
    0.02042517
   -0.09879522
    0.03574398
    0.03360837
    0.04058467
   -0.02748462
    0.02061799
   -0.09922608
    0.03231601
    0.01975691
   -0.09628025
    0.03274836
    0.03221596
    0.03197792
   -0.09732828
    0.03424466
    0.03193351
    0.03421304
   -0.11602180
    0.05475095
    0.05414413
    0.06172012
   -0.08627758
    0.17184378
    0.03677893
    0.07537708
    0.06795618
   -0.12587497
   -0.00152396
    0.06491845
   -0.11604680
    0.05425063
    0.05456679
    0.06172468
   -0.08638325
    0.17174267
    0.03673467
    0.07524417
    0.06791700
   -0.12573123
   -0.00151486
    0.06482213
