           1           2  0.58791130108452549     
           1           3  0.60048511833215290     
           1           4  0.59327932298171260     
           1           5  0.57927590376440674     
           2           6   1.2502635887026170     
           6           7   1.1266792022712711     
           7           8   1.6095577825072795     
           2           9   1.2445126969849678     
           8           9   1.1266191242282222     
           3          10   1.2455922962614574     
          10          11   1.1467291431025424     
          11          12   1.5420728963651693     
           3          13   1.2564025742140659     
          12          13   1.1094425548252442     
           4          14   1.2349935807626045     
          14          15   1.1572709469041502     
          15          16   1.5308473563575564     
           4          17   1.2500919418779310     
          16          17   1.1199595448157855     
           5          18   1.2351599969780622     
          18          19   1.1430879696951912     
          19          20   1.5902334877123985     
           5          21   1.2366264609459772     
          20          21   1.1437463970838408     
           6          22   1.3604372609876905     
          21          22   1.3567207869837892     
          22          23  0.96170114289343867     
           9          24   1.3694615394519445     
          10          24   1.3466054260798290     
          24          25  0.96021979410335478     
          13          26   1.3669771764578351     
          14          26   1.3494763783414556     
          26          27  0.95814179717291770     
          17          28   1.3581233213543507     
          18          28   1.3580642363664674     
          28          29  0.95986616931630953     
           8          30   1.0303458273052060     
          30          31  0.97177861155639533     
          30          32  0.98039228870175754     
          30          33  0.97268346049518095     
           7          34   1.0300281914228604     
          34          35  0.97200368311052099     
          34          36  0.97295936551897788     
          34          37  0.98037129543931423     
          11          38   1.0339294291388443     
          38          39  0.96711484338693010     
          38          40  0.97597220117693284     
          38          41  0.97708381532544042     
          12          42   1.1028391222268290     
          42          43  0.95815350232608487     
          42          44   1.8894954345184090     
          44          45  0.97560264804698005     
          44          46  0.97915713461230280     
          15          47   1.0342144589283038     
          47          48  0.96667215058205358     
          47          49  0.97551420779556119     
          47          50  0.97731544273043280     
          16          51   1.1020706957199795     
          51          52  0.95831685878111228     
          51          53   1.8899395362778009     
          53          54  0.97557570589234621     
          53          55  0.97916939471413134     
          19          56   1.0297045380973306     
          56          57  0.97246365659980916     
          56          58  0.97288825705455140     
          56          59  0.98030838613860016     
          20          60   1.0295455762074366     
          60          61  0.98034030986647336     
          60          62  0.97299401488337123     
          60          63  0.97259325599522983     
           1          64  0.26931349715681585     
          64          65  0.88228036408995880     
          64          66  0.88287637286831011     
          67          68  0.96692540206112509     
          67          69  0.98053820009247783     
          67          70  0.98365843064278091     
          67          71   1.0257988261873778     
          71          72   1.3992861894133546     
          72          73  0.96876307196132105     
          72          74   1.4612374051754033     
          74          75  0.96206700491121011     
          74          76   1.3647396594527588     
           1          77  0.24818302634793629     
          76          77   1.0165139716903837     
          77          78  0.85662771014851979     
          71          79   1.4147097914567182     
          74          79  0.10778474801200076     
          79          80  0.96901274046429120     
          72          81  0.10575074997270366     
          76          81   1.3840820065962502     
          79          81   1.4415822222991603     
          81          82  0.96449380039229426     
