    0.44087665
   -0.23220548
   -0.20309611
   -0.20676543
   -0.23509781
    0.04499852
   -0.03370716
   -0.03093312
    0.04984089
    0.05424936
   -0.01973061
   -0.03076844
    0.05896065
    0.05595545
   -0.01999009
   -0.03131132
    0.05582985
    0.04831124
   -0.03121869
   -0.03400547
    0.04519438
   -0.08003350
    0.03201270
   -0.06875564
    0.03670689
   -0.06527484
    0.03740729
   -0.07047149
    0.03571617
   -0.09895101
    0.03358031
    0.03624746
    0.03574879
   -0.09798272
    0.03308877
    0.03488846
    0.03358072
   -0.10076913
    0.03589310
    0.04354968
    0.03693084
   -0.02687982
    0.02703855
   -0.09735259
    0.03397507
    0.02320887
   -0.10095318
    0.03500593
    0.03995211
    0.04257870
   -0.02676724
    0.02397507
   -0.09685109
    0.02291832
    0.03581115
   -0.09878848
    0.03560216
    0.03656047
    0.03348223
   -0.09795841
    0.03312258
    0.03358823
    0.03466527
   -0.48049564
    0.32149744
    0.32122849
   -0.11804265
    0.05685875
    0.05653250
    0.06412299
   -0.08442742
    0.17414852
    0.03873518
    0.07282900
    0.06962515
   -0.13154222
   -0.00319184
    0.06768773
