           1           2  0.59794760949757242     
           1           3  0.59708410000282752     
           1           4  0.58374088632845167     
           1           5  0.58436786925960860     
           2           6   1.2511798961312710     
           6           7   1.1277514049892512     
           7           8   1.6088086374548580     
           2           9   1.2464247420087378     
           8           9   1.1270063659009812     
           3          10   1.2459788643470799     
          10          11   1.1505906271275133     
          11          12   1.5372612055363191     
           3          13   1.2544780987974655     
          12          13   1.1113283620846457     
           4          14   1.2348147157586640     
          14          15   1.1606746681799318     
          15          16   1.5268932388187746     
           4          17   1.2540962500517128     
          16          17   1.1215034891949924     
           5          18   1.2426428002304277     
          18          19   1.1371468337229012     
          19          20   1.5967694934712084     
           5          21   1.2427920649700475     
          20          21   1.1382195794133834     
           6          22   1.3568788678427408     
          21          22   1.3554120219751296     
          22          23  0.96221028255773577     
           9          24   1.3682182109337444     
          10          24   1.3452278341234920     
          24          25  0.96042256011294058     
          13          26   1.3655414946645261     
          14          26   1.3443576086746647     
          26          27  0.95852974286913806     
          17          28   1.3553387503308716     
          18          28   1.3588829791531554     
          28          29  0.96005943854654152     
           8          30   1.0298538525936105     
          30          31  0.97309345172568051     
          30          32  0.98042591747797370     
          30          33  0.97242195813510768     
           7          34   1.0291587547332330     
          34          35  0.97337507087609365     
          34          36  0.97307059077005575     
          34          37  0.98042155499321026     
          11          38   1.0334881112549112     
          38          39  0.97631289002428079     
          38          40  0.96721982670231887     
          38          41  0.97738318405851798     
          12          42   1.1047683185283443     
          42          43  0.95832558120265809     
          42          44   1.8866470413007270     
          44          45  0.97571232534482211     
          44          46  0.97932437368441205     
          15          47   1.0328660523035220     
          47          48  0.97762359300400847     
          47          49  0.97618987343054986     
          47          50  0.96775280386148033     
          16          51   1.1034952249365499     
          51          52  0.95838638224069506     
          51          53   1.8878180034392735     
          53          54  0.97576638574123886     
          53          55  0.97931884577570860     
          19          56   1.0293339607184282     
          56          57  0.97302221550560752     
          56          58  0.97298366691707716     
          56          59  0.98046126116317511     
          20          60   1.0288812500365867     
          60          61  0.97344220276469373     
          60          62  0.98049391063428804     
          60          63  0.97315845706035220     
          64          65  0.97088378594649516     
          64          66  0.97103621589217004     
          64          67  0.98186164785843411     
          68          69  0.94125158857326563     
          64          70   1.0317522181708401     
          68          70   1.1886434306970690     
          68          71   1.2620656932674874     
          70          71  0.11216235681566160     
          71          72  0.95377638713496116     
           1          73  0.50989226384588304     
          71          73   1.4790722745639397     
          70          74   1.5599933255020626     
          73          74   1.2461816428581818     
          74          75  0.95876674418606955     
           1          76  0.26290418789409647     
          76          77  0.88425869888865094     
          76          78  0.88379108499003978     
