           1           2  0.58511053648635958     
           1           3  0.58199059459688307     
           1           4  0.59852694714701216     
           1           5  0.59695876934018366     
           2           6   1.2471691157072211     
           6           7   1.1373108098007476     
           7           8   1.5980248747185244     
           2           9   1.2365375092689666     
           8           9   1.1362532044469138     
           3          10   1.2369680346564660     
          10          11   1.1630967715910010     
          11          12   1.5299307952474319     
           3          13   1.2489500727147889     
          12          13   1.1237789408985583     
           4          14   1.2380572306149045     
          14          15   1.1500010888401639     
          15          16   1.5368095717297261     
           4          17   1.2621527519670184     
          16          17   1.1128144659318175     
           5          18   1.2505956707708685     
          18          19   1.1261745240333347     
          19          20   1.6099680224008719     
           5          21   1.2500900947599143     
          20          21   1.1262377613168155     
           6          22   1.3537813468614159     
          21          22   1.3619149052840238     
          22          23  0.96205170147805952     
           9          24   1.3664444580362112     
          10          24   1.3396506952271563     
          24          25  0.96231620192859513     
          13          26   1.3589349540282560     
          14          26   1.3530449359181205     
          26          27  0.95680829876789930     
          17          28   1.3540724081083539     
          18          28   1.3604714465207213     
          28          29  0.96012824809443742     
           8          30   1.0287090234715823     
          30          31  0.97384190525949399     
          30          32  0.98047419964894156     
          30          33  0.97301090034899806     
           7          34   1.0293440142085717     
          34          35  0.97294981743080988     
          34          36  0.97302202497254209     
          34          37  0.98052010317759541     
          11          38   1.0304037731327114     
          38          39  0.97379035890323640     
          38          40  0.97100940029364236     
          38          41  0.98222568477648187     
          12          42   1.0963028606441785     
          42          43  0.95786668650950302     
          42          44   1.8957629797879267     
          44          45  0.97502429500981980     
          44          46  0.97907040677393709     
          15          47   1.0334393878261192     
          47          48  0.97632184315718606     
          47          49  0.96743030292785703     
          47          50  0.97714916307247934     
          16          51   1.1046700752065479     
          51          52  0.95848485059107469     
          51          53   1.8868567019422462     
          53          54  0.97575310494768575     
          53          55  0.97932471326540060     
          19          56   1.0298574573521206     
          56          57  0.97218994491221022     
          56          58  0.97332613205384089     
          56          59  0.98043711459473071     
          20          60   1.0295300683985107     
          60          61  0.98043367975597984     
          60          62  0.97353137372001419     
          60          63  0.97252942255421482     
           1          64  0.26152135319423880     
          64          65  0.88352522759069396     
          64          66  0.88428605419997086     
          67          68  0.97084053417916583     
          67          69  0.97110423337423857     
          67          70  0.98184760498557777     
          71          72  0.94125196246444820     
          67          73   1.0316976948326437     
          71          73   1.1887769908909764     
          71          74   1.2617250176490877     
          73          74  0.11204217411337697     
          74          75  0.95516070486061921     
           1          76  0.51002366520631881     
          74          76   1.4795690776300903     
          73          77   1.5602667071029646     
          76          77   1.2456142198036431     
          77          78  0.95777923358123351     
