    0.44142767
   -0.23433809
   -0.23274106
   -0.20477540
   -0.20596218
    0.04912862
   -0.03109162
   -0.03418518
    0.04467237
    0.04522079
   -0.02888678
   -0.03319275
    0.05426362
    0.05332316
   -0.01968651
   -0.03090789
    0.05898029
    0.05569740
   -0.02822818
   -0.02870453
    0.05337922
   -0.07016674
    0.03637514
   -0.08004441
    0.03170315
   -0.06956090
    0.04152366
   -0.06578507
    0.03753820
   -0.09796431
    0.03447579
    0.03350130
    0.03334982
   -0.09892781
    0.03625380
    0.03547423
    0.03341676
   -0.09851344
    0.03526237
    0.03398394
    0.03640907
   -0.02687684
    0.02499740
   -0.09625360
    0.03362097
    0.02425213
   -0.10090472
    0.03644098
    0.03753429
    0.04361408
   -0.02688222
    0.02667325
   -0.09743478
    0.03421553
    0.02300317
   -0.09927705
    0.03864740
    0.03573747
    0.03448256
   -0.09896144
    0.03465607
    0.03514522
    0.03700277
   -0.48117847
    0.32138911
    0.32121573
   -0.11800653
    0.05689411
    0.05642407
    0.06398826
   -0.08443699
    0.17420958
    0.03873979
    0.07315900
    0.06917956
   -0.13136469
   -0.00327177
    0.06792909
