    0.44054466
   -0.23413145
   -0.22675777
   -0.20400211
   -0.21194590
    0.04597757
   -0.03297362
   -0.03223622
    0.04783166
    0.04882791
   -0.02327510
   -0.03387997
    0.05288866
    0.05403450
   -0.02066841
   -0.02981049
    0.05924075
    0.05519826
   -0.02778461
   -0.03104303
    0.05004973
   -0.07601678
    0.03424844
   -0.07402412
    0.03399352
   -0.07055195
    0.03505156
   -0.06403473
    0.03856970
   -0.09843645
    0.03346149
    0.03475074
    0.03538297
   -0.09841006
    0.03349976
    0.03582015
    0.03355601
   -0.10016973
    0.03678186
    0.03365433
    0.04203458
   -0.02767749
    0.02446113
   -0.09703378
    0.03416829
    0.02288409
   -0.10042587
    0.03698972
    0.03586683
    0.04345151
   -0.02645752
    0.02669301
   -0.09714984
    0.03423324
    0.02318286
   -0.09938067
    0.03608993
    0.03900615
    0.03434683
   -0.09843716
    0.03456228
    0.03698278
    0.03298699
   -0.48048642
    0.32143210
    0.32115669
   -0.11793131
    0.05691853
    0.05634560
    0.06406076
   -0.08419472
    0.17417920
    0.03857317
    0.07265527
    0.06976253
   -0.13159140
   -0.00302707
    0.06755746
