           1           2  0.58526715951750274     
           1           3  0.58534814066710028     
           1           4  0.59686774242353247     
           1           5  0.59630801558758029     
           2           6   1.2456077906256899     
           6           7   1.1376836455263195     
           7           8   1.5978087022028542     
           2           9   1.2386966707662677     
           8           9   1.1363803940442632     
           3          10   1.2371521454786238     
          10          11   1.1601473502877173     
          11          12   1.5272420622663634     
           3          13   1.2507680045111260     
          12          13   1.1205838734694276     
           4          14   1.2398947506141700     
          14          15   1.1496216018179903     
          15          16   1.5376453871952038     
           4          17   1.2621527165416395     
          16          17   1.1124949356616358     
           5          18   1.2505860478052730     
          18          19   1.1282695785116608     
          19          20   1.6070721967133821     
           5          21   1.2475693928392648     
          20          21   1.1288358193435366     
           6          22   1.3526390697476713     
          21          22   1.3596181330954447     
          22          23  0.96222202828337655     
           9          24   1.3663259490165773     
          10          24   1.3441838847112071     
          24          25  0.96058951686712768     
          13          26   1.3599206896012586     
          14          26   1.3498702860906029     
          26          27  0.95875780474171379     
          17          28   1.3566674401367818     
          18          28   1.3602349571241479     
          28          29  0.95984743462185329     
           8          30   1.0291589833468673     
          30          31  0.98046187698627563     
          30          32  0.97306701333135681     
          30          33  0.97318872997676931     
           7          34   1.0288966686291101     
          34          35  0.97326439925586150     
          34          36  0.97328783846637124     
          34          37  0.98049035289564379     
          11          38   1.0327451280150850     
          38          39  0.96781986082839233     
          38          40  0.97646297478123056     
          38          41  0.97742554703415485     
          12          42   1.1044770984431969     
          42          43  0.95844002244598858     
          42          44   1.8867360518373988     
          44          45  0.97577547429995937     
          44          46  0.97932925232505830     
          15          47   1.0331730496907610     
          47          48  0.96780343699071614     
          47          49  0.97614709321632653     
          47          50  0.97738192973734073     
          16          51   1.1039384590188204     
          51          52  0.95816443389035744     
          51          53   1.8877285155492907     
          53          54  0.97577089729148958     
          53          55  0.97929954840018163     
          19          56   1.0300177519713709     
          56          57  0.97315179357688564     
          56          58  0.97211653461572745     
          56          59  0.98043462222317768     
          20          60   1.0290790520790569     
          60          61  0.98043600645375573     
          60          62  0.97317186059527716     
          60          63  0.97339070044279596     
           1          64  0.26235197563925589     
          64          65  0.88389818899665640     
          64          66  0.88419541108566668     
          67          68  0.97061829528801435     
          67          69  0.97130404561635575     
          67          70  0.98182503283671763     
          71          72  0.94123826153565560     
          67          73   1.0317549036239380     
          71          73   1.1886893417070006     
          71          74   1.2621081551419784     
          73          74  0.11223501043531295     
          74          75  0.95394153018635963     
           1          76  0.50984766561961836     
          74          76   1.4790023520137323     
          73          77   1.5599945067960377     
          76          77   1.2462423052894929     
          77          78  0.95853883771178827     
