           1           2  0.57977154708809620     
           1           3  0.58965616552374922     
           1           4  0.60334405902938248     
           1           5  0.58765971706890496     
           2           6   1.2451858614289801     
           6           7   1.1343643834611354     
           7           8   1.6012197962558701     
           2           9   1.2374080630877180     
           8           9   1.1337541080702627     
           3          10   1.2370148618096153     
          10          11   1.1565661232322173     
          11          12   1.5322244356863042     
           3          13   1.2524148940766671     
          12          13   1.1190837138035648     
           4          14   1.2394392332782256     
          14          15   1.1470150257742129     
          15          16   1.5413429900264657     
           4          17   1.2583787604928642     
          16          17   1.1116309251590060     
           5          18   1.2428000599777258     
          18          19   1.1351073876382465     
          19          20   1.5991796827401050     
           5          21   1.2419056706044964     
          20          21   1.1354111437293528     
           6          22   1.3579592603534529     
          21          22   1.3594066038378243     
          22          23  0.96167122034777153     
           9          24   1.3690695072216450     
          10          24   1.3444261505507313     
          24          25  0.96005422349385772     
          13          26   1.3615915362870268     
          14          26   1.3547335296734662     
          26          27  0.95830696184631770     
          17          28   1.3595767756489923     
          18          28   1.3593489881129086     
          28          29  0.95961331566845354     
           8          30   1.0297494518758581     
          30          31  0.98038764530635447     
          30          32  0.97355248230587321     
          30          33  0.97150749375750278     
           7          34   1.0298988328607612     
          34          35  0.97174535580511734     
          34          36  0.97318736150141472     
          34          37  0.98042170387007266     
          11          38   1.0332599310142174     
          38          39  0.97562841561227565     
          38          40  0.96776984595877447     
          38          41  0.97728327024493222     
          12          42   1.1019089917144889     
          42          43  0.95816631106598615     
          42          44   1.8903009136279947     
          44          45  0.97564352567184498     
          44          46  0.97913882153488796     
          15          47   1.0343117909531439     
          47          48  0.96683226457804539     
          47          49  0.97555028942751454     
          47          50  0.97715975237018360     
          16          51   1.1019052318039060     
          51          52  0.95799108203398231     
          51          53   1.8905373244093069     
          53          54  0.97559003108993114     
          53          55  0.97913866852122222     
          19          56   1.0303685419194506     
          56          57  0.97268636670251374     
          56          58  0.97192761158505514     
          56          59  0.98027796165075265     
          20          60   1.0297370649513558     
          60          61  0.98028484652867653     
          60          62  0.97269770631693464     
          60          63  0.97286005125297359     
           1          64  0.27012610833540079     
          64          65  0.88273281310362406     
          64          66  0.88208926272064203     
          67          68  0.96682168248028044     
          67          69  0.98153415511782105     
          67          70  0.98293227335504862     
          67          71   1.0257053444809989     
          71          72   1.4014134896560069     
          72          73  0.96882359991228106     
          72          74   1.4590943516909722     
          74          75  0.96336111316746020     
          74          76   1.3672907283089761     
           1          77  0.24799871140203972     
          76          77   1.0166859655464520     
          77          78  0.85539522899463893     
          71          79   1.4127025509411553     
          74          79  0.10792988005464728     
          79          80  0.96907270223042619     
          72          81  0.10570397509942005     
          76          81   1.3821330214405501     
          79          81   1.4440746186718891     
          81          82  0.96421466465420758     
