           1           2  0.59844352377544130     
           1           3  0.58118769471671505     
           1           4  0.58775866883231442     
           1           5  0.59780078622814892     
           2           6   1.2542202826993087     
           6           7   1.1272703484498345     
           7           8   1.6094234295833734     
           2           9   1.2422195156142097     
           8           9   1.1265677209929965     
           3          10   1.2390159800024874     
          10          11   1.1636446051792830     
          11          12   1.5296185700377980     
           3          13   1.2470669473598990     
          12          13   1.1230299459384692     
           4          14   1.2336732887955366     
          14          15   1.1610828469078269     
          15          16   1.5311009775265469     
           4          17   1.2524196840144712     
          16          17   1.1225937442361691     
           5          18   1.2471438644866468     
          18          19   1.1261291629368853     
          19          20   1.6097756779637256     
           5          21   1.2525395525004008     
          20          21   1.1266783488386127     
           6          22   1.3570238614975345     
          21          22   1.3593359748855371     
          22          23  0.96196655523485786     
           9          24   1.3707585134663371     
          10          24   1.3374659029373523     
          24          25  0.96221312281333082     
          13          26   1.3624371935053881     
          14          26   1.3473527300776704     
          26          27  0.95842912904367339     
          17          28   1.3505099146439248     
          18          28   1.3627823042089662     
          28          29  0.95836405857169271     
           8          30   1.0291505245659347     
          30          31  0.98043899356724740     
          30          32  0.97290790711814279     
          30          33  0.97359454708488435     
           7          34   1.0297975096327301     
          34          35  0.97264027789907748     
          34          36  0.97294912915486464     
          34          37  0.98049295963124594     
          11          38   1.0305847680170988     
          38          39  0.97354519050173827     
          38          40  0.97097976488432325     
          38          41  0.98228756101081560     
          12          42   1.0965955005135812     
          42          43  0.95790974358337899     
          42          44   1.8951930452557841     
          44          45  0.97518040135977513     
          44          46  0.97911473276860439     
          15          47   1.0311720971661409     
          47          48  0.97089416421636943     
          47          49  0.97266053406446340     
          47          50  0.98242713698726236     
          16          51   1.0964806392703712     
          51          52  0.95802819736482436     
          51          53   1.8954494506200497     
          53          54  0.97502878103565416     
          53          55  0.97909528887595909     
          19          56   1.0296988022505242     
          56          57  0.97217806798154882     
          56          58  0.97355236642404697     
          56          59  0.98046272670950407     
          20          60   1.0297002904896326     
          60          61  0.98049856867749619     
          60          62  0.97374521812113823     
          60          63  0.97209410096885662     
           1          64  0.26142568444305891     
          64          65  0.88417213980135101     
          64          66  0.88426455105216417     
          67          68  0.97105709595805956     
          67          69  0.97094605977411219     
          67          70  0.98189295417865297     
          71          72  0.94123315644552652     
          67          73   1.0316898091058628     
          71          73   1.1887310935553823     
          71          74   1.2617948579427747     
          73          74  0.11223108612246101     
          74          75  0.95435524232567348     
           1          76  0.50996769086538374     
          74          76   1.4787804855340447     
          73          77   1.5599676656747778     
          76          77   1.2460725188205724     
          77          78  0.95899221930568046     
