    0.44216879
   -0.21130964
   -0.23287449
   -0.22689817
   -0.20565861
    0.05507510
   -0.02780115
   -0.03073255
    0.05051839
    0.04631754
   -0.02803855
   -0.03407714
    0.05340601
    0.04830585
   -0.02634284
   -0.03413467
    0.05347150
    0.05299592
   -0.02922720
   -0.02790478
    0.05533792
   -0.06532991
    0.03860625
   -0.07566884
    0.03396995
   -0.07361313
    0.03918475
   -0.07136052
    0.04064159
   -0.09848564
    0.03440611
    0.03334940
    0.03690942
   -0.09943087
    0.03887380
    0.03530210
    0.03426575
   -0.09891767
    0.03629421
    0.03423780
    0.03639343
   -0.02668872
    0.02480130
   -0.09649090
    0.03205087
    0.02360831
   -0.09943884
    0.03627497
    0.03675742
    0.03677217
   -0.02691030
    0.02497611
   -0.09663173
    0.03325124
    0.02396897
   -0.09906814
    0.03776347
    0.03537563
    0.03448197
   -0.09937678
    0.03458866
    0.03528693
    0.03824946
   -0.48085993
    0.32100164
    0.32129807
   -0.11783719
    0.05663918
    0.05643366
    0.06372664
   -0.08423766
    0.17422075
    0.03845928
    0.07303742
    0.06939195
   -0.13136257
   -0.00309015
    0.06735165
