           1           2  0.57439446604108535     
           1           3  0.57952886729810327     
           1           4  0.57630658160372195     
           1           5  0.57482433618130580     
           2           6   1.2480155296520019     
           6           7   1.1326991333156211     
           7           8   1.6031399566923912     
           2           9   1.2473871646327377     
           8           9   1.1318288173162652     
           3          10   1.2462142379792864     
          10          11   1.1495856468781369     
          11          12   1.5386043847158646     
           3          13   1.2561136434067128     
          12          13   1.1110457881227973     
           4          14   1.2404731559333357     
          14          15   1.1566298435863469     
          15          16   1.5305069553901574     
           4          17   1.2592538593663007     
          16          17   1.1176981524213130     
           5          18   1.2476240168025210     
          18          19   1.1335984434886697     
          19          20   1.6011640923996404     
           5          21   1.2460606784437578     
          20          21   1.1345793792268726     
           6          22   1.3524640429814330     
          21          22   1.3549682491406951     
          22          23  0.96249040369853112     
           9          24   1.3635745809313817     
          10          24   1.3470252210345242     
          24          25  0.96046747082755179     
          13          26   1.3651420976268989     
          14          26   1.3426427862757147     
          26          27  0.95868925869606103     
          17          28   1.3537897668526357     
          18          28   1.3574691205365310     
          28          29  0.96049226272815114     
           8          30   1.0295415357763988     
          30          31  0.97265365783355462     
          30          32  0.98051022412354971     
          30          33  0.97318018591985633     
           7          34   1.0286627718029979     
          34          35  0.97318072089263641     
          34          36  0.97379840366558557     
          34          37  0.98051327608845174     
          11          38   1.0334235093372728     
          38          39  0.96739127486201348     
          38          40  0.97606737032480573     
          38          41  0.97750128286095550     
          12          42   1.1044540419484057     
          42          43  0.95824667334067448     
          42          44   1.8870379590339752     
          44          45  0.97572857251463607     
          44          46  0.97931998449932323     
          15          47   1.0328306061256325     
          47          48  0.96776841460740759     
          47          49  0.97633984684695863     
          47          50  0.97764558166286719     
          16          51   1.1041004440385771     
          51          52  0.95866000353901293     
          51          53   1.8870117255725145     
          53          54  0.97579946988778976     
          53          55  0.97934342942588470     
          19          56   1.0291898119148200     
          56          57  0.97366775335962841     
          56          58  0.97253433175763937     
          56          59  0.98050538336394710     
          20          60   1.0285916665995645     
          60          61  0.98052512631683930     
          60          62  0.97301757371876318     
          60          63  0.97394007388892057     
          64          65  0.97116219206699284     
          64          66  0.97101687009787130     
          64          67  0.98192991924537709     
          68          69  0.94140355124354769     
          64          70   1.0316402226823413     
          68          70   1.1879698381883173     
          68          71   1.2622723424062681     
          70          71  0.11234719354395414     
          71          72  0.95364601424103335     
           1          73  0.49651847269982069     
          71          73   1.4813202550862630     
          70          74   1.5603700180432969     
          73          74   1.2468699466586985     
          74          75  0.95895247451657273     
          76          77  0.97946930280998390     
          76          78  0.98557480101556005     
          76          79  0.98416262608554461     
          76          80   1.0250049032154234     
          80          81  0.96482874482547265     
          80          82  0.96983047735521621     
           1          83  0.39902556066189226     
          80          83  0.96855008683678967     
          83          84  0.99470196021412971     
          84          85  0.97738886767975397     
          84          86  0.97938911943084772     
          84          87  0.97600640401377481     
