           1           2  0.58282129813196459     
           1           3  0.56861227801856529     
           1           4  0.56595762268531591     
           1           5  0.58204650747659015     
           2           6   1.2565256278272496     
           6           7   1.1258901302925441     
           7           8   1.6107753208768392     
           2           9   1.2448185915279073     
           8           9   1.1254060514729911     
           3          10   1.2352116525164809     
          10          11   1.1619420416714012     
          11          12   1.5270431154055482     
           3          13   1.2477037092021557     
          12          13   1.1234123712134327     
           4          14   1.2322089175360105     
          14          15   1.1590927880186308     
          15          16   1.5293430315676806     
           4          17   1.2535398251687895     
          16          17   1.1232829586385198     
           5          18   1.2495789206266879     
          18          19   1.1243420050942790     
          19          20   1.6119178885542387     
           5          21   1.2513649835768166     
          20          21   1.1247047130976244     
           6          22   1.3567290415645841     
          21          22   1.3634348133162850     
          22          23  0.96150750969331600     
           9          24   1.3700132249421488     
          10          24   1.3423287798072159     
          24          25  0.96042955061668933     
          13          26   1.3614589354128881     
          14          26   1.3502343394065552     
          26          27  0.95854708155566271     
          17          28   1.3544373506223721     
          18          28   1.3643407374329910     
          28          29  0.95967817209651729     
           8          30   1.0301268494907583     
          30          31  0.98023805821630139     
          30          32  0.97236447344346288     
          30          33  0.97278059215790935     
           7          34   1.0305620462220211     
          34          35  0.97294813895383880     
          34          36  0.97159927816936298     
          34          37  0.98026243542442071     
          11          38   1.0333523152396049     
          38          39  0.96736672675918722     
          38          40  0.97609314012476056     
          38          41  0.97721860539885430     
          12          42   1.1022313112537743     
          42          43  0.95828801588841583     
          42          44   1.8897280981045594     
          44          45  0.97568208732449901     
          44          46  0.97919417679269749     
          15          47   1.0334880411334622     
          47          48  0.97609102453642627     
          47          49  0.96733716362028999     
          47          50  0.97719632094258080     
          16          51   1.1012359092684449     
          51          52  0.95811288439877329     
          51          53   1.8912907412678874     
          53          54  0.97563343226776023     
          53          55  0.97913169464228489     
          19          56   1.0306022205455334     
          56          57  0.97169594831662431     
          56          58  0.97285011649975794     
          56          59  0.98018948774568759     
          20          60   1.0307004644712670     
          60          61  0.97243956413612442     
          60          62  0.98025028647128343     
          60          63  0.97203136876409657     
           1          64  0.27488007812225546     
          64          65  0.88054802557278944     
          64          66  0.88028136288087444     
          67          68  0.98101847118676577     
          67          69  0.97869635399631172     
          67          70  0.97454027432897161     
           1          71  0.43853728442454631     
          67          71  0.99321086014846638     
          71          72  0.94204059111130845     
