           1           2  0.59604239956609095     
           1           3  0.60075285529791655     
           1           4  0.57979098394214235     
           1           5  0.58790192782725925     
           2           6   1.2505038439222884     
           6           7   1.1305463749255140     
           7           8   1.6054506731700240     
           2           9   1.2457156862902488     
           8           9   1.1290942653922380     
           3          10   1.2423458939876966     
          10          11   1.1527879598067721     
          11          12   1.5352310516470091     
           3          13   1.2510841507492150     
          12          13   1.1133840041153222     
           4          14   1.2323858402701169     
          14          15   1.1636871486616389     
          15          16   1.5228785543894601     
           4          17   1.2531555840956554     
          16          17   1.1244020385253317     
           5          18   1.2463500672221404     
          18          19   1.1298725119917690     
          19          20   1.6050212143656002     
           5          21   1.2457216103920761     
          20          21   1.1311378090078832     
           6          22   1.3525820303630338     
          21          22   1.3592113917018107     
          22          23  0.96209880526821390     
           9          24   1.3662250299407717     
          10          24   1.3465057324938308     
          24          25  0.96039851222568873     
          13          26   1.3657285829707329     
          14          26   1.3423674773093706     
          26          27  0.95859647951748028     
          17          28   1.3525060462167227     
          18          28   1.3619034528450757     
          28          29  0.96020071808485241     
           8          30   1.0297155735639265     
          30          31  0.98045883861416738     
          30          32  0.97250353100963205     
          30          33  0.97320346194215657     
           7          34   1.0289769722068103     
          34          35  0.97394951802280116     
          34          36  0.97268247087850190     
          34          37  0.98046545757470471     
          11          38   1.0334044753784628     
          38          39  0.97608076913700437     
          38          40  0.96737237664357234     
          38          41  0.97749016382858667     
          12          42   1.1043663531081047     
          42          43  0.95820399208406781     
          42          44   1.8869769725451753     
          44          45  0.97574151384484820     
          44          46  0.97932696493994087     
          15          47   1.0326156224095031     
          47          48  0.97661023444418193     
          47          49  0.96786299014154620     
          47          50  0.97747815664483562     
          16          51   1.1042313510410930     
          51          52  0.95882299617119171     
          51          53   1.8869493207330217     
          53          54  0.97572651154378254     
          53          55  0.97934303403442924     
          19          56   1.0296107265281740     
          56          57  0.97318846269166903     
          56          58  0.97229635572487239     
          56          59  0.98056552246566120     
          20          60   1.0290671041018544     
          60          61  0.97383692906253194     
          60          62  0.98059104978785627     
          60          63  0.97217801638930956     
          64          65  0.97105393962913755     
          64          66  0.97093547938360070     
          64          67  0.98187893295448248     
          68          69  0.94126932267663255     
          64          70   1.0317322662750497     
          68          70   1.1884634397020015     
          68          71   1.2624228535930733     
          70          71  0.11228673640690176     
          71          72  0.95343993096349267     
           1          73  0.50483403662245629     
          71          73   1.4795480936531407     
          70          74   1.5599111397578735     
          73          74   1.2465822863819391     
          74          75  0.95910623064293288     
          76          77  0.98318403804449206     
          76          78  0.96751606489656483     
          76          79  0.98182430831176082     
          76          80   1.0250049577404472     
          80          81   1.4036173960812321     
          81          82  0.96885164321288020     
          81          83   1.4570042270700818     
          83          84  0.96374236039281747     
          83          85   1.3689619290915036     
           1          86  0.23500866143655863     
          85          86   1.0218532821429118     
          86          87  0.85650154587919081     
          80          88   1.4112679751609694     
          83          88  0.10843398309311524     
          88          89  0.96933216846158921     
          81          90  0.10531817934639864     
          85          90   1.3808116815444300     
          88          90   1.4460496419336466     
          90          91  0.96458067415987792     
