    0.44067171
   -0.23356430
   -0.23292532
   -0.20506416
   -0.20576601
    0.04916935
   -0.03099763
   -0.03400585
    0.04505434
    0.04553958
   -0.02561452
   -0.03359423
    0.05240210
    0.05374509
   -0.01997341
   -0.03081477
    0.05897681
    0.05586305
   -0.02812088
   -0.02863334
    0.05344571
   -0.07012446
    0.03656673
   -0.07954075
    0.03182252
   -0.06916052
    0.03595807
   -0.06573622
    0.03760755
   -0.09795637
    0.03448370
    0.03361405
    0.03343631
   -0.09895811
    0.03627425
    0.03558657
    0.03351054
   -0.09964406
    0.03366050
    0.03464309
    0.04200534
   -0.02743489
    0.02480591
   -0.09695906
    0.03343691
    0.02302840
   -0.10051661
    0.03563716
    0.03740985
    0.04347803
   -0.02678309
    0.02678207
   -0.09732135
    0.03410674
    0.02317421
   -0.09930531
    0.03873452
    0.03579290
    0.03458834
   -0.09901943
    0.03476381
    0.03532369
    0.03697689
   -0.48076565
    0.32134033
    0.32124430
   -0.11803992
    0.05699586
    0.05645686
    0.06402608
   -0.08433070
    0.17430275
    0.03874035
    0.07302630
    0.06959829
   -0.13165152
   -0.00324772
    0.06776267
