           1           2  0.57731747209817796     
           1           3  0.57578926940559416     
           1           4  0.57485970951363430     
           1           5  0.57880056242958078     
           2           6   1.2428598502276151     
           6           7   1.1314960255764674     
           7           8   1.6020239996422871     
           2           9   1.2514853103962880     
           8           9   1.1328573537476112     
           3          10   1.2479794675112230     
          10          11   1.1320563203342970     
          11          12   1.6037743951821843     
           3          13   1.2469157787170984     
          12          13   1.1318630231607802     
           4          14   1.2578255389654014     
          14          15   1.1172870645362785     
          15          16   1.5305221254902044     
           4          17   1.2419865078618177     
          16          17   1.1558221539208160     
           5          18   1.2572766716990935     
          18          19   1.1129493601894183     
          19          20   1.5369715410303304     
           5          21   1.2431160030553481     
          20          21   1.1519223604526743     
           6          22   1.3611620418843617     
          21          22   1.3449354932403206     
          22          23  0.96062331479469154     
           9          24   1.3525585714936912     
          10          24   1.3567513071660247     
          24          25  0.96234332242922749     
          13          26   1.3558273698002148     
          14          26   1.3524507807194859     
          26          27  0.96032524071516590     
          17          28   1.3456939492845041     
          18          28   1.3647189340153580     
          28          29  0.95830801977250379     
           7          30   1.0289488899143657     
          30          31  0.97353429368017419     
          30          32  0.97296581884180255     
          30          33  0.98047993036507597     
           8          34   1.0292318687451893     
          34          35  0.97278964362399323     
          34          36  0.97349132011487916     
          34          37  0.98051535822794755     
          20          38   1.0329330815306130     
          38          39  0.97624242803182371     
          38          40  0.97762807849955868     
          38          41  0.96763229575128384     
          19          42   1.1038229001276374     
          42          43  0.95817853486387516     
          42          44   1.8877300987270529     
          44          45  0.97568639903392229     
          44          46  0.97928849350771863     
          16          47   1.0332780870533271     
          47          48  0.97578148761342642     
          47          49  0.96766917439863120     
          47          50  0.97752250522411432     
          15          51   1.1045182502076998     
          51          52  0.95844833159265996     
          51          53   1.8865915827076660     
          53          54  0.97582117482027897     
          53          55  0.97935993937600219     
          12          56   1.0290670176551879     
          56          57  0.97364229015974391     
          56          58  0.97267749374663559     
          56          59  0.98048689921912402     
          11          60   1.0290620126521148     
          60          61  0.98051553655607127     
          60          62  0.97275879954089728     
          60          63  0.97366212983367528     
          64          65  0.97120994293145890     
          64          66  0.97100324915957459     
          64          67  0.98193902005104849     
          68          69  0.94132990646983039     
          64          70   1.0316598477963657     
          68          70   1.1881689057255820     
          68          71   1.2632688013401308     
          70          71  0.11265352523006600     
          71          72  0.95373987625163725     
           1          73  0.49386363221464025     
          71          73   1.4809930484160330     
          70          74   1.5596857890192883     
          73          74   1.2482105832421766     
          74          75  0.95886572729343467     
          76          77  0.98028289922157308     
          76          78  0.97917422352855898     
          76          79  0.98638731906196941     
          76          80   1.0263353558455237     
          80          81  0.96809302705625366     
          80          82  0.97316437562351510     
           1          83  0.39571155063001823     
          80          83  0.96215783541769340     
          83          84  0.99613357261957780     
          84          85  0.97717093374009745     
          84          86  0.98069408141865977     
          84          87  0.97551589337780176     
