    0.42811070
   -0.22356627
   -0.22467833
   -0.21794845
   -0.21705005
    0.04962651
   -0.03312184
   -0.03093989
    0.05306077
    0.05202751
   -0.03172351
   -0.03260854
    0.05166415
    0.05537402
   -0.03482217
   -0.02162101
    0.05363320
    0.05827314
   -0.03062906
   -0.02160236
    0.05303624
   -0.07340168
    0.03364807
   -0.07215212
    0.03237336
   -0.07313003
    0.03113511
   -0.06659654
    0.03582293
   -0.09788109
    0.03251533
    0.03634294
    0.03346394
   -0.09780865
    0.03536753
    0.03454896
    0.03306772
   -0.09993988
    0.03234892
    0.04186165
    0.03936484
   -0.02650415
    0.02433103
   -0.09634749
    0.03563246
    0.02315475
   -0.09999963
    0.03591315
    0.03686819
    0.04199394
   -0.02735765
    0.02323972
   -0.09719530
    0.03409706
    0.02222545
   -0.09720729
    0.03378655
    0.03495338
    0.03288655
   -0.09737794
    0.03295360
    0.03479978
    0.03392951
   -0.11712277
    0.05606545
    0.05577363
    0.06333009
   -0.08479098
    0.17372147
    0.03779601
    0.07422769
    0.06935539
   -0.13048675
   -0.00212420
    0.06653039
   -0.10811120
    0.04499841
    0.05777554
    0.04874999
   -0.02118921
    0.05785609
    0.05053813
   -0.05965756
   -0.07237556
    0.06428203
    0.05920999
    0.07142617
