    0.46527462
   -0.21902266
   -0.23615465
   -0.24444260
   -0.22865626
    0.05606563
   -0.02819811
   -0.02781702
    0.05506170
    0.05435624
   -0.02772358
   -0.02828830
    0.05170467
    0.05425685
   -0.03152815
   -0.02195590
    0.04846291
    0.05407518
   -0.03143602
   -0.02072072
    0.05516916
   -0.06793953
    0.03811157
   -0.06801848
    0.03950607
   -0.07227200
    0.03750450
   -0.07438821
    0.03562846
   -0.10008183
    0.03940197
    0.03627167
    0.03605677
   -0.09998542
    0.03718876
    0.03874084
    0.03592727
   -0.10137440
    0.03710156
    0.03797181
    0.04415904
   -0.02769300
    0.02635481
   -0.09560408
    0.03546040
    0.02530155
   -0.10097274
    0.03601727
    0.03856838
    0.04397025
   -0.02777084
    0.02731828
   -0.09543066
    0.03589607
    0.02564496
   -0.09986568
    0.03955296
    0.03656581
    0.03606492
   -0.10014403
    0.03911711
    0.03616459
    0.03732633
   -0.47987586
    0.32526968
    0.32462272
   -0.07611086
    0.07110941
    0.07458751
    0.07584634
   -0.11069348
    0.16540850
