           1           2  0.58230064732670028     
           1           3  0.57351245952177976     
           1           4  0.56659190388552627     
           1           5  0.57677862765801680     
           2           6   1.2460264706365909     
           6           7   1.1263950193384169     
           7           8   1.6097589257183502     
           2           9   1.2543616456621542     
           8           9   1.1267527372664554     
           3          10   1.2455167543915211     
          10          11   1.1319114117096962     
          11          12   1.6039924445029607     
           3          13   1.2446322751858503     
          12          13   1.1313048301021558     
           4          14   1.2524618387083366     
          14          15   1.1230359627108064     
          15          16   1.5289437332748308     
           4          17   1.2325188731243220     
          16          17   1.1596429850881613     
           5          18   1.2530975853194788     
          18          19   1.1163351594561906     
          19          20   1.5356239933028208     
           5          21   1.2412096131067116     
          20          21   1.1535566918026714     
           6          22   1.3685672083017502     
          21          22   1.3449292939484867     
          22          23  0.96047196960481385     
           9          24   1.3575645720955012     
          10          24   1.3618109784349497     
          24          25  0.96164380528498317     
          13          26   1.3622794598700527     
          14          26   1.3557331872247431     
          26          27  0.95966216159564377     
          17          28   1.3490229318619276     
          18          28   1.3639524303210946     
          28          29  0.95859692979572275     
           7          30   1.0302657017712766     
          30          31  0.97214537721402428     
          30          32  0.97278174904082282     
          30          33  0.98026214423656233     
           8          34   1.0303326687647161     
          34          35  0.97299249999433113     
          34          36  0.97187292800508163     
          34          37  0.98026201994156681     
          20          38   1.0336552123684053     
          38          39  0.96742016300029843     
          38          40  0.97577195196199928     
          38          41  0.97725219933108942     
          19          42   1.1019313471820025     
          42          43  0.95814040736459016     
          42          44   1.8902067280352834     
          44          45  0.97571406235583380     
          44          46  0.97917671240327553     
          16          47   1.0335915167858387     
          47          48  0.97615281939591836     
          47          49  0.96716256574091664     
          47          50  0.97718951116598096     
          15          51   1.1014554572369852     
          51          52  0.95806039325736259     
          51          53   1.8910095409817909     
          53          54  0.97563808795876572     
          53          55  0.97914602536632955     
          12          56   1.0303493585276440     
          56          57  0.97153906405791213     
          56          58  0.97318910247855173     
          56          59  0.98021715206370019     
          11          60   1.0303598135231224     
          60          61  0.97232179208889380     
          60          62  0.98028634512158019     
          60          63  0.97245379773495311     
           1          64  0.27399484271096908     
          64          65  0.87970692319292043     
          64          66  0.87962074784000277     
          67          68  0.98107276417589528     
          67          69  0.97861823332643927     
          67          70  0.97433301565983865     
           1          71  0.44050933892197047     
          67          71  0.99301097619988665     
          71          72  0.94234884262714325     
