    0.44056514
   -0.20991131
   -0.21116813
   -0.22794754
   -0.22754248
    0.05303696
   -0.02884963
   -0.02973175
    0.05293827
    0.05309128
   -0.02138840
   -0.03180776
    0.05537332
    0.04986894
   -0.02240058
   -0.03483933
    0.05156234
    0.04790009
   -0.03241599
   -0.03048951
    0.05031328
   -0.06955157
    0.03668408
   -0.06934129
    0.03705754
   -0.06969296
    0.03573604
   -0.07609546
    0.03257905
   -0.09896248
    0.03457109
    0.03899863
    0.03309407
   -0.09904283
    0.03509717
    0.03762372
    0.03438597
   -0.10065652
    0.03288128
    0.04000795
    0.04215372
   -0.02687099
    0.02369893
   -0.09676679
    0.03575958
    0.02315731
   -0.10027494
    0.03472001
    0.03740716
    0.04212592
   -0.02770082
    0.02348248
   -0.09725545
    0.03434568
    0.02259921
   -0.09823913
    0.03492514
    0.03528159
    0.03364415
   -0.09897308
    0.03571922
    0.03388667
    0.03595152
   -0.48040757
    0.32121176
    0.32143460
   -0.11775584
    0.05645719
    0.05664097
    0.06369106
   -0.08388167
    0.17432666
    0.03829582
    0.07267142
    0.07002915
   -0.13140090
   -0.00289536
    0.06727497
