           1           2  0.59835393674032566     
           1           3  0.59497068688644406     
           1           4  0.58423808006675848     
           1           5  0.58680123994180733     
           2           6   1.2529066342712016     
           6           7   1.1272988066257057     
           7           8   1.6090247701077764     
           2           9   1.2451072837567372     
           8           9   1.1270525485552938     
           3          10   1.2437195242071986     
          10          11   1.1534233930886852     
          11          12   1.5348829030603479     
           3          13   1.2544289473016057     
          12          13   1.1136737132479704     
           4          14   1.2349622653488208     
          14          15   1.1607332003263566     
          15          16   1.5262887366677118     
           4          17   1.2534872157127430     
          16          17   1.1213634462343438     
           5          18   1.2428966436207489     
          18          19   1.1349487653215546     
          19          20   1.5995296813491113     
           5          21   1.2448040922491304     
          20          21   1.1357290525601915     
           6          22   1.3575003121725546     
          21          22   1.3583372173290342     
          22          23  0.96201941333058771     
           9          24   1.3677188586422402     
          10          24   1.3427850006847715     
          24          25  0.96050902084829948     
          13          26   1.3653049704633688     
          14          26   1.3467009943974491     
          26          27  0.95853015289481247     
          17          28   1.3535823850353359     
          18          28   1.3580103699119666     
          28          29  0.96009372194796294     
           8          30   1.0294220912524352     
          30          31  0.98042030195367769     
          30          32  0.97281105192735262     
          30          33  0.97325944005594711     
           7          34   1.0295832240091609     
          34          35  0.97328852288642453     
          34          36  0.97262136075093875     
          34          37  0.98043481275402034     
          11          38   1.0330287760738202     
          38          39  0.97650600497381279     
          38          40  0.96741760281548650     
          38          41  0.97750410127878706     
          12          42   1.1043904170229748     
          42          43  0.95833373840710201     
          42          44   1.8870468931814881     
          44          45  0.97568855293595336     
          44          46  0.97930522995021807     
          15          47   1.0330303133590271     
          47          48  0.97623984069494885     
          47          49  0.96763255376068136     
          47          50  0.97752928165595487     
          16          51   1.1041009172376126     
          51          52  0.95840305378818413     
          51          53   1.8871228681448344     
          53          54  0.97578573872229457     
          53          55  0.97933937287156614     
          19          56   1.0291643387366507     
          56          57  0.97284544542956530     
          56          58  0.97339565383082527     
          56          59  0.98044172796848983     
          20          60   1.0293754025198889     
          60          61  0.97318141703858152     
          60          62  0.98049244681600112     
          60          63  0.97283343512394094     
           1          64  0.26275714146090756     
          64          65  0.88452380936499309     
          64          66  0.88381254798280595     
          67          68  0.97087862438607408     
          67          69  0.97107539384982200     
          67          70  0.98189239666056327     
          71          72  0.94116826364795925     
          67          73   1.0317556836291710     
          71          73   1.1886690824330299     
          71          74   1.2625261425435996     
          73          74  0.11242484582155676     
          74          75  0.95292101408337238     
           1          76  0.50906768897309540     
          74          76   1.4787383098923399     
          73          77   1.5596138743014589     
          76          77   1.2469105716575684     
          77          78  0.95971035032635443     
