    0.46683349
   -0.21887187
   -0.21445230
   -0.24462371
   -0.25078087
    0.05433374
   -0.02873919
   -0.02711984
    0.05676140
    0.05935194
   -0.01966007
   -0.02778978
    0.06061984
    0.05144420
   -0.01992686
   -0.03301744
    0.05107024
    0.04630513
   -0.03162030
   -0.03193129
    0.04874077
   -0.07335817
    0.03592515
   -0.06357256
    0.04132030
   -0.06869059
    0.04497778
   -0.07822196
    0.03389200
   -0.10034846
    0.03714811
    0.03597670
    0.04002719
   -0.09971513
    0.03572514
    0.03856296
    0.03596120
   -0.10121295
    0.03950933
    0.04105391
    0.03968537
   -0.02528699
    0.02922016
   -0.09485993
    0.03308210
    0.02699465
   -0.10211190
    0.04130581
    0.03694824
    0.04374274
   -0.02814712
    0.02466847
   -0.09543117
    0.03710311
    0.02520811
   -0.09891807
    0.03642661
    0.03605245
    0.03476441
   -0.09928015
    0.03491381
    0.03704063
    0.03550180
   -0.48013905
    0.32497366
    0.32539448
   -0.07588802
    0.07420733
    0.07071458
    0.07612157
   -0.11225007
    0.16635518
