           1           2  0.58181417859052020     
           1           3  0.58288593220890084     
           1           4  0.56617349846894593     
           1           5  0.56765575163229387     
           2           6   1.2526288829163370     
           6           7   1.1265974951030531     
           7           8   1.6099939910946968     
           2           9   1.2478615208303818     
           8           9   1.1260951159903922     
           3          10   1.2482706526942593     
          10          11   1.1467520735513044     
          11          12   1.5484142033403328     
           3          13   1.2545941835342729     
          12          13   1.1099898817897023     
           4          14   1.2333706272524205     
          14          15   1.1605136715850040     
          15          16   1.5273396466948554     
           4          17   1.2510403661121694     
          16          17   1.1229853911616614     
           5          18   1.2407403561787418     
          18          19   1.1390679719117840     
          19          20   1.5955234221211581     
           5          21   1.2396406703550371     
          20          21   1.1394945568774559     
           6          22   1.3580320211772010     
          21          22   1.3568797169774633     
          22          23  0.96197667856670432     
           9          24   1.3687627563264011     
          10          24   1.3474307343478997     
          24          25  0.96151856167731542     
          13          26   1.3667712384231048     
          14          26   1.3485706155461266     
          26          27  0.95629356436139656     
          17          28   1.3563990392147180     
          18          28   1.3584080279716104     
          28          29  0.95986338501076007     
           8          30   1.0305295927948999     
          30          31  0.97309210277281366     
          30          32  0.98029539432520640     
          30          33  0.97150858016920094     
           7          34   1.0300289437678980     
          34          35  0.97260582030432963     
          34          36  0.97266616651482851     
          34          37  0.98029223858392722     
          11          38   1.0326432051820027     
          38          39  0.97275902595299857     
          38          40  0.96932827202406713     
          38          41  0.98202518663824301     
          12          42   1.0945222505479035     
          42          43  0.95734422097867700     
          42          44   1.8984277991989893     
          44          45  0.97517616345267344     
          44          46  0.97891329080566125     
          15          47   1.0343581483591298     
          47          48  0.96632072376199352     
          47          49  0.97573588080578999     
          47          50  0.97717644994601827     
          16          51   1.1025772548671364     
          51          52  0.95827354611145166     
          51          53   1.8895941279439206     
          53          54  0.97558370092250801     
          53          55  0.97917962076009646     
          19          56   1.0298149923952136     
          56          57  0.97279084620091194     
          56          58  0.97246065899151024     
          56          59  0.98031984808276951     
          20          60   1.0297046008931521     
          60          61  0.98034582180553542     
          60          62  0.97302860728875085     
          60          63  0.97239040272294408     
           1          64  0.27453410928004890     
          64          65  0.87941619641114432     
          64          66  0.87978404092412454     
          67          68  0.97876527778023203     
          67          69  0.98105080810785150     
          67          70  0.97464438836479217     
           1          71  0.43766791719508985     
          67          71  0.99328540122754905     
          71          72  0.94199197929310052     
