    0.48726193
   -0.20376304
   -0.22627727
   -0.25175234
   -0.23148198
    0.05808065
   -0.02505129
   -0.02506914
    0.05829856
    0.05561114
   -0.01876642
   -0.03213858
    0.05146378
    0.04562332
   -0.02368481
   -0.03429691
    0.04805204
    0.04747817
   -0.03015578
   -0.02763749
    0.05399727
   -0.06528065
    0.04249878
   -0.06390003
    0.04273505
   -0.07636612
    0.03613797
   -0.07768736
    0.03598086
   -0.10120280
    0.03722466
    0.03948793
    0.03941636
   -0.10116196
    0.03980897
    0.03891833
    0.03715108
   -0.10272072
    0.03948323
    0.03875389
    0.04472681
   -0.02782388
    0.02627894
   -0.09614714
    0.03615684
    0.02538188
   -0.10150576
    0.03581947
    0.03830417
    0.04315922
   -0.02870931
    0.02537193
   -0.09570432
    0.03602006
    0.02514810
   -0.09991630
    0.03774823
    0.03650042
    0.03603638
   -0.10109915
    0.03992775
    0.03614999
    0.03780098
   -0.48184002
    0.32457542
    0.32510634
   -0.48220494
    0.32517562
    0.32449299
