           1           2  0.59790369306718738     
           1           3  0.59706900681383290     
           1           4  0.58376823675994616     
           1           5  0.58437257443153290     
           2           6   1.2511677161216477     
           6           7   1.1277614372042895     
           7           8   1.6087931365187083     
           2           9   1.2464379922236932     
           8           9   1.1270212888325319     
           3          10   1.2459903046654763     
          10          11   1.1505705086280436     
          11          12   1.5373101549359487     
           3          13   1.2544641023384540     
          12          13   1.1113210273350900     
           4          14   1.2348193637244338     
          14          15   1.1606836899113158     
          15          16   1.5269153654469840     
           4          17   1.2540682255926341     
          16          17   1.1215115681822423     
           5          18   1.2426488108220619     
          18          19   1.1371402742582410     
          19          20   1.5967821348817082     
           5          21   1.2428114310726301     
          20          21   1.1382089862102545     
           6          22   1.3568784665435432     
          21          22   1.3554078313012270     
          22          23  0.96221339425573815     
           9          24   1.3681988719647937     
          10          24   1.3452411364086090     
          24          25  0.96043746100042937     
          13          26   1.3655562793603435     
          14          26   1.3443430278807422     
          26          27  0.95854582372773678     
          17          28   1.3553352081361860     
          18          28   1.3588901997559184     
          28          29  0.96006206148002549     
           8          30   1.0298520438671945     
          30          31  0.98042512226496425     
          30          32  0.97242727082760405     
          30          33  0.97308910640681634     
           7          34   1.0291577076004472     
          34          35  0.97335924645057625     
          34          36  0.97309087078047052     
          34          37  0.98041993012939721     
          11          38   1.0334807833559667     
          38          39  0.97629923658922702     
          38          40  0.96723574696707337     
          38          41  0.97740197123231687     
          12          42   1.1047181488819919     
          42          43  0.95832690836709244     
          42          44   1.8866983793258636     
          44          45  0.97571416125184940     
          44          46  0.97932398719691049     
          15          47   1.0328571998568350     
          47          48  0.97617956027941910     
          47          49  0.96776582850111281     
          47          50  0.97764233077821938     
          16          51   1.1034547139701250     
          51          52  0.95838980632398418     
          51          53   1.8878593994006743     
          53          54  0.97576867791133914     
          53          55  0.97931836388145044     
          19          56   1.0293342918646522     
          56          57  0.97302810088390579     
          56          58  0.97297926946663793     
          56          59  0.98045736767276348     
          20          60   1.0288806427265620     
          60          61  0.97344427937557676     
          60          62  0.98048982870773271     
          60          63  0.97315754089778883     
           1          64  0.26290231038888617     
          64          65  0.88423529212480823     
          64          66  0.88382030938565537     
          67          68  0.97081488717225251     
          67          69  0.97110500301738867     
          67          70  0.98186195033636181     
          71          72  0.94125097309366579     
          67          73   1.0317516336580923     
          71          73   1.1886448670638605     
          71          74   1.2620581926845804     
          73          74  0.11216261004948958     
          74          75  0.95377040691578863     
           1          76  0.50996264905780198     
          74          76   1.4790471292541625     
          73          77   1.5599892564585061     
          76          77   1.2461672952059952     
          77          78  0.95877182990780330     
