           1           2  0.61867798264333318     
           1           3  0.62419939137933456     
           1           4  0.60767385106536542     
           1           5  0.61540159603428612     
           2           6   1.2378537062333421     
           6           7   1.1324560850662226     
           7           8   1.5844740419387686     
           2           9   1.2301761256008632     
           8           9   1.1330543279998595     
           3          10   1.2331885010699966     
          10          11   1.1557444033962303     
          11          12   1.5115790623388001     
           3          13   1.2396313553271754     
          12          13   1.1196571490582872     
           4          14   1.2257477207739569     
          14          15   1.1596814184427453     
          15          16   1.5133477850552204     
           4          17   1.2457839919086950     
          16          17   1.1243896159164921     
           5          18   1.2327743775459734     
          18          19   1.1384545315222063     
          19          20   1.5741499108013577     
           5          21   1.2297291091148332     
          20          21   1.1421497091589556     
           6          22   1.3594476147723893     
          21          22   1.3594517857566248     
          22          23  0.95842379383689502     
           9          24   1.3720331060354414     
          10          24   1.3462058334891220     
          24          25  0.95656576761452949     
          13          26   1.3680101015456796     
          14          26   1.3487875405882399     
          26          27  0.95493509714169922     
          17          28   1.3576481970642971     
          18          28   1.3630286263834028     
          28          29  0.95671270146201937     
           8          30   1.0370173142927701     
          30          31  0.97801367223999347     
          30          32  0.96626615822826456     
          30          33  0.96828528221507970     
           7          34   1.0364565332326512     
          34          35  0.96753120559559924     
          34          36  0.96791991676773115     
          34          37  0.97798342611629041     
          11          38   1.0416388989798364     
          38          39  0.97265628497070011     
          38          40  0.95919426271138575     
          38          41  0.97374439965579085     
          12          42   1.1044811858582264     
          42          43  0.95565053571577208     
          42          44   1.8856042895225176     
          44          45  0.97383588854125680     
          44          46  0.97720214024152485     
          15          47   1.0405891699469101     
          47          48  0.97246803765499445     
          47          49  0.96050023799376527     
          47          50  0.97426001559336561     
          16          51   1.1013714252157245     
          51          52  0.95609910258594466     
          51          53   1.8898541187605435     
          53          54  0.97399435626774244     
          53          55  0.97723709932190594     
          19          56   1.0372476448022658     
          56          57  0.96771513556410615     
          56          58  0.96647068578586293     
          56          59  0.97800865744859666     
          20          60   1.0361871266289171     
          60          61  0.96766958699312000     
          60          62  0.97804428590542147     
          60          63  0.96809828723914448     
           1          64  0.29206561692316102     
          64          65  0.88135999934132925     
          64          66  0.88184326056572060     
          67          68  0.96491093163857466     
          67          69  0.96564305121308136     
          67          70  0.97935176772547061     
          71          72  0.93361030271327627     
          67          73   1.0369821492460769     
          71          73   1.1958965620506650     
          71          74   1.2930088720652453     
          73          74  0.10484488015303367     
          74          75  0.95253490607868119     
           1          76  0.53828656907421812     
          74          76   1.4667452769769265     
          73          77   1.5532600445990530     
          76          77   1.2433767940730609     
          77          78  0.95733135364471034     
