           1           2  0.73039438877428886     
           1           3  0.64908785901409982     
           1           4  0.60310130672015738     
           1           5  0.61307772658469850     
           2           6   1.2130807939073558     
           6           7   1.1939031157440958     
           7           8   1.4938539004923608     
           2           9   1.2136823660417555     
           8           9   1.1945135480597953     
           3          10   1.2193955329234223     
          10          11   1.1601118371944490     
          11          12   1.5092859282226954     
           3          13   1.2102037888337702     
          12          13   1.1091012234860553     
           4          14   1.2122171379863314     
          14          15   1.2766163706570974     
          15          16   1.3502579376390558     
           4          17   1.2468711023818611     
          16          17   1.1974771468012770     
           5          18   1.2167240374189070     
          18          19   1.1363837013770255     
          19          20   1.5755497285081752     
           5          21   1.2212661871344364     
          20          21   1.1441811013871706     
           6          22   1.3084953667294015     
          21          22   1.3730479043500170     
          22          23  0.96139726416144899     
           9          24   1.3102857974960609     
          10          24   1.3615812974584247     
          24          25  0.95963214798130525     
          13          26   1.4218135334604733     
          14          26   1.2408946036554891     
          26          27  0.95730066270071590     
          17          28   1.2728783355140312     
          18          28   1.3892737433396489     
          28          29  0.95961907897391163     
           8          30   1.0311711231400023     
          30          31  0.97984586164695964     
          30          32  0.97130239391241402     
          30          33  0.97238125165388611     
           7          34   1.0311550162550360     
          34          35  0.97205704840849938     
          34          36  0.97163826951956989     
          34          37  0.97981492399885828     
          11          38   1.0354552627602562     
          38          39  0.97536453883934593     
          38          40  0.96525317831914981     
          38          41  0.97636015982773228     
          12          42   1.1127363057667805     
          42          43  0.95727374004567445     
          42          44   1.8752933437008665     
          44          45  0.97535297918430608     
          44          46  0.97920501770662571     
          15          47   1.0329325604182609     
          47          48  0.97781851586247848     
          47          49  0.96681281939271624     
          47          50  0.97552757038845139     
          16          51   1.1418120563369212     
          51          52  0.95903177256714400     
          51          53   1.8346394574317346     
          53          54  0.97536238981212509     
          53          55  0.98011635270105091     
          19          56   1.0307636856236237     
          56          57  0.97145723527982586     
          56          58  0.97270873533743440     
          56          59  0.97990661313713012     
          20          60   1.0310110184385706     
          60          61  0.97143922280005346     
          60          62  0.98008304714362793     
          60          63  0.97212280042353638     
           1          64  0.20119623073860279     
          64          65  0.89107356483465128     
          64          66  0.89222560471877133     
          67          68  0.96813760904903012     
          67          69  0.97339270763856200     
          67          70  0.98236562649696646     
          71          72  0.94158403035981975     
          67          73   1.0318722182477913     
          71          73   1.1867061623860859     
          71          74   1.2699983703273445     
          73          74  0.10996886034867857     
          74          75  0.95974984258983997     
           1          76  0.26657354764036945     
          74          76   1.5142638944394031     
          73          77   1.5640726747998321     
          76          77   1.2619116738457425     
          77          78  0.96377818068725518     
