    0.44084306
   -0.21062712
   -0.20456802
   -0.22762096
   -0.23412604
    0.05045198
   -0.03057594
   -0.02801741
    0.05515305
    0.05621518
   -0.01895915
   -0.03184273
    0.05634264
    0.04964677
   -0.02341128
   -0.03395739
    0.05194795
    0.04788223
   -0.03191468
   -0.03311002
    0.04637335
   -0.07548049
    0.03443479
   -0.06430049
    0.03902835
   -0.07097914
    0.03495031
   -0.07389593
    0.03369033
   -0.09945402
    0.03445617
    0.03916269
    0.03517161
   -0.09853034
    0.03317828
    0.03722341
    0.03447902
   -0.10113585
    0.03491783
    0.03989961
    0.04274187
   -0.02675186
    0.02324930
   -0.09682423
    0.03573102
    0.02306619
   -0.10018580
    0.03419054
    0.03745869
    0.04199853
   -0.02744762
    0.02395311
   -0.09715049
    0.03444829
    0.02267642
   -0.09839535
    0.03519014
    0.03580774
    0.03343716
   -0.09838995
    0.03331725
    0.03368832
    0.03591812
   -0.48040409
    0.32124484
    0.32146313
   -0.11786013
    0.05676717
    0.05645941
    0.06385990
   -0.08420365
    0.17414496
    0.03850870
    0.07260819
    0.06991895
   -0.13148143
   -0.00301590
    0.06732093
