    0.56233299
   -0.20174836
   -0.22335822
   -0.24546784
   -0.24588808
    0.05352349
   -0.02600596
   -0.02629729
    0.05653453
    0.06359056
   -0.01318039
   -0.02519248
    0.06042891
    0.04900585
   -0.03096819
   -0.03977099
    0.04958268
    0.04925173
   -0.02929102
   -0.02569146
    0.05567935
   -0.07300053
    0.04198460
   -0.07136721
    0.04355646
   -0.08117819
    0.03534294
   -0.08972789
    0.03128928
   -0.10059327
    0.03782060
    0.03989045
    0.03893563
   -0.10035192
    0.03848915
    0.03901878
    0.03808764
   -0.10319839
    0.04031650
    0.04378884
    0.04636692
   -0.02658436
    0.02697565
   -0.09506043
    0.03887653
    0.02711701
   -0.09810846
    0.03273934
    0.03671600
    0.03919699
   -0.03095787
    0.01591651
   -0.10224687
    0.03365762
    0.01913203
   -0.09903971
    0.03544024
    0.03903205
    0.03691382
   -0.10102025
    0.03987608
    0.03678390
    0.04060871
   -0.50944293
    0.31635998
    0.31501993
   -0.11410931
    0.06035214
    0.05061495
    0.05949552
   -0.08836376
    0.17155826
    0.03883251
    0.08889202
    0.05349086
   -0.20949311
    0.00675230
    0.05153587
