           1           2  0.58823253004019471     
           1           3  0.59788326493123589     
           1           4  0.59294151437977383     
           1           5  0.58423976099428854     
           2           6   1.2472278264437864     
           6           7   1.1340133319258878     
           7           8   1.6014909037287062     
           2           9   1.2411605332041797     
           8           9   1.1337764823202645     
           3          10   1.2445001729196425     
          10          11   1.1490942417722778     
          11          12   1.5395347679645506     
           3          13   1.2574800566868380     
          12          13   1.1107791410639383     
           4          14   1.2407680700259853     
          14          15   1.1545817950424366     
          15          16   1.5318513638273634     
           4          17   1.2570496195362513     
          16          17   1.1156715874955494     
           5          18   1.2421324798459010     
          18          19   1.1380493641037637     
          19          20   1.5963928458183734     
           5          21   1.2433010133761537     
          20          21   1.1380385443647552     
           6          22   1.3565300847056923     
          21          22   1.3575738327239069     
          22          23  0.96215850489182908     
           9          24   1.3646272808981037     
          10          24   1.3455563363199827     
          24          25  0.96050949507333505     
          13          26   1.3659031137969251     
          14          26   1.3472971207591871     
          26          27  0.95843517993654337     
          17          28   1.3556560526720718     
          18          28   1.3562350226991406     
          28          29  0.96003066540564563     
           8          30   1.0293107506939967     
          30          31  0.98045984118530050     
          30          32  0.97314917680739788     
          30          33  0.97291721006489840     
           7          34   1.0291476809932709     
          34          35  0.97311213306951860     
          34          36  0.97321911243304360     
          34          37  0.98046457460687864     
          11          38   1.0331557675978624     
          38          39  0.97618601364388935     
          38          40  0.96757176116995092     
          38          41  0.97747881538881765     
          12          42   1.1039087508577259     
          42          43  0.95834662654284875     
          42          44   1.8877261897537747     
          44          45  0.97567086262409897     
          44          46  0.97927799144254668     
          15          47   1.0336069513515944     
          47          48  0.97615382788601224     
          47          49  0.96705202762499820     
          47          50  0.97746966651448663     
          16          51   1.1050241802514438     
          51          52  0.95842502255931761     
          51          53   1.8861611818335704     
          53          54  0.97568017140068020     
          53          55  0.97934196568358833     
          19          56   1.0289993801397104     
          56          57  0.97312935687036139     
          56          58  0.97325974289381167     
          56          59  0.98046907151676388     
          20          60   1.0291094812289214     
          60          61  0.98049770836975070     
          60          62  0.97308950233740243     
          60          63  0.97325585968902650     
           1          64  0.26339507457071609     
          64          65  0.88418940493279508     
          64          66  0.88483726744411273     
          67          68  0.97103996043479268     
          67          69  0.97094284217282756     
          67          70  0.98193529708492200     
          71          72  0.94117945253420632     
          67          73   1.0316803316363088     
          71          73   1.1887389115249878     
          71          74   1.2622414080312507     
          73          74  0.11200834651730676     
          74          75  0.95407144170781522     
           1          76  0.50963621430126471     
          74          76   1.4793585905270616     
          73          77   1.5600674716161591     
          76          77   1.2460444079204120     
          77          78  0.95850343052388465     
