    0.44039431
   -0.22512250
   -0.20209073
   -0.21389491
   -0.23517068
    0.04801584
   -0.03144816
   -0.03119516
    0.05090341
    0.05474504
   -0.02057976
   -0.02979637
    0.05914046
    0.05534760
   -0.01971357
   -0.03366293
    0.05190609
    0.04525666
   -0.03312519
   -0.03207521
    0.04807773
   -0.07469941
    0.03411613
   -0.06964535
    0.03598001
   -0.06357813
    0.03859667
   -0.07701345
    0.03331195
   -0.09888950
    0.03378947
    0.03672325
    0.03480960
   -0.09852314
    0.03541148
    0.03466800
    0.03379843
   -0.10072127
    0.03393518
    0.03923263
    0.04261374
   -0.02620037
    0.02438155
   -0.09632549
    0.03588421
    0.02346306
   -0.10091364
    0.03489783
    0.04050565
    0.04225677
   -0.02731735
    0.02209756
   -0.09710914
    0.03584767
    0.02267389
   -0.09816275
    0.03346521
    0.03599871
    0.03348048
   -0.09843153
    0.03342457
    0.03499173
    0.03499544
   -0.47960224
    0.32134810
    0.32144512
   -0.11783567
    0.05673051
    0.05651069
    0.06345834
   -0.08415546
    0.17438908
    0.03842010
    0.07290413
    0.07004060
   -0.13144812
   -0.00320240
    0.06726493
