    0.44102729
   -0.23367595
   -0.23308266
   -0.20522925
   -0.20528162
    0.04913549
   -0.03108543
   -0.03423105
    0.04461296
    0.04564626
   -0.02564870
   -0.03375652
    0.05231409
    0.05320022
   -0.02339998
   -0.03030021
    0.06098628
    0.05542037
   -0.02815453
   -0.02883510
    0.05341889
   -0.06991899
    0.03643697
   -0.07974048
    0.03160636
   -0.06978398
    0.03566748
   -0.06600575
    0.04308407
   -0.09790531
    0.03355196
    0.03485020
    0.03287924
   -0.09895381
    0.03544604
    0.03634062
    0.03344858
   -0.09958604
    0.03221236
    0.03622601
    0.04131541
   -0.02754285
    0.02432307
   -0.09686429
    0.03430679
    0.02296100
   -0.09955501
    0.03599842
    0.03869153
    0.03759368
   -0.02625627
    0.02516252
   -0.09591103
    0.03643337
    0.02430768
   -0.09956027
    0.03571222
    0.03918619
    0.03460367
   -0.09898139
    0.03501787
    0.03467032
    0.03704424
   -0.48080658
    0.32124123
    0.32126667
   -0.11797166
    0.05655118
    0.05672927
    0.06383900
   -0.08449096
    0.17422376
    0.03863454
    0.07305822
    0.06943428
   -0.13156052
   -0.00328620
    0.06754448
