           1           2  0.58236218335311973     
           1           3  0.57646760957172272     
           1           4  0.56723961980549886     
           1           5  0.57280229423639395     
           2           6   1.2545782932932752     
           6           7   1.1266563631494226     
           7           8   1.6099423233493049     
           2           9   1.2459195490492634     
           8           9   1.1262402545846539     
           3          10   1.2412180273421460     
          10          11   1.1538469221691507     
          11          12   1.5352523218406540     
           3          13   1.2530336830555300     
          12          13   1.1164250719758630     
           4          14   1.2323478646563777     
          14          15   1.1597607025457533     
          15          16   1.5288333857994580     
           4          17   1.2524893388484293     
          16          17   1.1233538853667540     
           5          18   1.2446474876548341     
          18          19   1.1311348712613267     
          19          20   1.6042786639342435     
           5          21   1.2456174712316364     
          20          21   1.1317050828428927     
           6          22   1.3574770326905339     
          21          22   1.3619657275414367     
          22          23  0.96163000433541612     
           9          24   1.3689023611296716     
          10          24   1.3445307518243073     
          24          25  0.96042572009089922     
          13          26   1.3639481343441251     
          14          26   1.3490859661357857     
          26          27  0.95843641996811813     
          17          28   1.3552155282881388     
          18          28   1.3627660130144712     
          28          29  0.95982402033797554     
           8          30   1.0302735557990126     
          30          31  0.98025665151460339     
          30          32  0.97226166606311260     
          30          33  0.97265513547158533     
           7          34   1.0303306279600741     
          34          35  0.97278905400325455     
          34          36  0.97206941560989835     
          34          37  0.98026788953034472     
          11          38   1.0336572451282677     
          38          39  0.96745231377297025     
          38          40  0.97567132366628750     
          38          41  0.97728393632401556     
          12          42   1.1019847661147781     
          42          43  0.95812336404864662     
          42          44   1.8901501514252137     
          44          45  0.97572157912290913     
          44          46  0.97917914189728283     
          15          47   1.0336467376567104     
          47          48  0.96713574139854153     
          47          49  0.97581612603793555     
          47          50  0.97729783325451036     
          16          51   1.1013740784820445     
          51          52  0.95850351221753705     
          51          53   1.8909145475606963     
          53          54  0.97556351722034829     
          53          55  0.97911525725727133     
          19          56   1.0303909791308161     
          56          57  0.97184730628103178     
          56          58  0.97280796393891811     
          56          59  0.98023678690120275     
          20          60   1.0303516207668117     
          60          61  0.98028135643141934     
          60          62  0.97242853390994166     
          60          63  0.97235569788148057     
           1          64  0.27379174143229029     
          64          65  0.87976575173525218     
          64          66  0.87948533958794284     
          67          68  0.98105045560397652     
          67          69  0.97861442558082434     
          67          70  0.97419736976027560     
           1          71  0.44183191713212377     
          67          71  0.99288960888736200     
          71          72  0.94225184800353479     
