    0.46518092
   -0.21886085
   -0.22890802
   -0.24445368
   -0.23597617
    0.05514107
   -0.02778276
   -0.02818921
    0.05606948
    0.05512303
   -0.02075698
   -0.03147182
    0.05395160
    0.04840841
   -0.02196879
   -0.03151407
    0.05430977
    0.05170363
   -0.02827242
   -0.02768995
    0.05445920
   -0.06792815
    0.03954299
   -0.06799384
    0.03807506
   -0.07450512
    0.03558627
   -0.07225812
    0.03752071
   -0.10007864
    0.03606396
    0.03940594
    0.03625740
   -0.09999480
    0.03718008
    0.03878929
    0.03593221
   -0.10137010
    0.03709596
    0.03794851
    0.04413735
   -0.02769630
    0.02632158
   -0.09559071
    0.03546389
    0.02530244
   -0.10096532
    0.03602508
    0.03852658
    0.04396537
   -0.02776044
    0.02732691
   -0.09542354
    0.02564913
    0.03587715
   -0.09986587
    0.03955289
    0.03657276
    0.03607563
   -0.10014738
    0.03911314
    0.03616524
    0.03736947
   -0.47983043
    0.32523623
    0.32466430
   -0.07612168
    0.07110143
    0.07456805
    0.07587381
   -0.11069777
    0.16543898
