    0.46594207
   -0.21554475
   -0.24358459
   -0.25004478
   -0.21944012
    0.05940423
   -0.02503705
   -0.02574944
    0.05662373
    0.05198353
   -0.02047205
   -0.03296713
    0.05095791
    0.04644300
   -0.02663854
   -0.03377330
    0.05364011
    0.05377115
   -0.02833537
   -0.02701029
    0.05731291
   -0.06393114
    0.04145053
   -0.06862242
    0.03997953
   -0.07778815
    0.03389940
   -0.07347715
    0.04091987
   -0.10035117
    0.03685511
    0.03891269
    0.03843523
   -0.10052890
    0.03960344
    0.03881203
    0.03674974
   -0.10189710
    0.03849016
    0.03795227
    0.04403326
   -0.02772215
    0.02543575
   -0.09556092
    0.03589985
    0.02538991
   -0.09956119
    0.03712865
    0.03706393
    0.03759530
   -0.02693576
    0.02703624
   -0.09451418
    0.03142990
    0.02643554
   -0.09988258
    0.03895877
    0.03656190
    0.03619035
   -0.10036501
    0.03612309
    0.03727144
    0.03984098
   -0.48012687
    0.32515414
    0.32485892
   -0.07589072
    0.07084410
    0.07402749
    0.07655213
   -0.11204403
    0.16582657
