    0.42844451
   -0.21808610
   -0.21753074
   -0.22378377
   -0.22377419
    0.05274449
   -0.02981877
   -0.02828376
    0.05494614
    0.05335522
   -0.02183047
   -0.03482748
    0.05538108
    0.05197194
   -0.02451312
   -0.03383955
    0.05541229
    0.05328436
   -0.03086011
   -0.03311623
    0.04972734
   -0.07375799
    0.03395393
   -0.06765857
    0.03621714
   -0.07266304
    0.03089769
   -0.07121844
    0.03204782
   -0.09864917
    0.03417848
    0.03467485
    0.03828694
   -0.09822605
    0.03786220
    0.03301680
    0.03418964
   -0.09994911
    0.03737583
    0.03449525
    0.04183109
   -0.02721797
    0.02276390
   -0.09720045
    0.03413187
    0.02248487
   -0.09883200
    0.03559421
    0.03323017
    0.04124018
   -0.02729277
    0.02350412
   -0.09687133
    0.03365423
    0.02213250
   -0.09773676
    0.03613486
    0.03461918
    0.03311506
   -0.09792947
    0.03616621
    0.03352081
    0.03279121
   -0.11707456
    0.05589380
    0.05605618
    0.06326522
   -0.08476960
    0.17364095
    0.03782631
    0.07413500
    0.06962075
   -0.13035406
   -0.00193798
    0.06621867
   -0.10793364
    0.04537286
    0.05756032
    0.04852750
   -0.02087990
    0.05774714
    0.05077025
   -0.06030713
   -0.07228249
    0.06428100
    0.05929231
    0.07142013
