    0.43115871
   -0.22289148
   -0.21970633
   -0.21868904
   -0.22074265
    0.05099010
   -0.03177593
   -0.03054627
    0.05184297
    0.05287953
   -0.02970434
   -0.02944743
    0.05360173
    0.05658641
   -0.03224294
   -0.02373924
    0.05293805
    0.05475369
   -0.03534650
   -0.02273991
    0.05236246
   -0.07163150
    0.03282417
   -0.07148104
    0.03546289
   -0.07022817
    0.03376606
   -0.07313026
    0.03010473
   -0.09772136
    0.03421040
    0.03534362
    0.03365149
   -0.09825042
    0.03779043
    0.03326682
    0.03361366
   -0.09949624
    0.04156655
    0.03587987
    0.03380939
   -0.02751542
    0.02266942
   -0.09738258
    0.03327093
    0.02205778
   -0.09888355
    0.03604838
    0.03325705
    0.04119610
   -0.02687557
    0.02365242
   -0.09666245
    0.03424229
    0.02243690
   -0.09836592
    0.03768304
    0.03473144
    0.03399580
   -0.09843103
    0.03815092
    0.03417845
    0.03323501
   -0.11716218
    0.05596727
    0.05628639
    0.06342386
   -0.08452961
    0.17384212
    0.03798836
    0.07434057
    0.06931770
   -0.12972993
   -0.00159647
    0.06589846
   -0.10853145
    0.04594511
    0.05834183
    0.04855098
   -0.02007524
    0.05468654
    0.05076333
   -0.06067748
   -0.07226864
    0.06244790
    0.05879270
    0.07239579
