           1           2  0.58575057827949362     
           1           3  0.57866851979673950     
           1           4  0.56704597203680551     
           1           5  0.57112589465418484     
           2           6   1.2536421772976518     
           6           7   1.1220961461016103     
           7           8   1.6152895135147771     
           2           9   1.2492559816175870     
           8           9   1.1216393649994199     
           3          10   1.2467585601246916     
          10          11   1.1499109843160593     
          11          12   1.5384155015779302     
           3          13   1.2516801680413083     
          12          13   1.1126600348528211     
           4          14   1.2343935033774718     
          14          15   1.1647470219756326     
          15          16   1.5288798147961999     
           4          17   1.2458816138468940     
          16          17   1.1265004899450448     
           5          18   1.2400034748184272     
          18          19   1.1364739504476824     
          19          20   1.5980321702054012     
           5          21   1.2458819755913599     
          20          21   1.1372292064984386     
           6          22   1.3626392489829884     
          21          22   1.3564393806669766     
          22          23  0.96169709987053031     
           9          24   1.3710285229672421     
          10          24   1.3459064433625851     
          24          25  0.96007572755380588     
          13          26   1.3688309390002980     
          14          26   1.3431159080107635     
          26          27  0.95983837251753379     
          17          28   1.3530581505601809     
          18          28   1.3604157849242646     
          28          29  0.95837239026905297     
           8          30   1.0308731093690149     
          30          31  0.98020798924983288     
          30          32  0.97179782362793421     
          30          33  0.97242630940223795     
           7          34   1.0305016029573046     
          34          35  0.97245872081224582     
          34          36  0.97234110131447005     
          34          37  0.98022153908688914     
          11          38   1.0344723392408612     
          38          39  0.97568107383082336     
          38          40  0.96661160238964505     
          38          41  0.97713915493192915     
          12          42   1.1028933460568549     
          42          43  0.95813646772349692     
          42          44   1.8893892159223640     
          44          45  0.97917350882496279     
          44          46  0.97562776717274624     
          15          47   1.0318620523862192     
          47          48  0.96935261267380657     
          47          49  0.97351540829359984     
          47          50  0.98187785207574430     
          16          51   1.0945177139481448     
          51          52  0.95754516036280934     
          51          53   1.8978677098393051     
          53          54  0.97897133910468603     
          53          55  0.97512745083443841     
          19          56   1.0298857220499469     
          56          57  0.97254498103652642     
          56          58  0.97263667110102792     
          56          59  0.98032724205841393     
          20          60   1.0300580688553951     
          60          61  0.98036944183819341     
          60          62  0.97296497673480475     
          60          63  0.97206563863478934     
           1          64  0.27453591613968642     
          64          65  0.87970345665236915     
          64          66  0.87981864525504794     
          67          68  0.97534337938642734     
          67          69  0.98091975999481484     
          67          70  0.97905202874362041     
           1          71  0.43490105995868628     
          67          71  0.99348591298489441     
          71          72  0.94235118673249996     
