    0.46699351
   -0.21387471
   -0.22114653
   -0.25037157
   -0.24246966
    0.05714596
   -0.02590665
   -0.02452188
    0.05963213
    0.05899217
   -0.01681779
   -0.03051329
    0.05493305
    0.04787685
   -0.02589524
   -0.03469489
    0.05138445
    0.04794286
   -0.03178385
   -0.03014911
    0.05141651
   -0.06863774
    0.03919310
   -0.06220565
    0.04278148
   -0.07429304
    0.03568390
   -0.07845354
    0.03840921
   -0.10089198
    0.03694468
    0.03979711
    0.03955105
   -0.10016192
    0.03830201
    0.03866006
    0.03680294
   -0.10238113
    0.03871851
    0.04072807
    0.04495317
   -0.02734139
    0.02617932
   -0.09577174
    0.02553581
    0.03678705
   -0.09981141
    0.03827413
    0.03702433
    0.03763759
   -0.02723288
    0.02630101
   -0.09510281
    0.02588321
    0.03209246
   -0.09943333
    0.03657998
    0.03651168
    0.03522388
   -0.09985169
    0.03518857
    0.03732370
    0.03744976
   -0.47977251
    0.32488251
    0.32507036
   -0.07511135
    0.07580203
    0.07046270
    0.07449975
   -0.11274545
    0.16579211
