    0.44055841
   -0.23430442
   -0.22664982
   -0.20375666
   -0.21212209
    0.04587322
   -0.03301613
   -0.03224065
    0.04785474
    0.04878565
   -0.02329492
   -0.03383779
    0.05301341
    0.05412188
   -0.02062709
   -0.02978355
    0.05927215
    0.05518609
   -0.02778818
   -0.03109171
    0.04992571
   -0.07617690
    0.03418303
   -0.07406126
    0.03398523
   -0.07041789
    0.03508995
   -0.06399781
    0.03858784
   -0.09843104
    0.03344496
    0.03475450
    0.03535919
   -0.09839485
    0.03348268
    0.03577374
    0.03354275
   -0.10017598
    0.03675192
    0.03365733
    0.04203067
   -0.02764509
    0.02451990
   -0.09701756
    0.03413878
    0.02290359
   -0.10044381
    0.03700135
    0.03590462
    0.04346031
   -0.02644521
    0.02670608
   -0.09713807
    0.03425313
    0.02319257
   -0.09938733
    0.03612099
    0.03898720
    0.03433493
   -0.09842405
    0.03297877
    0.03455345
    0.03692473
   -0.48041843
    0.32140590
    0.32118906
   -0.11793295
    0.05686130
    0.05639171
    0.06406417
   -0.08421061
    0.17417047
    0.03857463
    0.07263112
    0.06975419
   -0.13156259
   -0.00304757
    0.06758398
