           1           2  0.58514194637225414     
           1           3  0.58522893029610290     
           1           4  0.59706567626320362     
           1           5  0.59617307249952978     
           2           6   1.2455474760449485     
           6           7   1.1377383738915923     
           7           8   1.5977387619531749     
           2           9   1.2387436649259567     
           8           9   1.1364472698381238     
           3          10   1.2372361030577645     
          10          11   1.1599758011811754     
          11          12   1.5275519823791111     
           3          13   1.2508296255176641     
          12          13   1.1205398071655333     
           4          14   1.2399764585679476     
          14          15   1.1494847804675166     
          15          16   1.5378184848135799     
           4          17   1.2621522762070112     
          16          17   1.1124155737235348     
           5          18   1.2505553377499763     
          18          19   1.1283677192580677     
          19          20   1.6069578926500510     
           5          21   1.2475113236926338     
          20          21   1.1289371838032947     
           6          22   1.3526406288206796     
          21          22   1.3595627390824361     
          22          23  0.96222596037191765     
           9          24   1.3662540140942470     
          10          24   1.3442590354062127     
          24          25  0.96063561130291197     
          13          26   1.3598939440955726     
          14          26   1.3499263768160663     
          26          27  0.95878288335033690     
          17          28   1.3567326704611444     
          18          28   1.3601793574528307     
          28          29  0.95987432636466219     
           8          30   1.0291565446282900     
          30          31  0.98046217666454716     
          30          32  0.97307306874330735     
          30          33  0.97318507585160363     
           7          34   1.0288875773953372     
          34          35  0.97325931635929375     
          34          36  0.97330435954080574     
          34          37  0.98048926262442737     
          11          38   1.0327198621745843     
          38          39  0.96786714903218929     
          38          40  0.97641732816420124     
          38          41  0.97750271200748151     
          12          42   1.1041787437051991     
          42          43  0.95842266637822660     
          42          44   1.8870524080992186     
          44          45  0.97578666368479583     
          44          46  0.97932215795451727     
          15          47   1.0331776673862250     
          47          48  0.96780486808933530     
          47          49  0.97614983306184355     
          47          50  0.97737421409190806     
          16          51   1.1038649926034796     
          51          52  0.95818266011489539     
          51          53   1.8878027047741330     
          53          54  0.97577060439078334     
          53          55  0.97929788638097781     
          19          56   1.0300196670098123     
          56          57  0.97317572223319626     
          56          58  0.97209157511658462     
          56          59  0.98043433344767772     
          20          60   1.0290677502774899     
          60          61  0.97340649012817071     
          60          62  0.98043696818328474     
          60          63  0.97316885330089453     
           1          64  0.26241646396053070     
          64          65  0.88399420776369486     
          64          66  0.88416812322769744     
          67          68  0.97070022451908267     
          67          69  0.97122329138209995     
          67          70  0.98182625946666313     
          71          72  0.94124312587893866     
          67          73   1.0317546246698450     
          71          73   1.1886766423029431     
          71          74   1.2620769474078515     
          73          74  0.11222924908256494     
          74          75  0.95395180892425990     
           1          76  0.51008614499122373     
          74          76   1.4789438893831193     
          73          77   1.5600185022488982     
          76          77   1.2461774357237918     
          77          78  0.95849609550817849     
