           1           2  0.58266688153606827     
           1           3  0.58265434597306853     
           1           4  0.56549899781984991     
           1           5  0.57027732482521332     
           2           6   1.2526039056909957     
           6           7   1.1262752759397465     
           7           8   1.6104664034281635     
           2           9   1.2476802876054740     
           8           9   1.1255605773881427     
           3          10   1.2486761998633398     
          10          11   1.1476683558360552     
          11          12   1.5465456934496857     
           3          13   1.2529774438532715     
          12          13   1.1104703115678085     
           4          14   1.2350074386312873     
          14          15   1.1612740383493150     
          15          16   1.5320610416482037     
           4          17   1.2491805965113771     
          16          17   1.1239118619372586     
           5          18   1.2391998246573737     
          18          19   1.1384996027408583     
          19          20   1.5962935305147565     
           5          21   1.2406305847359254     
          20          21   1.1390410851167385     
           6          22   1.3584805431361662     
          21          22   1.3562847509929890     
          22          23  0.96202044263224251     
           9          24   1.3692568442255457     
          10          24   1.3463130825395995     
          24          25  0.96157426577494653     
          13          26   1.3680290202014072     
          14          26   1.3464108031299424     
          26          27  0.95790678565583365     
          17          28   1.3548538045765393     
          18          28   1.3601332339887322     
          28          29  0.95823634198398699     
           8          30   1.0305296038471450     
          30          31  0.98029276919158981     
          30          32  0.97131184472824073     
          30          33  0.97333512071845218     
           7          34   1.0300454311265970     
          34          35  0.97286465844821834     
          34          36  0.97239365418547141     
          34          37  0.98032080952626588     
          11          38   1.0327089041053854     
          38          39  0.97277143223212614     
          38          40  0.96925994502730428     
          38          41  0.98190883497595105     
          12          42   1.0960314155848243     
          42          43  0.95744199147200337     
          42          44   1.8968032850882983     
          44          45  0.97516300067907924     
          44          46  0.97896269823862259     
          15          47   1.0324758271932857     
          47          48  0.96925740288479123     
          47          49  0.97260585149569767     
          47          50  0.98213790345698571     
          16          51   1.0950163567246589     
          51          52  0.95774592882144993     
          51          53   1.8976595318514304     
          53          54  0.97513159781663972     
          53          55  0.97895620666021910     
          19          56   1.0299447121954575     
          56          57  0.97213755572232252     
          56          58  0.97291642875217388     
          56          59  0.98034559136825772     
          20          60   1.0297075259151292     
          60          61  0.97222603605178914     
          60          62  0.98036669411041655     
          60          63  0.97322885867612796     
           1          64  0.27397241961476110     
          64          65  0.87983490113424812     
          64          66  0.88009199928628257     
          67          68  0.97878552453866141     
          67          69  0.98109951713117993     
          67          70  0.97475938339792667     
           1          71  0.43530948853023849     
          67          71  0.99355784405141578     
          71          72  0.94190160251425337     
