           1           2  0.58557479999152295     
           1           3  0.58165268096667566     
           1           4  0.59898459497045131     
           1           5  0.59705445268679624     
           2           6   1.2466520040904854     
           6           7   1.1374385701631267     
           7           8   1.5979836875153306     
           2           9   1.2362213337738657     
           8           9   1.1362445376285628     
           3          10   1.2373881415930224     
          10          11   1.1631402673209867     
          11          12   1.5295192933598678     
           3          13   1.2484632192436864     
          12          13   1.1238251462873687     
           4          14   1.2391721804591680     
          14          15   1.1507023849706888     
          15          16   1.5422324833884455     
           4          17   1.2604247442632244     
          16          17   1.1132243718665029     
           5          18   1.2493242595593905     
          18          19   1.1263662972064796     
          19          20   1.6097094734789674     
           5          21   1.2506963575551460     
          20          21   1.1265791187654268     
           6          22   1.3542365784979742     
          21          22   1.3609507365248119     
          22          23  0.96211361163341380     
           9          24   1.3665681714077411     
          10          24   1.3392313879092999     
          24          25  0.96236344846673294     
          13          26   1.3597351738588612     
          14          26   1.3517630717738112     
          26          27  0.95831373787605956     
          17          28   1.3533228631542495     
          18          28   1.3611960835988959     
          28          29  0.95823645492998866     
           8          30   1.0286925911450147     
          30          31  0.98047235943165689     
          30          32  0.97285080330667761     
          30          33  0.97404567914436102     
           7          34   1.0293118342647931     
          34          35  0.97311029780033909     
          34          36  0.97289921329187989     
          34          37  0.98053453285009873     
          11          38   1.0304108900150959     
          38          39  0.97381521246199709     
          38          40  0.97100586127309096     
          38          41  0.98220472770601663     
          12          42   1.0968129446039612     
          42          43  0.95792088980398860     
          42          44   1.8951803680100026     
          44          45  0.97517828962217090     
          44          46  0.97910638092429614     
          15          47   1.0316394013470909     
          47          48  0.97046235185349738     
          47          49  0.97268439300759613     
          47          50  0.98236757999599666     
          16          51   1.0965525473970426     
          51          52  0.95797471768202036     
          51          53   1.8957824371538383     
          53          54  0.97487072093048865     
          53          55  0.97907126211399942     
          19          56   1.0299471513450473     
          56          57  0.97187651008466402     
          56          58  0.97350238450106241     
          56          59  0.98048496685100539     
          20          60   1.0294478082209675     
          60          61  0.98049027613428452     
          60          62  0.97370366360834926     
          60          63  0.97248665785996269     
           1          64  0.26104687679676192     
          64          65  0.88353114380757769     
          64          66  0.88432493825451197     
          67          68  0.97096862567058595     
          67          69  0.97101851872564771     
          67          70  0.98188212286617915     
          71          72  0.94126074090808753     
          67          73   1.0316579951346374     
          71          73   1.1887635256146616     
          71          74   1.2615932853934895     
          73          74  0.11202130153988152     
          74          75  0.95538258919444297     
           1          76  0.50969529663655799     
          74          76   1.4795654095023139     
          73          77   1.5602823148029576     
          76          77   1.2455302915200042     
          77          78  0.95790069470469963     
