    0.44060329
   -0.21108011
   -0.20958066
   -0.22735228
   -0.22867690
    0.05253938
   -0.02905415
   -0.02983771
    0.05275778
    0.05330166
   -0.02112998
   -0.03150158
    0.05593658
    0.05053080
   -0.02215424
   -0.03478728
    0.05119211
    0.04816275
   -0.03233669
   -0.03071887
    0.04966029
   -0.07038935
    0.03642640
   -0.06932722
    0.03694700
   -0.06874470
    0.03598387
   -0.07598657
    0.03264286
   -0.09898030
    0.03451330
    0.03370272
    0.03839561
   -0.09899705
    0.03737534
    0.03513133
    0.03435446
   -0.10070229
    0.03721295
    0.03506432
    0.04361242
   -0.02648411
    0.02531267
   -0.09740455
    0.03347478
    0.02312707
   -0.10046720
    0.03494605
    0.03754372
    0.04219934
   -0.02775742
    0.02344669
   -0.09716971
    0.03440011
    0.02251301
   -0.09828782
    0.03478353
    0.03555752
    0.03361851
   -0.09892409
    0.03386768
    0.03573468
    0.03569461
   -0.48082785
    0.32133304
    0.32134842
   -0.11783402
    0.05675467
    0.05641300
    0.06387745
   -0.08378633
    0.17439082
    0.03833209
    0.07269158
    0.07012738
   -0.13166042
   -0.00286147
    0.06726732
