           1           2  0.59738276902099929     
           1           3  0.59675493635839061     
           1           4  0.58500690314284121     
           1           5  0.58625768523793587     
           2           6   1.2526083684486402     
           6           7   1.1277396126864447     
           7           8   1.6084607335631766     
           2           9   1.2450130314845647     
           8           9   1.1275554877591420     
           3          10   1.2438385544428940     
          10          11   1.1527547091223205     
          11          12   1.5348248814581507     
           3          13   1.2547529968043132     
          12          13   1.1132013379165524     
           4          14   1.2348468773585040     
          14          15   1.1609003442944297     
          15          16   1.5259130908810945     
           4          17   1.2534585313906383     
          16          17   1.1213819229942932     
           5          18   1.2426646498592453     
          18          19   1.1352032619194503     
          19          20   1.5992870870480989     
           5          21   1.2444101393509550     
          20          21   1.1359470500525144     
           6          22   1.3573502743975949     
          21          22   1.3584013444432301     
          22          23  0.96202248898230869     
           9          24   1.3673381825207085     
          10          24   1.3432434691428050     
          24          25  0.96059189753973295     
          13          26   1.3654757526157952     
          14          26   1.3466235992646161     
          26          27  0.95851725677351174     
          17          28   1.3531229227642825     
          18          28   1.3582708904002141     
          28          29  0.96022994557793562     
           8          30   1.0294209421064389     
          30          31  0.98042505273303981     
          30          32  0.97343294830413041     
          30          33  0.97263269809929331     
           7          34   1.0295581692700073     
          34          35  0.97268154668697093     
          34          36  0.97325732890542227     
          34          37  0.98043122137547467     
          11          38   1.0329806426173780     
          38          39  0.97608108063137611     
          38          40  0.96810866966679865     
          38          41  0.97726725748136611     
          12          42   1.1049396207902589     
          42          43  0.95833325597009211     
          42          44   1.8863823587381054     
          44          45  0.97583701256749678     
          44          46  0.97933315020589029     
          15          47   1.0331437577906795     
          47          48  0.97604543108880426     
          47          49  0.96759076605347394     
          47          50  0.97750554012463575     
          16          51   1.1043963360604439     
          51          52  0.95860894309786704     
          51          53   1.8866165288223571     
          53          54  0.97577786832200186     
          53          55  0.97934186571317317     
          19          56   1.0291949931287743     
          56          57  0.97330234600924681     
          56          58  0.97288641540520426     
          56          59  0.98044772528337132     
          20          60   1.0293375202727757     
          60          61  0.98048802212241537     
          60          62  0.97307070957409947     
          60          63  0.97297860098824829     
           1          64  0.26222571105888653     
          64          65  0.88387956123749023     
          64          66  0.88403400902710638     
          67          68  0.97097911770011813     
          67          69  0.97095380584318169     
          67          70  0.98186029053472001     
          71          72  0.94114333636986469     
          67          73   1.0317751715696308     
          71          73   1.1887213449803875     
          71          74   1.2627228944596578     
          73          74  0.11246130314339968     
          74          75  0.95286448303605975     
           1          76  0.50874713237171088     
          74          76   1.4787458034197745     
          73          77   1.5596072500301008     
          76          77   1.2470475902187088     
          77          78  0.95964880134712327     
