    0.44067591
   -0.23350771
   -0.23299032
   -0.20517363
   -0.20567223
    0.04922029
   -0.03098023
   -0.03401491
    0.04502756
    0.04555948
   -0.02559806
   -0.03360607
    0.05236886
    0.05369795
   -0.02000270
   -0.03083124
    0.05895813
    0.05588199
   -0.02810369
   -0.02861670
    0.05348814
   -0.07006239
    0.03659554
   -0.07954940
    0.03183052
   -0.06922559
    0.03593265
   -0.06572662
    0.03761152
   -0.09795730
    0.03361744
    0.03343813
    0.03448073
   -0.09896488
    0.03629420
    0.03558957
    0.03351443
   -0.09964713
    0.03366419
    0.03464469
    0.04201098
   -0.02744543
    0.02478957
   -0.09697586
    0.03343268
    0.02301818
   -0.10050944
    0.04347307
    0.03561409
    0.03740084
   -0.02679065
    0.02677943
   -0.09732297
    0.02317226
    0.03410938
   -0.09931054
    0.03873629
    0.03580775
    0.03459204
   -0.09902191
    0.03476750
    0.03532514
    0.03699274
   -0.48077776
    0.32135524
    0.32124974
   -0.11804075
    0.05688362
    0.05656650
    0.06403336
   -0.08432119
    0.17430604
    0.03873544
    0.07303532
    0.06959297
   -0.13164645
   -0.00323999
    0.06776163
