           1           2  0.57739918511680788     
           1           3  0.57582158435053465     
           1           4  0.57471372246969588     
           1           5  0.57842416338978064     
           2           6   1.2430502460838577     
           6           7   1.1315740304408581     
           7           8   1.6021470632525381     
           2           9   1.2513555950704565     
           8           9   1.1327574599883761     
           3          10   1.2479224978502581     
          10          11   1.1321414814754132     
          11          12   1.6036875369313930     
           3          13   1.2467481669093772     
          12          13   1.1318723550806533     
           4          14   1.2579980722595423     
          14          15   1.1172173101488858     
          15          16   1.5304896979943363     
           4          17   1.2419980429776247     
          16          17   1.1559569171939723     
           5          18   1.2571309944885229     
          18          19   1.1129015968183071     
          19          20   1.5368732812921033     
           5          21   1.2428637464739045     
          20          21   1.1519583605144621     
           6          22   1.3609852398673592     
          21          22   1.3451340509194223     
          22          23  0.96054797308257012     
           9          24   1.3529617901869166     
          10          24   1.3564255729257793     
          24          25  0.96235642836965396     
          13          26   1.3558671597891943     
          14          26   1.3524697373951962     
          26          27  0.96048151205988197     
          17          28   1.3453671303969954     
          18          28   1.3649119801941878     
          28          29  0.95860864924231659     
           7          30   1.0289420198785859     
          30          31  0.97369108827976003     
          30          32  0.97282393255818067     
          30          33  0.98049065520498169     
           8          34   1.0292363022979714     
          34          35  0.97262475947169957     
          34          36  0.97366501176252995     
          34          37  0.98051719167521345     
          20          38   1.0329844132693335     
          38          39  0.96760837605177374     
          38          40  0.97617469468287799     
          38          41  0.97762210133108896     
          19          42   1.1039482506605989     
          42          43  0.95817342030711716     
          42          44   1.8876191807350624     
          44          45  0.97570074377465199     
          44          46  0.97929221418026757     
          16          47   1.0331228216363262     
          47          48  0.96750002145435743     
          47          49  0.97638696291987914     
          47          50  0.97753672476627895     
          15          51   1.1047296038793972     
          51          52  0.95868322263831862     
          51          53   1.8863173091673313     
          53          54  0.97579052518787346     
          53          55  0.97935619563658083     
          12          56   1.0290559438816309     
          56          57  0.98047005227882444     
          56          58  0.97401768307585090     
          56          59  0.97235764778040235     
          11          60   1.0290633054013805     
          60          61  0.98053550537291301     
          60          62  0.97263878340124832     
          60          63  0.97379031318746567     
          64          65  0.97108027414332199     
          64          66  0.97113420256413152     
          64          67  0.98198120430235170     
          68          69  0.94132750062360770     
          64          70   1.0316443378852629     
          68          70   1.1881480124203128     
          68          71   1.2633639474325418     
          70          71  0.11259519773952983     
          71          72  0.95378071588924751     
           1          73  0.49318353086139866     
          71          73   1.4812274227515827     
          70          74   1.5596409732502801     
          73          74   1.2482779905130548     
          74          75  0.95906479931448452     
          76          77  0.98029987600126722     
          76          78  0.97932517743908709     
          76          79  0.98637166479781702     
          76          80   1.0263108127414822     
          80          81  0.96806645555113824     
          80          82  0.97318597659893658     
           1          83  0.39820366489542997     
          80          83  0.96194393786387344     
          83          84  0.99593656765872540     
          84          85  0.97701716831284924     
          84          86  0.98071067703252102     
          84          87  0.97546389270898937     
