    0.42862216
   -0.22329223
   -0.22474788
   -0.21793580
   -0.21739114
    0.04961822
   -0.03311034
   -0.03095012
    0.05306423
    0.05200595
   -0.03179560
   -0.03272570
    0.05153980
    0.05541106
   -0.03479373
   -0.02166873
    0.05349848
    0.05828364
   -0.03056280
   -0.02154159
    0.05303444
   -0.07337169
    0.03366072
   -0.07199164
    0.03241163
   -0.07307557
    0.03113320
   -0.06679100
    0.03590966
   -0.09789127
    0.03248600
    0.03638735
    0.03346269
   -0.09782302
    0.03545222
    0.03454332
    0.03305303
   -0.09995735
    0.03942244
    0.03237124
    0.04186268
   -0.02628590
    0.02382459
   -0.09631442
    0.03569431
    0.02319908
   -0.09975892
    0.03794625
    0.03450119
    0.04185939
   -0.02734942
    0.02310184
   -0.09725575
    0.03430839
    0.02233267
   -0.09718777
    0.03287012
    0.03425547
    0.03441439
   -0.09737897
    0.03295002
    0.03485020
    0.03383779
   -0.11704128
    0.05615158
    0.05571979
    0.06311090
   -0.08476853
    0.17372874
    0.03776437
    0.07429939
    0.06943644
   -0.13045594
   -0.00205405
    0.06637160
   -0.10811117
    0.04496630
    0.05776988
    0.04880241
   -0.02124084
    0.05772628
    0.05058676
   -0.05943324
   -0.07246053
    0.06415747
    0.05926720
    0.07147500
