           1           2  0.58553701416394377     
           1           3  0.58379876614174719     
           1           4  0.59623220341243910     
           1           5  0.59783217531424115     
           2           6   1.2472702906265178     
           6           7   1.1372082482938537     
           7           8   1.5981112773855144     
           2           9   1.2373171640334906     
           8           9   1.1361857147535974     
           3          10   1.2351096287699859     
          10          11   1.1626877375717282     
          11          12   1.5244656610571701     
           3          13   1.2502620494026293     
          12          13   1.1227399008030474     
           4          14   1.2397688563431444     
          14          15   1.1500833186998571     
          15          16   1.5371902331706329     
           4          17   1.2617511499905185     
          16          17   1.1130724380532344     
           5          18   1.2507943879321068     
          18          19   1.1259383956719553     
          19          20   1.6101503112986257     
           5          21   1.2498558041701195     
          20          21   1.1261307906224465     
           6          22   1.3536670559658077     
          21          22   1.3622789186842676     
          22          23  0.96201098245969185     
           9          24   1.3653149278469396     
          10          24   1.3413857360545469     
          24          25  0.96078713166900576     
          13          26   1.3605263127548572     
          14          26   1.3516555338089025     
          26          27  0.95859850221201204     
          17          28   1.3543314463126113     
          18          28   1.3603642019151980     
          28          29  0.96005584797346222     
           8          30   1.0287472815863057     
          30          31  0.97346705047679927     
          30          32  0.98044017405241868     
          30          33  0.97331447698060092     
           7          34   1.0293808288434327     
          34          35  0.97283089075835161     
          34          36  0.97311148200997666     
          34          37  0.98048840110374169     
          11          38   1.0322757052647664     
          38          39  0.97669463705205817     
          38          40  0.96824500272964908     
          38          41  0.97733459502394027     
          12          42   1.1048113604806729     
          42          43  0.95835367229567237     
          42          44   1.8865223160178528     
          44          45  0.97579575803128593     
          44          46  0.97933257091654813     
          15          47   1.0332664135675973     
          47          48  0.97597461169222877     
          47          49  0.96777104159848459     
          47          50  0.97749631586666763     
          16          51   1.1035600605527798     
          51          52  0.95826888881071648     
          51          53   1.8879500921931820     
          53          54  0.97578296753087113     
          53          55  0.97929127094634205     
          19          56   1.0298910193287578     
          56          57  0.97246689115993779     
          56          58  0.97298467985719406     
          56          59  0.98041943643882179     
          20          60   1.0295547050026401     
          60          61  0.98042264211343078     
          60          62  0.97317907328894726     
          60          63  0.97282397406902632     
           1          64  0.26215493691652031     
          64          65  0.88386396251461519     
          64          66  0.88417302507890738     
          67          68  0.97095147942126669     
          67          69  0.97096122583089950     
          67          70  0.98183861470900780     
          71          72  0.94121430870168221     
          67          73   1.0317196927764800     
          71          73   1.1887461143962696     
          71          74   1.2621139504986072     
          73          74  0.11198750474965569     
          74          75  0.95480165658366989     
           1          76  0.50935025785698762     
          74          76   1.4798977700921934     
          73          77   1.5603337481742383     
          76          77   1.2457643407542716     
          77          78  0.95766684074533781     
