    0.44063825
   -0.23338630
   -0.23302318
   -0.20520018
   -0.20561681
    0.04925878
   -0.03096903
   -0.03400987
    0.04503903
    0.04557242
   -0.02560204
   -0.03361468
    0.05231906
    0.05366530
   -0.02001285
   -0.03082299
    0.05896344
    0.05586466
   -0.02811960
   -0.02860922
    0.05352357
   -0.07002028
    0.03660380
   -0.07954281
    0.03183192
   -0.06926576
    0.03591985
   -0.06573511
    0.03759536
   -0.09795455
    0.03447683
    0.03361896
    0.03343931
   -0.09896561
    0.03630812
    0.03558725
    0.03351562
   -0.09965185
    0.03366069
    0.03464815
    0.04201296
   -0.02745280
    0.02476606
   -0.09697669
    0.03344554
    0.02301146
   -0.10050906
    0.03559717
    0.03740431
    0.04346742
   -0.02678963
    0.02677249
   -0.09731876
    0.03411996
    0.02316796
   -0.09930386
    0.03873223
    0.03578812
    0.03458961
   -0.09902404
    0.03476644
    0.03532048
    0.03700556
   -0.48071385
    0.32130248
    0.32124463
   -0.11803454
    0.05690204
    0.05654110
    0.06402657
   -0.08433377
    0.17430305
    0.03873518
    0.07303637
    0.06960523
   -0.13165462
   -0.00324360
    0.06776311
