           1           2  0.58058554118013073     
           1           3  0.57675872729474553     
           1           4  0.57405261364490356     
           1           5  0.57619401369650125     
           2           6   1.2467943995723865     
           6           7   1.1263624697405628     
           7           8   1.6098326311372362     
           2           9   1.2523319004091169     
           8           9   1.1273609032203227     
           3          10   1.2471807955929375     
          10          11   1.1327579757672603     
          11          12   1.6011359616616221     
           3          13   1.2478284827160884     
          12          13   1.1328527071983283     
           4          14   1.2587281577879370     
          14          15   1.1181357792729192     
          15          16   1.5307785735419004     
           4          17   1.2373151760240120     
          16          17   1.1570013999489448     
           5          18   1.2531264215457976     
          18          19   1.1157892440490682     
          19          20   1.5315614098412629     
           5          21   1.2456332173505362     
          20          21   1.1558167472499896     
           6          22   1.3693276457560599     
          21          22   1.3412963808830327     
          22          23  0.96069015272674674     
           9          24   1.3568659771276865     
          10          24   1.3526183304348791     
          24          25  0.96227968977300660     
          13          26   1.3568451527858552     
          14          26   1.3525064689361284     
          26          27  0.96013098392338148     
          17          28   1.3435368864496215     
          18          28   1.3613796467203503     
          28          29  0.95881041723799931     
           7          30   1.0297204806442337     
          30          31  0.97293908830041831     
          30          32  0.97278526419854561     
          30          33  0.98045456767271200     
           8          34   1.0292455695423794     
          34          35  0.97310985194304567     
          34          36  0.97322287154208054     
          34          37  0.98046706768702141     
          20          38   1.0329848573361100     
          38          39  0.96763444098427098     
          38          40  0.97641834798441263     
          38          41  0.97755180021435906     
          19          42   1.1047673909284050     
          42          43  0.95859922607253178     
          42          44   1.8862304259752438     
          44          45  0.97582031866223506     
          44          46  0.97935510113183877     
          16          47   1.0326298938262219     
          47          48  0.96813171977648893     
          47          49  0.97584294389672621     
          47          50  0.97776384825101270     
          15          51   1.1035961915939032     
          51          52  0.95816601704432436     
          51          53   1.8875313854025066     
          53          54  0.97584306782130892     
          53          55  0.97934760769518325     
          12          56   1.0294308480522023     
          56          57  0.97262216596815554     
          56          58  0.97337937002035269     
          56          59  0.98049621815686994     
          11          60   1.0289063033934831     
          60          61  0.98050324785490073     
          60          62  0.97381191623708696     
          60          63  0.97277849249038395     
          64          65  0.97111173585754429     
          64          66  0.97106134751611617     
          64          67  0.98195169600378152     
          68          69  0.94136194541028584     
          64          70   1.0316766271647757     
          68          70   1.1880919294424435     
          68          71   1.2632821614985406     
          70          71  0.11254633816524962     
          71          72  0.95361773250857018     
           1          73  0.49387763862724071     
          71          73   1.4810960352476914     
          70          74   1.5596952095716066     
          73          74   1.2481151796768488     
          74          75  0.95903772899111661     
          76          77  0.98023532918090961     
          76          78  0.97912018669539491     
          76          79  0.98642551502766396     
          76          80   1.0263256505248550     
          80          81  0.96820471784643714     
          80          82  0.97312835798203479     
           1          83  0.39575189141079697     
          80          83  0.96214815922903496     
          83          84  0.99614729041535954     
          84          85  0.97714768638869853     
          84          86  0.98074446682759708     
          84          87  0.97534779967629870     
