    0.42844072
   -0.21809829
   -0.22388820
   -0.22361671
   -0.21737781
    0.05501547
   -0.02820938
   -0.02989415
    0.05266140
    0.04967108
   -0.03307606
   -0.03078566
    0.05328400
    0.05544730
   -0.03384133
   -0.02452721
    0.05198492
    0.05533416
   -0.03483785
   -0.02167248
    0.05355095
   -0.06748342
    0.03636445
   -0.07406559
    0.03374333
   -0.07136313
    0.03195300
   -0.07254590
    0.03103936
   -0.09868465
    0.03470122
    0.03837309
    0.03418140
   -0.09819873
    0.03779116
    0.03298782
    0.03418934
   -0.09998409
    0.03752343
    0.03451528
    0.04184874
   -0.02722839
    0.02276909
   -0.09719785
    0.03420016
    0.02249796
   -0.09886106
    0.03561769
    0.03324239
    0.04127107
   -0.02728904
    0.02350082
   -0.09689321
    0.03362357
    0.02212062
   -0.09769595
    0.03604218
    0.03462452
    0.03309132
   -0.09789892
    0.03351131
    0.03274788
    0.03606683
   -0.11707018
    0.05592521
    0.05600264
    0.06325351
   -0.08478644
    0.17362466
    0.03781610
    0.07411169
    0.06964074
   -0.13043844
   -0.00197435
    0.06623551
   -0.10802035
    0.04538825
    0.05763998
    0.04849381
   -0.02079071
    0.05752352
    0.05076977
   -0.06027299
   -0.07232818
    0.06411566
    0.05928099
    0.07154563
