    0.42856321
   -0.21816024
   -0.22386965
   -0.22362283
   -0.21734266
    0.05501768
   -0.02818975
   -0.02988632
    0.05266195
    0.04966664
   -0.03306246
   -0.03077807
    0.05328546
    0.05545130
   -0.03385503
   -0.02454663
    0.05196567
    0.05531932
   -0.03482579
   -0.02164576
    0.05354743
   -0.06748302
    0.03637076
   -0.07409331
    0.03372123
   -0.07136010
    0.03194890
   -0.07252773
    0.03103555
   -0.09869222
    0.03470662
    0.03838028
    0.03419255
   -0.09819926
    0.03777609
    0.03300436
    0.03419558
   -0.09999590
    0.03754245
    0.03451519
    0.04185538
   -0.02722682
    0.02276363
   -0.09719877
    0.03421201
    0.02249302
   -0.09886172
    0.03560354
    0.03324618
    0.04127996
   -0.02729452
    0.02350938
   -0.09690487
    0.03359638
    0.02211771
   -0.09769148
    0.03308684
    0.03604231
    0.03462369
   -0.09789519
    0.03350586
    0.03274122
    0.03605781
   -0.11707064
    0.05594458
    0.05598142
    0.06325699
   -0.08478864
    0.17362001
    0.03781715
    0.07412018
    0.06961955
   -0.13047143
   -0.00198361
    0.06625616
   -0.10802432
    0.04539673
    0.05763135
    0.04850452
   -0.02079325
    0.05750346
    0.05077544
   -0.06025874
   -0.07235380
    0.06409512
    0.05927868
    0.07155003
