           1           2  0.58052771339684517     
           1           3  0.57671529204750782     
           1           4  0.57410139762291001     
           1           5  0.57626269483571990     
           2           6   1.2467606897157284     
           6           7   1.1263729723172844     
           7           8   1.6098270640485119     
           2           9   1.2522992656203948     
           8           9   1.1273669442507566     
           3          10   1.2471799739555069     
          10          11   1.1327702155327730     
          11          12   1.6011934577407370     
           3          13   1.2478392397139579     
          12          13   1.1328349604587480     
           4          14   1.2587753414983633     
          14          15   1.1181215376479028     
          15          16   1.5307259798636714     
           4          17   1.2371980979758639     
          16          17   1.1570418993911067     
           5          18   1.2531129468131736     
          18          19   1.1157722439069127     
          19          20   1.5315570497018860     
           5          21   1.2456308297328236     
          20          21   1.1557998029303131     
           6          22   1.3693431103135836     
          21          22   1.3412674303308767     
          22          23  0.96071844040233312     
           9          24   1.3568966965178852     
          10          24   1.3525719158128753     
          24          25  0.96228154647541642     
          13          26   1.3568699556892863     
          14          26   1.3524804911070660     
          26          27  0.96009987296683208     
          17          28   1.3435340554996780     
          18          28   1.3613663275591308     
          28          29  0.95880533177557437     
           7          30   1.0297241067029690     
          30          31  0.97288527373587608     
          30          32  0.97283925269607674     
          30          33  0.98045431894689616     
           8          34   1.0292476500648200     
          34          35  0.97316268684742890     
          34          36  0.97317110342766011     
          34          37  0.98046570442814063     
          20          38   1.0329793655721120     
          38          39  0.96763063396283511     
          38          40  0.97645286389805341     
          38          41  0.97753741240431213     
          19          42   1.1048325780025281     
          42          43  0.95862774718785171     
          42          44   1.8861647782762194     
          44          45  0.97581197822756605     
          44          46  0.97935594532679793     
          16          47   1.0326436053856569     
          47          48  0.96812657410464686     
          47          49  0.97580439895845539     
          47          50  0.97777123647002862     
          15          51   1.1036325442168939     
          51          52  0.95813173055613132     
          51          53   1.8874953722366088     
          53          54  0.97584178811225741     
          53          55  0.97934779260943161     
          12          56   1.0294311763846127     
          56          57  0.98050099271716640     
          56          58  0.97261544716806025     
          56          59  0.97338573970561970     
          11          60   1.0289025458228105     
          60          61  0.98050639648145932     
          60          62  0.97387461569624123     
          60          63  0.97272458757432534     
          64          65  0.97108410279474200     
          64          66  0.97108982846182634     
          64          67  0.98194944671593465     
          68          69  0.94136421618015187     
          64          70   1.0316784643611192     
          68          70   1.1880895504996620     
          68          71   1.2632686714276216     
          70          71  0.11254511466623127     
          71          72  0.95364664633967622     
           1          73  0.49372047719490547     
          71          73   1.4811606939192403     
          70          74   1.5597117191057248     
          73          74   1.2481217723177322     
          74          75  0.95901200793351382     
          76          77  0.98024093781805766     
          76          78  0.97911118941365938     
          76          79  0.98642399398284986     
          76          80   1.0263136727894737     
          80          81  0.96820658013690419     
          80          82  0.97313361049306846     
           1          83  0.39620058387324064     
          80          83  0.96212164382587440     
          83          84  0.99609282798431942     
          84          85  0.97712186282797830     
          84          86  0.98075743346737865     
          84          87  0.97533323481010992     
