    0.44062463
   -0.23345656
   -0.23297044
   -0.20523061
   -0.20558062
    0.04924570
   -0.03096833
   -0.03401625
    0.04501476
    0.04556468
   -0.02559371
   -0.03361526
    0.05232440
    0.05366560
   -0.02001743
   -0.03083279
    0.05895173
    0.05588676
   -0.02810469
   -0.02859566
    0.05352584
   -0.07001018
    0.03660949
   -0.07955342
    0.03183448
   -0.06927532
    0.03592167
   -0.06573765
    0.03760644
   -0.09795356
    0.03361854
    0.03343192
    0.03448173
   -0.09896819
    0.03631043
    0.03559002
    0.03351679
   -0.09966424
    0.03366834
    0.03464935
    0.04201882
   -0.02745455
    0.02478121
   -0.09697609
    0.03343408
    0.02301683
   -0.10051111
    0.03560610
    0.03740580
    0.04345991
   -0.02678842
    0.02678393
   -0.09731855
    0.03410230
    0.02317365
   -0.09930524
    0.03873691
    0.03579990
    0.03459470
   -0.09902735
    0.03477193
    0.03532821
    0.03700965
   -0.48075376
    0.32141564
    0.32117536
   -0.11803549
    0.05690892
    0.05653504
    0.06402814
   -0.08433847
    0.17430341
    0.03872612
    0.07305535
    0.06959721
   -0.13167532
   -0.00322691
    0.06774377
