           1           2  0.58544715503875921     
           1           3  0.58393743100975692     
           1           4  0.59612579041494829     
           1           5  0.59790407222741948     
           2           6   1.2472402935493632     
           6           7   1.1372892887576616     
           7           8   1.5980168619225859     
           2           9   1.2373110232270539     
           8           9   1.1362618587680631     
           3          10   1.2350771600432842     
          10          11   1.1626220444253941     
          11          12   1.5245600466902505     
           3          13   1.2503296192972664     
          12          13   1.1226739329874937     
           4          14   1.2398012741266757     
          14          15   1.1500097717361399     
          15          16   1.5373048559720355     
           4          17   1.2617519173408791     
          16          17   1.1130215989990317     
           5          18   1.2508636893248630     
          18          19   1.1259059284310082     
          19          20   1.6101867190011652     
           5          21   1.2497890549442627     
          20          21   1.1261080922172848     
           6          22   1.3535975618611880     
          21          22   1.3623539863974885     
          22          23  0.96201030758358164     
           9          24   1.3652265070587228     
          10          24   1.3414576405463530     
          24          25  0.96080986991673623     
          13          26   1.3604897677819161     
          14          26   1.3517021210988791     
          26          27  0.95858800585473514     
          17          28   1.3543658679705148     
          18          28   1.3603472349301307     
          28          29  0.96004453539533174     
           8          30   1.0287486114263804     
          30          31  0.98044201960273214     
          30          32  0.97331982319461774     
          30          33  0.97346077148082033     
           7          34   1.0293803337191585     
          34          35  0.97280973350951894     
          34          36  0.97313332019017007     
          34          37  0.98049025754893904     
          11          38   1.0322662045949833     
          38          39  0.97668178605699951     
          38          40  0.96825779817026270     
          38          41  0.97735847284912769     
          12          42   1.1047942441285867     
          42          43  0.95835300320884342     
          42          44   1.8865398370740516     
          44          45  0.97579152411879500     
          44          46  0.97933144009315343     
          15          47   1.0332687469276849     
          47          48  0.97594411693247063     
          47          49  0.96777015461711913     
          47          50  0.97752033666452509     
          16          51   1.1034860797900916     
          51          52  0.95824998932861893     
          51          53   1.8880304925758780     
          53          54  0.97578399040701869     
          53          55  0.97928821602949245     
          19          56   1.0298952055929120     
          56          57  0.97249290873395977     
          56          58  0.97295306748193877     
          56          59  0.98041958222523296     
          20          60   1.0295561051657356     
          60          61  0.98042317047336081     
          60          62  0.97318048942816859     
          60          63  0.97282095633923338     
           1          64  0.26217274747841085     
          64          65  0.88368661590901909     
          64          66  0.88426771771048285     
          67          68  0.97094452792148622     
          67          69  0.97096649536883850     
          67          70  0.98183869684911107     
          71          72  0.94121316838319979     
          67          73   1.0317212277059280     
          71          73   1.1887741011764543     
          71          74   1.2621270005135010     
          73          74  0.11200066696735761     
          74          75  0.95480227813289109     
           1          76  0.50910219332471951     
          74          76   1.4799597612186295     
          73          77   1.5602903998177844     
          76          77   1.2458511730376385     
          77          78  0.95768070755600299     
