           1           2  0.58535625962037485     
           1           3  0.58390633602171027     
           1           4  0.59647081201546459     
           1           5  0.59752276178255292     
           2           6   1.2471031111318085     
           6           7   1.1373806461547757     
           7           8   1.5979113456508516     
           2           9   1.2372750532663772     
           8           9   1.1363710401483391     
           3          10   1.2351088383819104     
          10          11   1.1625176472462220     
          11          12   1.5246717900279256     
           3          13   1.2504276343912686     
          12          13   1.1226264802308641     
           4          14   1.2399430485547343     
          14          15   1.1498198776237711     
          15          16   1.5374369347251853     
           4          17   1.2618144912274698     
          16          17   1.1128113626175340     
           5          18   1.2507889967626691     
          18          19   1.1261482268233802     
          19          20   1.6098964630246222     
           5          21   1.2496394298662665     
          20          21   1.1263578189792240     
           6          22   1.3536241148321138     
          21          22   1.3622461913644559     
          22          23  0.96201679600753986     
           9          24   1.3652228176337942     
          10          24   1.3414587862688412     
          24          25  0.96079250755783452     
          13          26   1.3604926801728539     
          14          26   1.3517707696486552     
          26          27  0.95856604070058515     
          17          28   1.3545110525303428     
          18          28   1.3602058318446462     
          28          29  0.96004413143293177     
           8          30   1.0287514093635928     
          30          31  0.97349052161099325     
          30          32  0.98044338750119597     
          30          33  0.97328524503619651     
           7          34   1.0293615734663109     
          34          35  0.97285426651655749     
          34          36  0.97310766755413547     
          34          37  0.98049120456740924     
          11          38   1.0322741950173546     
          38          39  0.97667471217811730     
          38          40  0.96825377793856038     
          38          41  0.97735188893997438     
          12          42   1.1047478752677407     
          42          43  0.95833075797704947     
          42          44   1.8866082731609337     
          44          45  0.97932953246982735     
          44          46  0.97579365947200447     
          15          47   1.0332964039452754     
          47          48  0.97747891793404240     
          47          49  0.97597104037658955     
          47          50  0.96774536266738731     
          16          51   1.1036340083274572     
          51          52  0.95826426837435363     
          51          53   1.8878735767790595     
          53          54  0.97578709091659255     
          53          55  0.97929195580997908     
          19          56   1.0298935550779933     
          56          57  0.97249613582410710     
          56          58  0.97295025192229945     
          56          59  0.98042379201746555     
          20          60   1.0295355492399580     
          60          61  0.98042677413234958     
          60          62  0.97317208938022326     
          60          63  0.97285231211960665     
           1          64  0.26214191373863027     
          64          65  0.88389474050895700     
          64          66  0.88403159834057132     
          67          68  0.97097831371411913     
          67          69  0.97093561679817553     
          67          70  0.98184057580262118     
          71          72  0.94121228397236067     
          67          73   1.0317154895222311     
          71          73   1.1887735082158599     
          71          74   1.2621231323010755     
          73          74  0.11199874512217176     
          74          75  0.95478468222850288     
           1          76  0.50937934351968028     
          74          76   1.4798513397674387     
          73          77   1.5602927163760936     
          76          77   1.2457934656391541     
          77          78  0.95767809190470510     
