    0.44068476
   -0.23382122
   -0.23269167
   -0.20470149
   -0.20612475
    0.04898409
   -0.03106431
   -0.03400276
    0.04510177
    0.04548747
   -0.02560580
   -0.03352679
    0.05257390
    0.05391189
   -0.01990085
   -0.03079129
    0.05900686
    0.05583445
   -0.02814219
   -0.02870312
    0.05328241
   -0.07036075
    0.03647661
   -0.07955288
    0.03182559
   -0.06893198
    0.03605304
   -0.06572757
    0.03760864
   -0.09795552
    0.03448377
    0.03359835
    0.03343526
   -0.09894009
    0.03619542
    0.03557936
    0.03350099
   -0.09965819
    0.03365825
    0.03465253
    0.04203978
   -0.02742798
    0.02487550
   -0.09697298
    0.02303788
    0.03342419
   -0.10052927
    0.04350781
    0.03570201
    0.03742167
   -0.02677430
    0.02677827
   -0.09732740
    0.03413164
    0.02317321
   -0.09930480
    0.03871446
    0.03580586
    0.03457125
   -0.09899957
    0.03474989
    0.03531823
    0.03689043
   -0.48077641
    0.32129611
    0.32130524
   -0.11803767
    0.05688906
    0.05655425
    0.06402518
   -0.08432316
    0.17430309
    0.03872942
    0.07301895
    0.06961878
   -0.13165199
   -0.00324245
    0.06775362
