           1           2  0.58282915355914833     
           1           3  0.56860696028951263     
           1           4  0.56597032091299238     
           1           5  0.58205018954487053     
           2           6   1.2565199314963735     
           6           7   1.1258863753359287     
           7           8   1.6107773291993157     
           2           9   1.2448380643714301     
           8           9   1.1254058877272011     
           3          10   1.2353091582087228     
          10          11   1.1618222845391324     
          11          12   1.5272666018059198     
           3          13   1.2476905355764247     
          12          13   1.1234160654446963     
           4          14   1.2322110339996066     
          14          15   1.1590529034147632     
          15          16   1.5294092217246826     
           4          17   1.2535605922724962     
          16          17   1.1232511127904805     
           5          18   1.2495554449444752     
          18          19   1.1243817190071759     
          19          20   1.6118695950388120     
           5          21   1.2513180030483302     
          20          21   1.1247509367501249     
           6          22   1.3567386532342001     
          21          22   1.3634278864233125     
          22          23  0.96150950664726198     
           9          24   1.3700095893476016     
          10          24   1.3423504434399274     
          24          25  0.96046757441273001     
          13          26   1.3614362806235931     
          14          26   1.3502687083620244     
          26          27  0.95857311933848155     
          17          28   1.3544557519227449     
          18          28   1.3643111223033269     
          28          29  0.95968244283897330     
           8          30   1.0301272688271998     
          30          31  0.98024081750350622     
          30          32  0.97238636181986637     
          30          33  0.97275732674674897     
           7          34   1.0305602707055042     
          34          35  0.97296168508479730     
          34          36  0.97158982909920566     
          34          37  0.98026353655271226     
          11          38   1.0333392903359992     
          38          39  0.96740251734882787     
          38          40  0.97604920256029681     
          38          41  0.97728244776515683     
          12          42   1.1019737320051026     
          42          43  0.95828756566783579     
          42          44   1.8899964089687364     
          44          45  0.97569083345232455     
          44          46  0.97918864364798130     
          15          47   1.0334886414014215     
          47          48  0.97608415604662646     
          47          49  0.96733504902483314     
          47          50  0.97720298604289124     
          16          51   1.1012067196178275     
          51          52  0.95811379044103073     
          51          53   1.8913196824562979     
          53          54  0.97563286689005790     
          53          55  0.97913107264304799     
          19          56   1.0306012230673065     
          56          57  0.97167415122602063     
          56          58  0.97287536811786612     
          56          59  0.98018243411260941     
          20          60   1.0307029789089326     
          60          61  0.97235681120401185     
          60          62  0.98024688462731346     
          60          63  0.97211147070533666     
           1          64  0.27481468932410447     
          64          65  0.88028254366959702     
          64          66  0.88058458991481636     
          67          68  0.98101740569443963     
          67          69  0.97869360818560625     
          67          70  0.97452747035740395     
           1          71  0.43858157617732996     
          67          71  0.99321247812387459     
          71          72  0.94204743472177410     
