    0.44395286
   -0.21273361
   -0.21595350
   -0.22537723
   -0.23001788
    0.05398846
   -0.02854304
   -0.03037978
    0.05229679
    0.05221855
   -0.02586387
   -0.03113197
    0.05915294
    0.05430141
   -0.02043070
   -0.03362392
    0.05407258
    0.04678901
   -0.03247505
   -0.02988925
    0.05211934
   -0.06874093
    0.03693548
   -0.07186757
    0.03540859
   -0.06848414
    0.04136532
   -0.07759196
    0.03184060
   -0.09843313
    0.03428560
    0.03287637
    0.03797637
   -0.09885738
    0.03789363
    0.03493944
    0.03414088
   -0.09877704
    0.03828145
    0.03395719
    0.03686851
   -0.02640658
    0.02469194
   -0.09781850
    0.03715492
    0.02345493
   -0.09972947
    0.03526815
    0.03734547
    0.04216215
   -0.02721276
    0.02313423
   -0.09758912
    0.03397591
    0.02234298
   -0.09777976
    0.03434741
    0.03524120
    0.03358169
   -0.09877581
    0.03648196
    0.03379029
    0.03542613
   -0.11766481
    0.05640819
    0.05635175
    0.06375157
   -0.08428317
    0.17406558
    0.03819459
    0.07289350
    0.06960681
   -0.13361749
   -0.00251850
    0.06701735
   -0.10754207
    0.04509240
    0.04368392
    0.04460995
    0.00926317
   -0.03742787
    0.04110800
   -0.04611268
    0.05587970
    0.14070136
   -0.32952019
    0.32969028
   -0.03898616
    0.03801194
   -0.06144796
    0.03321407
