    0.46480469
   -0.22876305
   -0.24333366
   -0.23571506
   -0.22024016
    0.05493115
   -0.02878134
   -0.02902334
    0.05132547
    0.04884510
   -0.02204142
   -0.03165699
    0.05385130
    0.05240325
   -0.02021687
   -0.03023963
    0.05709927
    0.05474897
   -0.02772285
   -0.02818791
    0.05621916
   -0.06854545
    0.03829405
   -0.07434911
    0.03653534
   -0.07165962
    0.03727163
   -0.06808177
    0.03864999
   -0.09945136
    0.03562789
    0.03837566
    0.03545864
   -0.09975639
    0.03534979
    0.03960631
    0.03559136
   -0.10110806
    0.03552138
    0.03849495
    0.04392289
   -0.02764710
    0.02698522
   -0.09541888
    0.03578324
    0.02576384
   -0.10139244
    0.03778617
    0.03817473
    0.04451655
   -0.02696476
    0.02749527
   -0.09516358
    0.03599072
    0.02596587
   -0.09987432
    0.03726156
    0.03920937
    0.03595657
   -0.10006382
    0.03607996
    0.03957269
    0.03599015
   -0.07628704
    0.07098763
    0.07465748
    0.07588588
   -0.11021338
    0.16499788
   -0.47984876
    0.32530659
    0.32445252
