    0.46642700
   -0.25233149
   -0.21967073
   -0.21286117
   -0.24290185
    0.04670528
   -0.03286425
   -0.03112778
    0.04712599
    0.05194591
   -0.02295374
   -0.02703219
    0.06375357
    0.05988650
   -0.01572599
   -0.02847132
    0.06039006
    0.05123933
   -0.02983568
   -0.03245029
    0.04745664
   -0.07940966
    0.03285858
   -0.07508296
    0.03626753
   -0.06131363
    0.04765398
   -0.06775671
    0.03851292
   -0.09937677
    0.03589956
    0.03473510
    0.03694968
   -0.09872589
    0.03512115
    0.03559664
    0.03459222
   -0.10029031
    0.03723830
    0.03923664
    0.03937252
   -0.02588841
    0.02844262
   -0.09420998
    0.03693138
    0.02757788
   -0.10278222
    0.04190122
    0.03927043
    0.04540251
   -0.02655005
    0.02657234
   -0.09537167
    0.03744304
    0.02572743
   -0.09975123
    0.03791665
    0.03763871
    0.03504092
   -0.09907489
    0.03513899
    0.03553415
    0.03574040
   -0.47955470
    0.32497952
    0.32459711
   -0.07543233
    0.07020666
    0.07452577
    0.07613134
   -0.11246288
    0.16557661
