           1           2  0.59664059387152890     
           1           3  0.59754574707076835     
           1           4  0.58383251737956643     
           1           5  0.58773815884451408     
           2           6   1.2533032845721455     
           6           7   1.1275146152574005     
           7           8   1.6085964182925809     
           2           9   1.2449366938961446     
           8           9   1.1275540165805666     
           3          10   1.2445543492371292     
          10          11   1.1536153532838380     
          11          12   1.5400887109992809     
           3          13   1.2528166663043441     
          12          13   1.1139565914459801     
           4          14   1.2337916212144893     
          14          15   1.1611848407958258     
          15          16   1.5251319050422241     
           4          17   1.2547232807434618     
          16          17   1.1214514468535779     
           5          18   1.2419279342702956     
          18          19   1.1350207579284075     
          19          20   1.5995037286556471     
           5          21   1.2442874015710546     
          20          21   1.1357620343627912     
           6          22   1.3570705751542054     
          21          22   1.3585736049949622     
          22          23  0.96203366344608732     
           9          24   1.3676912540423247     
          10          24   1.3419610900972552     
          24          25  0.96203391945544936     
          13          26   1.3642496528066477     
          14          26   1.3473346172738354     
          26          27  0.95663683694672197     
          17          28   1.3521604123922482     
          18          28   1.3589278842447805     
          28          29  0.96019271019660191     
           8          30   1.0293503725763451     
          30          31  0.98046446013013455     
          30          32  0.97248767949060988     
          30          33  0.97370823918192384     
           7          34   1.0295645297458542     
          34          35  0.97339769949172417     
          34          36  0.97254171923801702     
          34          37  0.98045184629149151     
          11          38   1.0311695157772316     
          38          39  0.97350299456467104     
          38          40  0.97028111543479567     
          38          41  0.98232465721353068     
          12          42   1.0965423541985921     
          42          43  0.95779929814759890     
          42          44   1.8955531892084574     
          44          45  0.97494007077330958     
          44          46  0.97905451986415781     
          15          47   1.0332028682821317     
          47          48  0.97666727118413410     
          47          49  0.96729189375535019     
          47          50  0.97714719819810381     
          16          51   1.1054271579567687     
          51          52  0.95867275047827305     
          51          53   1.8857798566501736     
          53          54  0.97574644369112162     
          53          55  0.97937886156322262     
          19          56   1.0291484617238602     
          56          57  0.97247810949623281     
          56          58  0.97379055268216996     
          56          59  0.98042776482285021     
          20          60   1.0293463178744511     
          60          61  0.97279687690594585     
          60          62  0.98049653020801375     
          60          63  0.97323265087376620     
           1          64  0.26198118382668234     
          64          65  0.88406385474311910     
          64          66  0.88381627525616746     
          67          68  0.97102076858871533     
          67          69  0.97096524211639745     
          67          70  0.98189625225909949     
          71          72  0.94121981872392024     
          67          73   1.0317457365587228     
          71          73   1.1885820793351243     
          71          74   1.2624339942182876     
          73          74  0.11246243847202653     
          74          75  0.95263837513583849     
           1          76  0.50818194888343093     
          74          76   1.4789157369521262     
          73          77   1.5596987776461788     
          76          77   1.2470087506508702     
          77          78  0.95958886644022079     
