    0.43098179
   -0.22251264
   -0.21981101
   -0.21893545
   -0.22039681
    0.05119945
   -0.03149348
   -0.03030825
    0.05207189
    0.05282271
   -0.02978380
   -0.02972612
    0.05333095
    0.05678718
   -0.03220612
   -0.02399033
    0.05265350
    0.05476287
   -0.03528825
   -0.02263579
    0.05227259
   -0.07174814
    0.03286065
   -0.07140177
    0.03552066
   -0.07028119
    0.03364240
   -0.07305709
    0.03011445
   -0.09774109
    0.03420424
    0.03547716
    0.03370694
   -0.09829200
    0.03792874
    0.03329318
    0.03367545
   -0.09952784
    0.03381008
    0.04156980
    0.03594620
   -0.02748892
    0.02267612
   -0.09737392
    0.03334747
    0.02208844
   -0.09882518
    0.03590322
    0.03325113
    0.04116374
   -0.02683143
    0.02365436
   -0.09667814
    0.03412415
    0.02238475
   -0.09832128
    0.03750307
    0.03472486
    0.03395458
   -0.09843014
    0.03414256
    0.03321963
    0.03810764
   -0.11716766
    0.05594958
    0.05630836
    0.06343567
   -0.08451986
    0.17384190
    0.03799452
    0.07431690
    0.06932253
   -0.12967486
   -0.00161416
    0.06596354
   -0.10866413
    0.04591657
    0.05840607
    0.04857158
   -0.01994471
    0.05441336
    0.05070047
   -0.06083187
   -0.07214845
    0.06247362
    0.05882102
    0.07233762
