           1           2  0.58611984653594940     
           1           3  0.58530503083432250     
           1           4  0.58959436446094049     
           1           5  0.59069072522190280     
           2           6   1.2544555429036115     
           6           7   1.1325533011465430     
           7           8   1.6026247012064911     
           2           9   1.2434323546062820     
           8           9   1.1323049304227835     
           3          10   1.2428953015289907     
          10          11   1.1600741689405194     
          11          12   1.5323360697701558     
           3          13   1.2552580751468196     
          12          13   1.1186033330980476     
           4          14   1.2397995624105480     
          14          15   1.1555009182571718     
          15          16   1.5290030870517992     
           4          17   1.2626849621012621     
          16          17   1.1152380028062374     
           5          18   1.2498536510733029     
          18          19   1.1291411564609710     
          19          20   1.6064863969044934     
           5          21   1.2518665699559699     
          20          21   1.1292016650732983     
           6          22   1.3521120449918422     
          21          22   1.3583568459875082     
          22          23  0.96245888072318808     
           9          24   1.3628116439338558     
          10          24   1.3354633868975405     
          24          25  0.96278417596061217     
          13          26   1.3585325754902171     
          14          26   1.3476452849034191     
          26          27  0.95696014525496431     
          17          28   1.3488217682615660     
          18          28   1.3560089250473033     
          28          29  0.96058310852953888     
           8          30   1.0279487762032056     
          30          31  0.97421645753641339     
          30          32  0.98064626810165567     
          30          33  0.97371405171752257     
           7          34   1.0287844009352822     
          34          35  0.97355766229501361     
          34          36  0.97329702500147386     
          34          37  0.98066217138898315     
          11          38   1.0296269058216638     
          38          39  0.97421936602467474     
          38          40  0.97160737157129595     
          38          41  0.98245051983220755     
          12          42   1.0976718560806653     
          42          43  0.95799616565630730     
          42          44   1.8936028683400619     
          44          45  0.97508565100560562     
          44          46  0.97918833200350863     
          15          47   1.0327857240723162     
          47          48  0.97675669547816124     
          47          49  0.96777188152999083     
          47          50  0.97729514363904901     
          16          51   1.1080019909629593     
          51          52  0.95886320812706338     
          51          53   1.8822882222839945     
          53          54  0.97586784294934159     
          53          55  0.97951959130295152     
          19          56   1.0286776998703193     
          56          57  0.97313013062897080     
          56          58  0.97387800391635782     
          56          59  0.98060386339634231     
          20          60   1.0287860153579163     
          60          61  0.97318385623318626     
          60          62  0.98062717957134415     
          60          63  0.97376511089520268     
          64          65  0.97146830072376333     
          64          66  0.97158535889673603     
          64          67  0.98217359058896270     
          68          69  0.94211036544469617     
          64          70   1.0312714244259458     
          68          70   1.1866894574617350     
          68          71   1.2617125068974011     
          70          71  0.11281152877113071     
          71          72  0.95464032661915721     
           1          73  0.48919747892708199     
          71          73   1.4876465428338428     
          70          74   1.5617742172023854     
          73          74   1.2509975447316506     
          74          75  0.95974758916766789     
          76          77  0.97161619638955099     
          76          78  0.97141526075518136     
          76          79  0.98214251303742461     
          80          81  0.94207150088717806     
          76          82   1.0312834149404961     
          80          82   1.1868330871470432     
          80          83   1.2617000550541726     
          82          83  0.11286331861998404     
          83          84  0.95517002968608589     
           1          85  0.49009003695990666     
          83          85   1.4874135242998356     
          82          86   1.5616572680411904     
          85          86   1.2509894699717596     
          86          87  0.95987956885023684     
