           1           2  0.58971026990670972     
           1           3  0.58680580529326432     
           1           4  0.58319126009650057     
           1           5  0.58720690770315576     
           2           6   1.2550201482623746     
           6           7   1.1287488322946673     
           7           8   1.6076811242683058     
           2           9   1.2464651325791547     
           8           9   1.1280330237882032     
           3          10   1.2441045904853980     
          10          11   1.1576936684547274     
          11          12   1.5278323259562558     
           3          13   1.2560675576776144     
          12          13   1.1153620953200285     
           4          14   1.2391258590489000     
          14          15   1.1600889150738058     
          15          16   1.5248544563263868     
           4          17   1.2606596663540726     
          16          17   1.1191253146261662     
           5          18   1.2496208971591041     
          18          19   1.1307671926501282     
          19          20   1.6042689568424784     
           5          21   1.2510543763355939     
          20          21   1.1311714940756206     
           6          22   1.3532022085945086     
          21          22   1.3551020254556034     
          22          23  0.96254113220407012     
           9          24   1.3659277549558440     
          10          24   1.3386148600565144     
          24          25  0.96092964207495535     
          13          26   1.3615103664622290     
          14          26   1.3418811221021529     
          26          27  0.95874036785033045     
          17          28   1.3496492880129094     
          18          28   1.3575330695359127     
          28          29  0.96049186707244238     
           8          30   1.0286930002397259     
          30          31  0.97362739170723778     
          30          32  0.98060271243753983     
          30          33  0.97338631001747211     
           7          34   1.0286955166137259     
          34          35  0.97330573975356516     
          34          36  0.97371137114350459     
          34          37  0.98062186193243261     
          11          38   1.0323143299960957     
          38          39  0.97682245147459212     
          38          40  0.96818319169704070     
          38          41  0.97744414912140376     
          12          42   1.1081254617911405     
          42          43  0.95863133537926692     
          42          44   1.8820072782244048     
          44          45  0.97588054201298491     
          44          46  0.97951438771415433     
          15          47   1.0321484073628380     
          47          48  0.97658881687123666     
          47          49  0.96834508453340318     
          47          50  0.97774465687053347     
          16          51   1.1068371541355930     
          51          52  0.95867249057632853     
          51          53   1.8832800442936848     
          53          54  0.97591675519676480     
          53          55  0.97947843526052625     
          19          56   1.0286387654215425     
          56          57  0.97349829404403021     
          56          58  0.97353983815827605     
          56          59  0.98060717412202059     
          20          60   1.0286309586504347     
          60          61  0.97334835562461930     
          60          62  0.98063491276747838     
          60          63  0.97374670963746679     
          64          65  0.97153277001015337     
          64          66  0.97154871678208310     
          64          67  0.98225998269825099     
          68          69  0.94197398594313264     
          64          70   1.0312026480797463     
          68          70   1.1871803072579830     
          68          71   1.2612237990402717     
          70          71  0.11272894749958134     
          71          72  0.95540593105995431     
           1          73  0.49371051144035755     
          71          73   1.4857247012499957     
          70          74   1.5614265742353621     
          73          74   1.2502835334407514     
          74          75  0.96057146881969258     
          76          77  0.97180762942261545     
          76          78  0.97125255080184425     
          76          79  0.98223688645300000     
          80          81  0.94197864602966930     
          76          82   1.0312222182772413     
          80          82   1.1871496479401309     
          80          83   1.2615363246891731     
          82          83  0.11264220722401508     
          83          84  0.95524346177957897     
           1          85  0.49371139661862984     
          83          85   1.4857909103092790     
          82          86   1.5614278783116655     
          85          86   1.2502489136219377     
          86          87  0.96061404072864087     
