           1           2  0.58224150296727584     
           1           3  0.57680443711163831     
           1           4  0.56716608980886385     
           1           5  0.57272833301268944     
           2           6   1.2544756158410810     
           6           7   1.1267523973458919     
           7           8   1.6098109880897422     
           2           9   1.2459397045578340     
           8           9   1.1263515683790641     
           3          10   1.2412156139593757     
          10          11   1.1537209104366923     
          11          12   1.5353344074499062     
           3          13   1.2530986335125787     
          12          13   1.1163307288569349     
           4          14   1.2323154600181303     
          14          15   1.1598057478560027     
          15          16   1.5287470111037189     
           4          17   1.2525356335413311     
          16          17   1.1233176726767258     
           5          18   1.2446345622583641     
          18          19   1.1311909647306833     
          19          20   1.6042105209474884     
           5          21   1.2456046575021438     
          20          21   1.1317648382348222     
           6          22   1.3574895567810925     
          21          22   1.3619306270804650     
          22          23  0.96163443237882329     
           9          24   1.3687658157757436     
          10          24   1.3446697704428006     
          24          25  0.96039694493240124     
          13          26   1.3639767241226337     
          14          26   1.3490908375130122     
          26          27  0.95841139232583006     
          17          28   1.3552222310299915     
          18          28   1.3627685008397543     
          28          29  0.95979072088349948     
           8          30   1.0302712819484769     
          30          31  0.98025532337727306     
          30          32  0.97224105415532502     
          30          33  0.97267764234000942     
           7          34   1.0303269642523358     
          34          35  0.97285207492287573     
          34          36  0.97201431661658622     
          34          37  0.98026266026577125     
          11          38   1.0336811633880134     
          38          39  0.96740992168545115     
          38          40  0.97572146825915596     
          38          41  0.97722355972608899     
          12          42   1.1020602990540591     
          42          43  0.95813079054431871     
          42          44   1.8900762964344446     
          44          45  0.97571890587071097     
          44          46  0.97918034012587962     
          15          47   1.0336671284657808     
          47          48  0.96711644630970039     
          47          49  0.97580337351798718     
          47          50  0.97728023821928078     
          16          51   1.1014869949542516     
          51          52  0.95848435306764812     
          51          53   1.8907983726025375     
          53          54  0.97555732148864527     
          53          55  0.97911740514804002     
          19          56   1.0303914379894239     
          56          57  0.97181352858255110     
          56          58  0.97284113148014040     
          56          59  0.98023129860465241     
          20          60   1.0303447158392696     
          60          61  0.97232768208502940     
          60          62  0.98027622674598114     
          60          63  0.97246590289684276     
           1          64  0.27381143979507694     
          64          65  0.87963508519934042     
          64          66  0.87957273536494263     
          67          68  0.98104752158600417     
          67          69  0.97859002974103348     
          67          70  0.97426124150851201     
           1          71  0.44157589406311354     
          67          71  0.99292528853735629     
          71          72  0.94228166271284808     
