    0.46495116
   -0.21901050
   -0.22856365
   -0.24422028
   -0.23641977
    0.05504056
   -0.02781651
   -0.02813473
    0.05610222
    0.05510211
   -0.02078598
   -0.03147389
    0.05403144
    0.04857504
   -0.02211663
   -0.03142720
    0.05401944
    0.05193828
   -0.02811064
   -0.02773645
    0.05434539
   -0.06822292
    0.03942456
   -0.06797222
    0.03807841
   -0.07422571
    0.03559679
   -0.07206813
    0.03776748
   -0.10008067
    0.03605586
    0.03939190
    0.03629809
   -0.09997572
    0.03716353
    0.03870459
    0.03593168
   -0.10136543
    0.03710411
    0.03791941
    0.04415389
   -0.02746706
    0.02570782
   -0.09558862
    0.03550604
    0.02534018
   -0.10111559
    0.03920249
    0.03575715
    0.04349590
   -0.02753250
    0.02548373
   -0.09458736
    0.03700540
    0.02584781
   -0.09991397
    0.04013386
    0.03615637
    0.03608311
   -0.10010726
    0.03903189
    0.03614683
    0.03732859
   -0.47998424
    0.32520795
    0.32472431
   -0.07619401
    0.07113124
    0.07460384
    0.07589919
   -0.11056299
    0.16529100
