    0.44062309
   -0.23322676
   -0.22766480
   -0.20544767
   -0.21046185
    0.04670960
   -0.03277860
   -0.03233621
    0.04751900
    0.04903271
   -0.02330881
   -0.03419624
    0.05217492
    0.05333740
   -0.02114614
   -0.02991637
    0.05902858
    0.05539905
   -0.02761785
   -0.03072527
    0.05076656
   -0.07504089
    0.03459426
   -0.07412602
    0.03387070
   -0.07160789
    0.03467104
   -0.06395323
    0.03874877
   -0.09842065
    0.03349684
    0.03531241
    0.03474896
   -0.09847036
    0.03346688
    0.03613782
    0.03356989
   -0.10009202
    0.03424212
    0.03610288
    0.04197459
   -0.02744960
    0.02369761
   -0.09693169
    0.03417018
    0.02301389
   -0.10038518
    0.03387247
    0.03905230
    0.04256648
   -0.02635592
    0.02478315
   -0.09632139
    0.03579488
    0.02337137
   -0.09940736
    0.03556020
    0.03965108
    0.03443248
   -0.09850707
    0.03306260
    0.03460979
    0.03723514
   -0.48020973
    0.32141080
    0.32125357
   -0.11785502
    0.05670128
    0.05649610
    0.06385573
   -0.08420581
    0.17413349
    0.03848862
    0.07257852
    0.06992475
   -0.13136711
   -0.00301176
    0.06730070
