    0.44065689
   -0.23332759
   -0.23314266
   -0.20541290
   -0.20542316
    0.04935650
   -0.03093385
   -0.03401382
    0.04499547
    0.04561247
   -0.02559407
   -0.03364077
    0.05223013
    0.05357736
   -0.02003968
   -0.03083619
    0.05894591
    0.05588118
   -0.02810710
   -0.02856568
    0.05361479
   -0.06988851
    0.03665967
   -0.07955077
    0.03181576
   -0.06941206
    0.03588853
   -0.06574526
    0.03759818
   -0.09795519
    0.03363033
    0.03344068
    0.03447689
   -0.09897710
    0.03635620
    0.03559386
    0.03352304
   -0.09964724
    0.03366561
    0.03463894
    0.04200106
   -0.02745702
    0.02473229
   -0.09697064
    0.03344365
    0.02300992
   -0.10049319
    0.03555652
    0.03741524
    0.04346331
   -0.02680655
    0.02675109
   -0.09732432
    0.03412960
    0.02316238
   -0.09930301
    0.03874886
    0.03577920
    0.03460057
   -0.09903685
    0.03477598
    0.03532413
    0.03706156
   -0.48075880
    0.32141984
    0.32119740
   -0.11803615
    0.05695158
    0.05649176
    0.06402050
   -0.08432750
    0.17430211
    0.03872930
    0.07302645
    0.06962067
   -0.13165956
   -0.00324958
    0.06776339
