           1           2  0.58893857074157774     
           1           3  0.58654046351141476     
           1           4  0.58406742700846914     
           1           5  0.58702665159504785     
           2           6   1.2554946850738089     
           6           7   1.1287142035930338     
           7           8   1.6076864612281916     
           2           9   1.2459111834101044     
           8           9   1.1280993646255422     
           3          10   1.2457953619471962     
          10          11   1.1580982428730888     
          11          12   1.5333716482856421     
           3          13   1.2538337702614721     
          12          13   1.1161899649572622     
           4          14   1.2379422445158799     
          14          15   1.1602992241138905     
          15          16   1.5242895937390806     
           4          17   1.2612297015613756     
          16          17   1.1189807510662235     
           5          18   1.2494683909948756     
          18          19   1.1308580916866375     
          19          20   1.6042812864249234     
           5          21   1.2509850362832284     
          20          21   1.1311075883845694     
           6          22   1.3529436818413201     
          21          22   1.3552073272153533     
          22          23  0.96257695629595008     
           9          24   1.3670741630025707     
          10          24   1.3368882922213123     
          24          25  0.96249768534827007     
          13          26   1.3610643294282287     
          14          26   1.3423410931295503     
          26          27  0.95706751325565431     
          17          28   1.3493668603219677     
          18          28   1.3576911418540343     
          28          29  0.96059215298877310     
           8          30   1.0286348555020122     
          30          31  0.97316030425169198     
          30          32  0.98064874692418158     
          30          33  0.97396474724049498     
           7          34   1.0286691193969406     
          34          35  0.97356017190825073     
          34          36  0.97348066389451005     
          34          37  0.98066382636546345     
          11          38   1.0304491412303205     
          38          39  0.97082370063062318     
          38          40  0.97407444212948646     
          38          41  0.98225026893417178     
          12          42   1.0993606072962148     
          42          43  0.95804815532754550     
          42          44   1.8914199511285394     
          44          45  0.97509919855679239     
          44          46  0.97925026347791544     
          15          47   1.0322590965235423     
          47          48  0.96806892753027163     
          47          49  0.97691180089253749     
          47          50  0.97744616044102339     
          16          51   1.1079076427143226     
          51          52  0.95890405922575539     
          51          53   1.8822296422691207     
          53          54  0.97587734208269161     
          53          55  0.97951143484946068     
          19          56   1.0286055675537698     
          56          57  0.97390042669684584     
          56          58  0.97318617546142039     
          56          59  0.98062903352331587     
          20          60   1.0286075301997133     
          60          61  0.97408945375279377     
          60          62  0.98064131755887995     
          60          63  0.97305543817355655     
          64          65  0.97153080839953332     
          64          66  0.97158991090062630     
          64          67  0.98226144678824934     
          68          69  0.94201055038705561     
          64          70   1.0311816286438098     
          68          70   1.1870951325210817     
          68          71   1.2610553739552508     
          70          71  0.11275396746233689     
          71          72  0.95543255806110250     
           1          73  0.49320927786493929     
          71          73   1.4857512252242342     
          70          74   1.5614636365625003     
          73          74   1.2502791289960442     
          74          75  0.96073639413189893     
          76          77  0.97131701710221163     
          76          78  0.97176375833250539     
          76          79  0.98225354079245752     
          80          81  0.94201291137357601     
          76          82   1.0312117776745047     
          80          82   1.1871800856274892     
          80          83   1.2611549651976117     
          82          83  0.11267007659235106     
          83          84  0.95540413328157370     
           1          85  0.49391486155051501     
          83          85   1.4856821628653027     
          82          86   1.5613997663380543     
          85          86   1.2501826782175087     
          86          87  0.96084662916564179     
