    0.39640420
   -0.20488063
   -0.20933199
   -0.21520982
   -0.21037653
    0.05207895
   -0.03122665
   -0.03165251
    0.05180806
    0.05140348
   -0.02673776
   -0.03447766
    0.05462453
    0.04878010
   -0.02453690
   -0.03574992
    0.05196507
    0.04948775
   -0.03241927
   -0.03212108
    0.05126035
   -0.07103235
    0.03212482
   -0.07100014
    0.03192393
   -0.07341248
    0.03674582
   -0.07352155
    0.03098555
   -0.09719531
    0.03364651
    0.03215242
    0.03387137
   -0.09726549
    0.03429222
    0.03353559
    0.03208776
   -0.09779476
    0.03501889
    0.03428589
    0.03502382
   -0.02637870
    0.02226230
   -0.09757385
    0.03222473
    0.02120936
   -0.09872421
    0.03562225
    0.03253922
    0.04043774
   -0.02729123
    0.02241825
   -0.09909520
    0.03224121
    0.01991118
   -0.09687173
    0.03265498
    0.03452138
    0.03206214
   -0.09715257
    0.03374629
    0.03199219
    0.03387857
   -0.11599162
    0.05442194
    0.05422097
    0.06157238
   -0.08652258
    0.17172969
    0.03673881
    0.07493452
    0.06694005
   -0.12560181
   -0.00150690
    0.06451923
   -0.11595882
    0.05473609
    0.05402949
    0.06154959
   -0.08636900
    0.17173410
    0.03681676
    0.07485320
    0.06754418
   -0.12537850
   -0.00126701
    0.06405668
