    0.44098387
   -0.21081656
   -0.20442799
   -0.22761859
   -0.23421997
    0.05037047
   -0.03056978
   -0.02800723
    0.05517271
    0.05615620
   -0.01898821
   -0.03185685
    0.05637504
    0.04964653
   -0.02334181
   -0.03391903
    0.05176179
    0.04802608
   -0.03187785
   -0.03314142
    0.04627996
   -0.07562788
    0.03437311
   -0.06433069
    0.03900109
   -0.07077129
    0.03484617
   -0.07371070
    0.03379674
   -0.09945851
    0.03446071
    0.03915726
    0.03517553
   -0.09852849
    0.03322180
    0.03716699
    0.03448608
   -0.10112119
    0.03491743
    0.03986263
    0.04274230
   -0.02696200
    0.02381269
   -0.09685278
    0.03567801
    0.02303166
   -0.10040868
    0.03673108
    0.03547841
    0.04205274
   -0.02754416
    0.02347053
   -0.09702773
    0.03449132
    0.02247688
   -0.09838056
    0.03570644
    0.03530001
    0.03339949
   -0.09836896
    0.03323099
    0.03367646
    0.03591515
   -0.48051065
    0.32112976
    0.32158252
   -0.11785563
    0.05676701
    0.05652998
    0.06386203
   -0.08417581
    0.17417539
    0.03855608
    0.07269035
    0.06982050
   -0.13158017
   -0.00300103
    0.06745623
