           1           2  0.59823218707758630     
           1           3  0.59692829241597301     
           1           4  0.58474115774141577     
           1           5  0.58412234764515636     
           2           6   1.2509289484882555     
           6           7   1.1277356958960032     
           7           8   1.6088292460605003     
           2           9   1.2463300394786294     
           8           9   1.1270271967718417     
           3          10   1.2461068876340367     
          10          11   1.1504823142477429     
          11          12   1.5374886330737230     
           3          13   1.2545052489027193     
          12          13   1.1113335563033329     
           4          14   1.2345224296206339     
          14          15   1.1610770405809867     
          15          16   1.5253785431337359     
           4          17   1.2538820616604438     
          16          17   1.1215491728157290     
           5          18   1.2426507893565943     
          18          19   1.1372747222413560     
          19          20   1.5966424157388519     
           5          21   1.2428463618135184     
          20          21   1.1383191457614439     
           6          22   1.3570995219257862     
          21          22   1.3551935676999425     
          22          23  0.96221487807738526     
           9          24   1.3683291817769272     
          10          24   1.3451280549349696     
          24          25  0.96047611273948630     
          13          26   1.3655128757921295     
          14          26   1.3442758024931571     
          26          27  0.95843921980964908     
          17          28   1.3553302127937727     
          18          28   1.3588582352141005     
          28          29  0.96009061302561860     
           8          30   1.0298529837969723     
          30          31  0.98042779770588484     
          30          32  0.97251676712639124     
          30          33  0.97299780149231174     
           7          34   1.0291599171685997     
          34          35  0.97322089435994963     
          34          36  0.97322746461696896     
          34          37  0.98041877026664137     
          11          38   1.0334587639877346     
          38          39  0.97637438861352877     
          38          40  0.96723088676378044     
          38          41  0.97739868135735175     
          12          42   1.1045708699136887     
          42          43  0.95832789014580066     
          42          44   1.8868480021494949     
          44          45  0.97571592970238585     
          44          46  0.97931905856437607     
          15          47   1.0329788397929924     
          47          48  0.96763293094632163     
          47          49  0.97639003843783700     
          47          50  0.97720195261007259     
          16          51   1.1052059187683183     
          51          52  0.95864778766462222     
          51          53   1.8859755924688095     
          53          54  0.97573608551076296     
          53          55  0.97936350338934408     
          19          56   1.0293322573981150     
          56          57  0.97332470960014505     
          56          58  0.97269625634567158     
          56          59  0.98046179212054663     
          20          60   1.0288653406938697     
          60          61  0.97350080000727057     
          60          62  0.98050557321931420     
          60          63  0.97312282312129983     
           1          64  0.26267462972398298     
          64          65  0.88425896977217366     
          64          66  0.88376400670611233     
          67          68  0.97094529796751994     
          67          69  0.97097207913867534     
          67          70  0.98186447679889000     
          71          72  0.94124097885455282     
          67          73   1.0317510126510321     
          71          73   1.1886601253996851     
          71          74   1.2621719840775834     
          73          74  0.11217647612460420     
          74          75  0.95385440012062905     
           1          76  0.50974656337657442     
          74          76   1.4790706060475109     
          73          77   1.5599823338241812     
          76          77   1.2462264879399636     
          77          78  0.95871461472437280     
