    0.46527574
   -0.21906446
   -0.23614585
   -0.24445190
   -0.22861961
    0.05605565
   -0.02821088
   -0.02781918
    0.05506967
    0.05434994
   -0.02773203
   -0.02829164
    0.05169952
    0.05425866
   -0.03152963
   -0.02195701
    0.04845379
    0.05408403
   -0.03142523
   -0.02070802
    0.05517743
   -0.06795191
    0.03810949
   -0.06802221
    0.03951428
   -0.07226346
    0.03751159
   -0.07437929
    0.03562997
   -0.10008017
    0.03939359
    0.03626649
    0.03605843
   -0.09998411
    0.03719490
    0.03873972
    0.03592437
   -0.10137789
    0.03710619
    0.03797832
    0.04416384
   -0.02769167
    0.02635884
   -0.09560130
    0.03547250
    0.02530601
   -0.10097197
    0.03601407
    0.03857356
    0.04397141
   -0.02777462
    0.02732253
   -0.09542567
    0.03589656
    0.02564785
   -0.09986633
    0.03954929
    0.03656532
    0.03606963
   -0.10014401
    0.03912469
    0.03615550
    0.03733001
   -0.47991705
    0.32527800
    0.32460840
   -0.07611110
    0.07110632
    0.07458850
    0.07585671
   -0.11070055
    0.16540746
