    0.44058833
   -0.20991714
   -0.21114836
   -0.22796552
   -0.22757007
    0.05303291
   -0.02885279
   -0.02973298
    0.05292799
    0.05308743
   -0.02139451
   -0.03179479
    0.05538222
    0.04986954
   -0.02239163
   -0.03483587
    0.05156588
    0.04787969
   -0.03242430
   -0.03049514
    0.05030198
   -0.06956116
    0.03668829
   -0.06934576
    0.03706550
   -0.06968125
    0.03574128
   -0.07610306
    0.03258052
   -0.09896250
    0.03456750
    0.03899288
    0.03309644
   -0.09904127
    0.03509748
    0.03762406
    0.03438561
   -0.10066736
    0.03287527
    0.04001686
    0.04214846
   -0.02685279
    0.02371173
   -0.09674130
    0.03575740
    0.02317289
   -0.10028836
    0.03472208
    0.03741718
    0.04213207
   -0.02769608
    0.02349367
   -0.09725463
    0.03433929
    0.02260290
   -0.09824299
    0.03492816
    0.03528149
    0.03364570
   -0.09897623
    0.03573433
    0.03388789
    0.03594170
   -0.48044002
    0.32122465
    0.32143255
   -0.11775548
    0.05644665
    0.05665365
    0.06368981
   -0.08387968
    0.17432551
    0.03829720
    0.07266419
    0.07002912
   -0.13141648
   -0.00288882
    0.06727041
