           1           2  0.58538805244581282     
           1           3  0.58371848319427466     
           1           4  0.59688044115417171     
           1           5  0.59709504302753502     
           2           6   1.2469876152579127     
           6           7   1.1374199252129620     
           7           8   1.5978776305367570     
           2           9   1.2372289832280170     
           8           9   1.1364015568814363     
           3          10   1.2352108120919483     
          10          11   1.1624866913357033     
          11          12   1.5247031329081508     
           3          13   1.2505095908804988     
          12          13   1.1225954787404573     
           4          14   1.2399759130905745     
          14          15   1.1496995216235766     
          15          16   1.5375189905920745     
           4          17   1.2617777372633694     
          16          17   1.1126652979500127     
           5          18   1.2507819744705644     
          18          19   1.1263147615921920     
          19          20   1.6097210178445054     
           5          21   1.2496352465288771     
          20          21   1.1264842415088341     
           6          22   1.3536781726154268     
          21          22   1.3621473312917765     
          22          23  0.96202790910951463     
           9          24   1.3652518007493100     
          10          24   1.3414044017222493     
          24          25  0.96078012341528884     
          13          26   1.3605054259269951     
          14          26   1.3517983766078214     
          26          27  0.95856033061914570     
          17          28   1.3546752437945331     
          18          28   1.3600861298764626     
          28          29  0.96006255317572109     
           8          30   1.0287513194614473     
          30          31  0.98044119016456599     
          30          32  0.97327655366359933     
          30          33  0.97349244112743027     
           7          34   1.0293494806964150     
          34          35  0.97292927645387506     
          34          36  0.97304670505323088     
          34          37  0.98048886845139349     
          11          38   1.0322720472324567     
          38          39  0.97664389071315805     
          38          40  0.96827048155643214     
          38          41  0.97738117520073875     
          12          42   1.1047356929604413     
          42          43  0.95828972780579691     
          42          44   1.8866336646109048     
          44          45  0.97580355252816409     
          44          46  0.97933026169602655     
          15          47   1.0332898416285634     
          47          48  0.97602766928962392     
          47          49  0.96773661748898554     
          47          50  0.97744607565565578     
          16          51   1.1037795125447678     
          51          52  0.95830556568272796     
          51          53   1.8877202103946384     
          53          54  0.97577642490629024     
          53          55  0.97929498332213250     
          19          56   1.0298853598699393     
          56          57  0.97243176198568637     
          56          58  0.97302150235297113     
          56          59  0.98042430478374543     
          20          60   1.0295246905786390     
          60          61  0.97282297956026620     
          60          62  0.98042537226690307     
          60          63  0.97322004265709494     
           1          64  0.26222562379591657     
          64          65  0.88394790006174873     
          64          66  0.88399150082066569     
          67          68  0.97091900492124239     
          67          69  0.97099328573931831     
          67          70  0.98184392670310228     
          71          72  0.94121176405237872     
          67          73   1.0317130343993821     
          71          73   1.1887862622651801     
          71          74   1.2621031033504178     
          73          74  0.11199680825024219     
          74          75  0.95478031049295409     
           1          76  0.50956338156280490     
          74          76   1.4797863944615373     
          73          77   1.5602772051037306     
          76          77   1.2457600522633430     
          77          78  0.95771490650968705     
