    0.44076623
   -0.23402954
   -0.23252877
   -0.20443595
   -0.20642050
    0.04884763
   -0.03112152
   -0.03401426
    0.04510647
    0.04548141
   -0.02560353
   -0.03346496
    0.05273469
    0.05399905
   -0.01984349
   -0.03075953
    0.05903494
    0.05578941
   -0.02817533
   -0.02876764
    0.05316420
   -0.07051639
    0.03639828
   -0.07957082
    0.03181921
   -0.06878111
    0.03610609
   -0.06571759
    0.03762300
   -0.09795822
    0.03358303
    0.03345705
    0.03446944
   -0.09892748
    0.03615167
    0.03555278
    0.03349580
   -0.09964124
    0.03366143
    0.03461952
    0.04204813
   -0.02740295
    0.02490993
   -0.09698717
    0.03340154
    0.02303873
   -0.10054932
    0.03574510
    0.03743836
    0.04353528
   -0.02677774
    0.02680181
   -0.09732795
    0.03415904
    0.02317760
   -0.09930496
    0.03869278
    0.03580982
    0.03454974
   -0.09898027
    0.03684125
    0.03473335
    0.03528979
   -0.48073675
    0.32127175
    0.32136367
   -0.11804027
    0.05692026
    0.05653421
    0.06401908
   -0.08432713
    0.17430779
    0.03873877
    0.07301385
    0.06961959
   -0.13161782
   -0.00324047
    0.06774812
