    0.44063723
   -0.23390284
   -0.20978741
   -0.20448083
   -0.22870563
    0.04775235
   -0.03202788
   -0.03313426
    0.04621473
    0.05072034
   -0.02220122
   -0.03048350
    0.05845180
    0.05636499
   -0.01876117
   -0.03175140
    0.05641095
    0.04940777
   -0.03138202
   -0.03166670
    0.04849503
   -0.07458332
    0.03413797
   -0.07510494
    0.03425273
   -0.06351473
    0.03848009
   -0.07135135
    0.03500429
   -0.09840540
    0.03363980
    0.03373212
    0.03563217
   -0.09849767
    0.03510534
    0.03516253
    0.03342904
   -0.10018760
    0.03562875
    0.03484215
    0.04349751
   -0.02645994
    0.02675268
   -0.09726863
    0.03331289
    0.02339150
   -0.10102098
    0.03719228
    0.03769406
    0.04360571
   -0.02678187
    0.02525034
   -0.09742860
    0.03431890
    0.02289845
   -0.09875298
    0.03596420
    0.03588326
    0.03369140
   -0.09848879
    0.03381479
    0.03534249
    0.03461031
   -0.48058081
    0.32131784
    0.32137525
   -0.11792515
    0.05682987
    0.05643199
    0.06391804
   -0.08412216
    0.17430294
    0.03851782
    0.07275903
    0.06982701
   -0.13164202
   -0.00311012
    0.06750922
