           1           2  0.58238948947075020     
           1           3  0.57674070773935038     
           1           4  0.56665164432157222     
           1           5  0.57331352290961479     
           2           6   1.2543792603031028     
           6           7   1.1267603674787774     
           7           8   1.6097783397025462     
           2           9   1.2459959170171084     
           8           9   1.1263749237151295     
           3          10   1.2412446496286942     
          10          11   1.1535702644877299     
          11          12   1.5356979621374018     
           3          13   1.2530318681188957     
          12          13   1.1163533765928386     
           4          14   1.2325954244918480     
          14          15   1.1595819636875238     
          15          16   1.5291411164027502     
           4          17   1.2524271877435493     
          16          17   1.1230356543650710     
           5          18   1.2447328133372169     
          18          19   1.1312493653072822     
          19          20   1.6040669661207592     
           5          21   1.2455355101738965     
          20          21   1.1318453968092919     
           6          22   1.3575239546940874     
          21          22   1.3618750298999074     
          22          23  0.96163920638371292     
           9          24   1.3686066495406077     
          10          24   1.3448153444976527     
          24          25  0.96045006923752774     
          13          26   1.3639701988874648     
          14          26   1.3490353589903079     
          26          27  0.95855994014078427     
          17          28   1.3557476549309417     
          18          28   1.3623009534493955     
          28          29  0.95964072401394251     
           8          30   1.0302689905975000     
          30          31  0.98026108754535379     
          30          32  0.97219886740696726     
          30          33  0.97272160594580293     
           7          34   1.0303307008517015     
          34          35  0.97293835460758182     
          34          36  0.97192337108037286     
          34          37  0.98026449360786772     
          11          38   1.0336533745781828     
          38          39  0.96744793154617481     
          38          40  0.97568935719891148     
          38          41  0.97730063233275422     
          12          42   1.1017514095072383     
          42          43  0.95808975860910972     
          42          44   1.8903994016363093     
          44          45  0.97572072834376966     
          44          46  0.97917157262599019     
          15          47   1.0335950091391308     
          47          48  0.97606708329998904     
          47          49  0.96718686307593726     
          47          50  0.97725247589786024     
          16          51   1.1011891980160240     
          51          52  0.95800638001251248     
          51          53   1.8912908918000222     
          53          54  0.97913981651323589     
          53          55  0.97565502318790487     
          19          56   1.0303563770162778     
          56          57  0.97162292773485903     
          56          58  0.97309206524447112     
          56          59  0.98022134481864265     
          20          60   1.0303594990876306     
          60          61  0.97234681992531125     
          60          62  0.98028392230097516     
          60          63  0.97242904029577404     
           1          64  0.27394904388824570     
          64          65  0.87968101554391187     
          64          66  0.87964483113225844     
          67          68  0.98107706011392337     
          67          69  0.97863545231350302     
          67          70  0.97423634917756763     
           1          71  0.44057791616730801     
          67          71  0.99300394664196334     
          71          72  0.94237024417183912     
