           1           2  0.58539281684526678     
           1           3  0.58384151722173216     
           1           4  0.59613455082013933     
           1           5  0.59787027567527673     
           2           6   1.2472258621713641     
           6           7   1.1372737538636091     
           7           8   1.5980413310488000     
           2           9   1.2373415887120527     
           8           9   1.1362460245753985     
           3          10   1.2350455311893946     
          10          11   1.1626642124746271     
          11          12   1.5244947509988940     
           3          13   1.2503210286504909     
          12          13   1.1227137490772627     
           4          14   1.2398005758147959     
          14          15   1.1500441993270967     
          15          16   1.5372295743673690     
           4          17   1.2617831691800527     
          16          17   1.1130110109809674     
           5          18   1.2507908386129751     
          18          19   1.1259554189428582     
          19          20   1.6101326361143191     
           5          21   1.2497779197271743     
          20          21   1.1261513294245735     
           6          22   1.3536318046264988     
          21          22   1.3623133461954511     
          22          23  0.96200835168670451     
           9          24   1.3652629582752227     
          10          24   1.3414259912420168     
          24          25  0.96079131974267562     
          13          26   1.3604934285194956     
          14          26   1.3516925495813943     
          26          27  0.95857490830141390     
          17          28   1.3543528542238450     
          18          28   1.3603621763417881     
          28          29  0.96003225756239807     
           8          30   1.0287508453411425     
          30          31  0.98044304337608146     
          30          32  0.97333224625832027     
          30          33  0.97344470480777612     
           7          34   1.0293781527877142     
          34          35  0.97281559624624458     
          34          36  0.97312888972465039     
          34          37  0.98049101336720745     
          11          38   1.0322689937978091     
          38          39  0.97670471835711603     
          38          40  0.96824561251548535     
          38          41  0.97733880615317203     
          12          42   1.1048201090175718     
          42          43  0.95836048318650036     
          42          44   1.8865164563554468     
          44          45  0.97579671519469002     
          44          46  0.97933320633249987     
          15          47   1.0332739486709768     
          47          48  0.97597012827827900     
          47          49  0.96775844221847240     
          47          50  0.97749780013967191     
          16          51   1.1035931862505024     
          51          52  0.95825199393862115     
          51          53   1.8879182409785649     
          53          54  0.97579126635003310     
          53          55  0.97929118529720216     
          19          56   1.0298945747340831     
          56          57  0.97249367511982232     
          56          58  0.97295205109369498     
          56          59  0.98042078928863641     
          20          60   1.0295546098130717     
          60          61  0.98042359665898982     
          60          62  0.97318171819941224     
          60          63  0.97281958503557264     
           1          64  0.26215207090895848     
          64          65  0.88377450157255222     
          64          66  0.88416277866978721     
          67          68  0.97090108154603461     
          67          69  0.97101210886891198     
          67          70  0.98183967980417897     
          71          72  0.94121270875016627     
          67          73   1.0317154190750224     
          71          73   1.1887741095365352     
          71          74   1.2621045159041415     
          73          74  0.11199093444314619     
          74          75  0.95480015083069414     
           1          76  0.50939910278389733     
          74          76   1.4798669106514009     
          73          77   1.5603088360017969     
          76          77   1.2457653332699876     
          77          78  0.95766818345312754     
