    0.44066277
   -0.23359693
   -0.23289210
   -0.20502406
   -0.20579675
    0.04914185
   -0.03100649
   -0.03400555
    0.04506922
    0.04553792
   -0.02560573
   -0.03358543
    0.05242301
    0.05376937
   -0.01996465
   -0.03081571
    0.05897589
    0.05586443
   -0.02811670
   -0.02864057
    0.05342610
   -0.07015778
    0.03655366
   -0.07954367
    0.03182534
   -0.06913766
    0.03597842
   -0.06573451
    0.03760448
   -0.09795476
    0.03360843
    0.03343087
    0.03448717
   -0.09895607
    0.03626415
    0.03558328
    0.03350932
   -0.09965444
    0.03366352
    0.03464951
    0.04202231
   -0.02744451
    0.02481096
   -0.09697225
    0.03344031
    0.02302301
   -0.10051686
    0.03564652
    0.03740885
    0.04348833
   -0.02678752
    0.02676469
   -0.09733448
    0.03411799
    0.02316554
   -0.09930626
    0.03873572
    0.03579874
    0.03458453
   -0.09901628
    0.03696319
    0.03476252
    0.03532455
   -0.48076653
    0.32134735
    0.32125409
   -0.11803930
    0.05685861
    0.05658355
    0.06403026
   -0.08432705
    0.17430360
    0.03872740
    0.07302915
    0.06961578
   -0.13165207
   -0.00324679
    0.06776322
