    0.63707546
   -0.21365098
   -0.20083850
   -0.20158143
   -0.21454006
    0.06170044
   -0.02399194
   -0.02089092
    0.06164084
    0.06441272
   -0.01123277
   -0.02300473
    0.07681237
    0.07437952
   -0.01243638
   -0.02148807
    0.06714548
    0.06175439
   -0.02072831
   -0.02423593
    0.06159258
   -0.06944385
    0.04712523
   -0.06209305
    0.04783911
   -0.05522012
    0.04951774
   -0.06195667
    0.04733974
   -0.10206272
    0.04020552
    0.04617980
    0.03923229
   -0.10158816
    0.03701067
    0.04516092
    0.04017754
   -0.10356516
    0.03821111
    0.04815872
    0.04760400
   -0.02530629
    0.02773729
   -0.09259546
    0.04195348
    0.02980550
   -0.10367438
    0.04701174
    0.03802110
    0.05018401
   -0.02556988
    0.02824542
   -0.09218283
    0.04325737
    0.03008316
   -0.10194832
    0.03942540
    0.04659181
    0.04015862
   -0.10154144
    0.03688694
    0.04024666
    0.04513062
   -0.11742684
    0.05798651
    0.05766947
    0.06434043
   -0.08412330
    0.17574898
    0.03902059
    0.08546504
    0.06184463
   -0.18164576
    0.00456926
    0.05756253
   -0.16504289
   -0.29361558
