           1           2  0.58319111441042271     
           1           3  0.56680657862468453     
           1           4  0.56799278177924173     
           1           5  0.58207120048560346     
           2           6   1.2561341328530664     
           6           7   1.1260881156080755     
           7           8   1.6108083509155782     
           2           9   1.2443886760675187     
           8           9   1.1253929105687333     
           3          10   1.2351975328960312     
          10          11   1.1624571148753664     
          11          12   1.5270323703809283     
           3          13   1.2467904528642886     
          12          13   1.1238267754114111     
           4          14   1.2334684885366825     
          14          15   1.1603908463377510     
          15          16   1.5334983512199720     
           4          17   1.2512673292697825     
          16          17   1.1240907469508610     
           5          18   1.2489481168923917     
          18          19   1.1237775384786681     
          19          20   1.6126285023999207     
           5          21   1.2521559730950060     
          20          21   1.1242768386207902     
           6          22   1.3570716617346561     
          21          22   1.3628280481597814     
          22          23  0.96155309379625142     
           9          24   1.3704213423058791     
          10          24   1.3414139331172918     
          24          25  0.96055051154789828     
          13          26   1.3626185036781009     
          14          26   1.3481392298953798     
          26          27  0.96013220353169604     
          17          28   1.3529931968362707     
          18          28   1.3657463435437751     
          28          29  0.95784717278631926     
           8          30   1.0300980800671700     
          30          31  0.97229787140947010     
          30          32  0.98023400029376573     
          30          33  0.97291483306316473     
           7          34   1.0305356638924372     
          34          35  0.97260388177985013     
          34          36  0.97196172305272399     
          34          37  0.98029999134950163     
          11          38   1.0332057678800537     
          38          39  0.97636158774454262     
          38          40  0.96723092562567059     
          38          41  0.97731989403902308     
          12          42   1.1019813032184635     
          42          43  0.95860580209213198     
          42          44   1.8899652667684892     
          44          45  0.97562733504598786     
          44          46  0.97918045393851993     
          15          47   1.0317206939171271     
          47          48  0.97261010691716820     
          47          49  0.97033011214824905     
          47          50  0.98222567529172244     
          16          51   1.0939727085966122     
          51          52  0.95762092210857319     
          51          53   1.8990556198559676     
          53          54  0.97507531269459258     
          53          55  0.97890536842055598     
          19          56   1.0308228704745652     
          56          57  0.97226476732807721     
          56          58  0.97195726362558488     
          56          59  0.98023985252767076     
          20          60   1.0306309431444873     
          60          61  0.97276364521995862     
          60          62  0.98028677959620014     
          60          63  0.97184367290374141     
           1          64  0.27425832612117668     
          64          65  0.88033963153042605     
          64          66  0.88013584396291888     
          67          68  0.97436125590287315     
          67          69  0.98100410388834647     
          67          70  0.97865595482189993     
           1          71  0.43970252611753768     
          67          71  0.99313300522528158     
          71          72  0.94170313682196505     
