    0.44068850
   -0.23364780
   -0.23286451
   -0.20494541
   -0.20586711
    0.04911672
   -0.03101746
   -0.03400609
    0.04507267
    0.04552353
   -0.02561065
   -0.03357605
    0.05244872
    0.05379062
   -0.01994886
   -0.03080167
    0.05898535
    0.05585216
   -0.02812889
   -0.02865574
    0.05339707
   -0.07019283
    0.03653962
   -0.07954777
    0.03182409
   -0.06910277
    0.03599352
   -0.06572514
    0.03760634
   -0.09795511
    0.03360659
    0.03343528
    0.03448594
   -0.09895245
    0.03625434
    0.03557890
    0.03350832
   -0.09965335
    0.03366237
    0.03464639
    0.04201914
   -0.02743695
    0.02482596
   -0.09696654
    0.03343297
    0.02302969
   -0.10052442
    0.03565839
    0.03741574
    0.04349512
   -0.02678386
    0.02677211
   -0.09733172
    0.03412219
    0.02316880
   -0.09930465
    0.03873044
    0.03579179
    0.03458280
   -0.09901258
    0.03475686
    0.03531966
    0.03695343
   -0.48077038
    0.32133557
    0.32125287
   -0.11803867
    0.05696869
    0.05648017
    0.06402386
   -0.08433102
    0.17430575
    0.03873188
    0.07302859
    0.06961953
   -0.13164833
   -0.00324297
    0.06775270
