           1           2  0.58535684861967519     
           1           3  0.58386760977817598     
           1           4  0.59632944576690472     
           1           5  0.59773612876720794     
           2           6   1.2471675818737398     
           6           7   1.1373320526205093     
           7           8   1.5979727479319239     
           2           9   1.2373224696049201     
           8           9   1.1363066591028415     
           3          10   1.2350726233952998     
          10          11   1.1625771444089501     
          11          12   1.5246381168210255     
           3          13   1.2503748013111045     
          12          13   1.1226821844998069     
           4          14   1.2398508225885330     
          14          15   1.1499506368959336     
          15          16   1.5372974473102847     
           4          17   1.2617939674693033     
          16          17   1.1128908901943912     
           5          18   1.2507886302882818     
          18          19   1.1260552462171158     
          19          20   1.6100156766377334     
           5          21   1.2497198281622293     
          20          21   1.1262490435562100     
           6          22   1.3536320214818296     
          21          22   1.3622784320355121     
          22          23  0.96201122100599035     
           9          24   1.3652248937329861     
          10          24   1.3414654852807866     
          24          25  0.96078896351353804     
          13          26   1.3604842305323026     
          14          26   1.3517294077790996     
          26          27  0.95858291615369196     
          17          28   1.3544621364629759     
          18          28   1.3602663904074326     
          28          29  0.96003202708786195     
           8          30   1.0287487520404999     
          30          31  0.98044375035370801     
          30          32  0.97331874238088012     
          30          33  0.97345822527929449     
           7          34   1.0293698709677395     
          34          35  0.97281924606165560     
          34          36  0.97313524699151588     
          34          37  0.98049109701088022     
          11          38   1.0322729150460552     
          38          39  0.97668727080924023     
          38          40  0.96824908297626999     
          38          41  0.97735001176096170     
          12          42   1.1046963475998861     
          42          43  0.95834444371410255     
          42          44   1.8866536688988218     
          44          45  0.97579966398105644     
          44          46  0.97932967471544607     
          15          47   1.0332835088673933     
          47          48  0.97595197471880912     
          47          49  0.96775581004316402     
          47          50  0.97749305760287286     
          16          51   1.1036764656804252     
          51          52  0.95825564028347543     
          51          53   1.8878300595737774     
          53          54  0.97577860257669269     
          53          55  0.97929249579688316     
          19          56   1.0298916218707108     
          56          57  0.97248615180421694     
          56          58  0.97296283768264624     
          56          59  0.98042090563782436     
          20          60   1.0295459835435703     
          60          61  0.98042353133085491     
          60          62  0.97319185940859532     
          60          63  0.97281923430427419     
           1          64  0.26213044492042409     
          64          65  0.88382553170573286     
          64          66  0.88413645685314546     
          67          68  0.97083151182856964     
          67          69  0.97108178239112730     
          67          70  0.98184124074391632     
          71          72  0.94121216235939720     
          67          73   1.0317143726870619     
          71          73   1.1887644794368593     
          71          74   1.2621188367617178     
          73          74  0.11199094902670184     
          74          75  0.95478535996549307     
           1          76  0.50940195347684092     
          74          76   1.4798623408572369     
          73          77   1.5603124018871679     
          76          77   1.2457673403774574     
          77          78  0.95768284692996153     
