           1           2  0.58539259882160133     
           1           3  0.58391211429434675     
           1           4  0.59614578758477321     
           1           5  0.59783022843856837     
           2           6   1.2472264794889294     
           6           7   1.1373030978520391     
           7           8   1.5979983794648751     
           2           9   1.2373146724344124     
           8           9   1.1362815964152999     
           3          10   1.2350788775375088     
          10          11   1.1625960186566189     
          11          12   1.5246222205695938     
           3          13   1.2503031931079356     
          12          13   1.1227090881291584     
           4          14   1.2398244996523624     
          14          15   1.1500124173419166     
          15          16   1.5372769858160507     
           4          17   1.2617890755731900     
          16          17   1.1129832536821980     
           5          18   1.2508032252666572     
          18          19   1.1259625879114838     
          19          20   1.6101251196164030     
           5          21   1.2497715063783699     
          20          21   1.1261585885877163     
           6          22   1.3536118405485902     
          21          22   1.3623209767984950     
          22          23  0.96200880226039465     
           9          24   1.3652232549811683     
          10          24   1.3414626146267115     
          24          25  0.96080163047887246     
          13          26   1.3604958017635036     
          14          26   1.3517010875330016     
          26          27  0.95859601442757492     
          17          28   1.3543643053771601     
          18          28   1.3603573236444060     
          28          29  0.96003494543358425     
           8          30   1.0287483339668269     
          30          31  0.97346751038223767     
          30          32  0.98044405384213729     
          30          33  0.97331288444786201     
           7          34   1.0293760527002935     
          34          35  0.97281002006514605     
          34          36  0.97313680564328475     
          34          37  0.98049155502618313     
          11          38   1.0322699526811590     
          38          39  0.97668447314275320     
          38          40  0.96825383946661059     
          38          41  0.97735798860570888     
          12          42   1.1046838191819743     
          42          43  0.95835251431943569     
          42          44   1.8866633171118687     
          44          45  0.97579867122159758     
          44          46  0.97932951775279276     
          15          47   1.0332726797214853     
          47          48  0.97595671102306847     
          47          49  0.96776410438965677     
          47          50  0.97751115882481976     
          16          51   1.1035695892168955     
          51          52  0.95824966563821667     
          51          53   1.8879423196556873     
          53          54  0.97578795191316348     
          53          55  0.97929052985849263     
          19          56   1.0298939096202546     
          56          57  0.97251038475000251     
          56          58  0.97293607077679145     
          56          59  0.98042178530998281     
          20          60   1.0295523184075392     
          60          61  0.98042431542300923     
          60          62  0.97318344768187437     
          60          63  0.97282101423586986     
           1          64  0.26214729665356235     
          64          65  0.88380029097985502     
          64          66  0.88415146077716789     
          67          68  0.97090831965942026     
          67          69  0.97100538848620455     
          67          70  0.98184004165894212     
          71          72  0.94121316924633924     
          67          73   1.0317155000265752     
          71          73   1.1887709288546282     
          71          74   1.2621115493436623     
          73          74  0.11199473732788498     
          74          75  0.95479268119749838     
           1          76  0.50937570093153206     
          74          76   1.4798700357019650     
          73          77   1.5603048900820957     
          76          77   1.2457808839644693     
          77          78  0.95767443320445134     
