    0.44067526
   -0.23354412
   -0.23293659
   -0.20511818
   -0.20572037
    0.04918931
   -0.03099142
   -0.03401336
    0.04504217
    0.04554872
   -0.02560425
   -0.03359493
    0.05237631
    0.05372525
   -0.01998920
   -0.03082595
    0.05896489
    0.05587718
   -0.02810757
   -0.02862500
    0.05346687
   -0.07009958
    0.03657951
   -0.07955010
    0.03182995
   -0.06919110
    0.03595073
   -0.06573271
    0.03760482
   -0.09795506
    0.03448624
    0.03361365
    0.03342852
   -0.09896051
    0.03628310
    0.03558643
    0.03351117
   -0.09965776
    0.03366587
    0.03464990
    0.04201327
   -0.02744044
    0.02480208
   -0.09696440
    0.03343788
    0.02302651
   -0.10051228
    0.03562711
    0.03740456
    0.04347169
   -0.02678474
    0.02676968
   -0.09732371
    0.03411199
    0.02317054
   -0.09930728
    0.03873613
    0.03580054
    0.03459191
   -0.09902023
    0.03476581
    0.03532950
    0.03697905
   -0.48076668
    0.32134565
    0.32125231
   -0.11803913
    0.05692884
    0.05651713
    0.06402836
   -0.08433148
    0.17430345
    0.03873345
    0.07302723
    0.06960757
   -0.13164701
   -0.00324495
    0.06776198
