    0.44138456
   -0.23424774
   -0.23280728
   -0.20486426
   -0.20585100
    0.04917431
   -0.03107633
   -0.03419001
    0.04465621
    0.04525137
   -0.02888011
   -0.03320637
    0.05423590
    0.05328300
   -0.01970678
   -0.03091667
    0.05896897
    0.05570683
   -0.02822172
   -0.02869027
    0.05340706
   -0.07010805
    0.03639640
   -0.08003558
    0.03169988
   -0.06963224
    0.04150748
   -0.06578309
    0.03753422
   -0.09796394
    0.03350591
    0.03334871
    0.03447547
   -0.09893233
    0.03627140
    0.03547542
    0.03341992
   -0.09851195
    0.03526029
    0.03397786
    0.03640615
   -0.02688452
    0.02498952
   -0.09625501
    0.03362876
    0.02424426
   -0.10089076
    0.03641870
    0.03752848
    0.04360610
   -0.02689189
    0.02665290
   -0.09744011
    0.03422598
    0.02299581
   -0.09927739
    0.03865527
    0.03573910
    0.03448396
   -0.09896533
    0.03701767
    0.03466108
    0.03514460
   -0.48115000
    0.32138581
    0.32120961
   -0.11800502
    0.05688690
    0.05642730
    0.06398749
   -0.08443386
    0.17420933
    0.03874053
    0.07316637
    0.06918326
   -0.13137328
   -0.00326437
    0.06792114
