           1           2  0.58520536642382381     
           1           3  0.58184605135288547     
           1           4  0.59847856482181505     
           1           5  0.59711536309302515     
           2           6   1.2471989102416063     
           6           7   1.1372908018607224     
           7           8   1.5980487186397316     
           2           9   1.2365302955120856     
           8           9   1.1362243891985901     
           3          10   1.2369940783282847     
          10          11   1.1631190828169238     
          11          12   1.5299165859425630     
           3          13   1.2489741426734273     
          12          13   1.1237790388547644     
           4          14   1.2380314247934867     
          14          15   1.1500697577345209     
          15          16   1.5367027409255778     
           4          17   1.2621313873963051     
          16          17   1.1128527833983506     
           5          18   1.2506082056941856     
          18          19   1.1261385432148590     
          19          20   1.6100025403637894     
           5          21   1.2500797369721801     
          20          21   1.1262124713692327     
           6          22   1.3537724807759219     
          21          22   1.3619288377812413     
          22          23  0.96205141206926592     
           9          24   1.3664536906324749     
          10          24   1.3396485048658542     
          24          25  0.96231701192669228     
          13          26   1.3589327273893104     
          14          26   1.3530148646922298     
          26          27  0.95678810786732216     
          17          28   1.3540671942161735     
          18          28   1.3604752502402508     
          28          29  0.96011889139218898     
           8          30   1.0287084525416403     
          30          31  0.98047351261649318     
          30          32  0.97300361223084408     
          30          33  0.97385018611969842     
           7          34   1.0293465651007845     
          34          35  0.97294568754418842     
          34          36  0.97302380723354520     
          34          37  0.98052069319933255     
          11          38   1.0304018807632527     
          38          39  0.97378341345174613     
          38          40  0.97101580471748339     
          38          41  0.98223075188899978     
          12          42   1.0963075941674962     
          42          43  0.95786949020926615     
          42          44   1.8957568840989396     
          44          45  0.97501644236154794     
          44          46  0.97907054775780300     
          15          47   1.0334353643258221     
          47          48  0.97633075338851749     
          47          49  0.96742577215188108     
          47          50  0.97713985396969361     
          16          51   1.1047503514661736     
          51          52  0.95849006340083820     
          51          53   1.8867695300190923     
          53          54  0.97575098442522179     
          53          55  0.97932691337519540     
          19          56   1.0298582931827085     
          56          57  0.97217424030089594     
          56          58  0.97334123510644788     
          56          59  0.98043529285336661     
          20          60   1.0295320482029027     
          60          61  0.97253938640022997     
          60          62  0.98043419270918564     
          60          63  0.97351852937078986     
           1          64  0.26153450452613353     
          64          65  0.88353684849697667     
          64          66  0.88431180006517962     
          67          68  0.97085025406905423     
          67          69  0.97109342207738347     
          67          70  0.98184785569639810     
          71          72  0.94125135432396767     
          67          73   1.0316986374362411     
          71          73   1.1887747581793826     
          71          74   1.2617392123145628     
          73          74  0.11204243349125383     
          74          75  0.95515717457993921     
           1          76  0.50994062364839898     
          74          76   1.4795972736433209     
          73          77   1.5602645072010735     
          76          77   1.2456340853012615     
          77          78  0.95778815532313144     
