           1           2  0.58406535774535440     
           1           3  0.57437156419415991     
           1           4  0.57654485797913013     
           1           5  0.58841405813652070     
           2           6   1.2486547941762847     
           6           7   1.1346222469022595     
           7           8   1.5960724307871692     
           2           9   1.2343486153479954     
           8           9   1.1327880240515824     
           3          10   1.2349897247797281     
          10          11   1.1550410001828648     
          11          12   1.5295535738789550     
           3          13   1.2493798043236630     
          12          13   1.1233730138457259     
           4          14   1.2364162630795335     
          14          15   1.1497988339587235     
          15          16   1.5363363932771938     
           4          17   1.2563876441224417     
          16          17   1.1163822428031158     
           5          18   1.2410176389847272     
          18          19   1.1292455390934435     
          19          20   1.5987953043298964     
           5          21   1.2457891344190575     
          20          21   1.1315320628885697     
           6          22   1.3590015803348621     
          21          22   1.3640859317988796     
          22          23  0.96001612076396792     
           9          24   1.3670720867387689     
          10          24   1.3443963819731928     
          24          25  0.95967054465502533     
          13          26   1.3632770902139872     
          14          26   1.3574044375363896     
          26          27  0.95695898462851303     
          17          28   1.3555236940625717     
          18          28   1.3631019335444829     
          28          29  0.95886505576661185     
           8          30   1.0325237659575008     
          30          31  0.97962244378216878     
          30          32  0.97021316994690032     
          30          33  0.97156676642959816     
           7          34   1.0322884693151442     
          34          35  0.97184528554645777     
          34          36  0.97019996163758471     
          34          37  0.97963127869587630     
          11          38   1.0358344802732089     
          38          39  0.96595045482173125     
          38          40  0.97439082902755403     
          38          41  0.97654192687657437     
          12          42   1.0978127600046592     
          42          43  0.95692494001855244     
          42          44   1.8963642509041416     
          44          45  0.97537972086407221     
          44          46  0.97867722957125769     
          15          47   1.0360931525585675     
          47          48  0.96600628386617160     
          47          49  0.97363114193988898     
          47          50  0.97657718169176977     
          16          51   1.0982581208267757     
          51          52  0.95725244285934052     
          51          53   1.8960172919107530     
          53          54  0.97517232415710109     
          53          55  0.97859582657926936     
          19          56   1.0333367167483880     
          56          57  0.97063560081719780     
          56          58  0.96998055665792826     
          56          59  0.97953783620963075     
          20          60   1.0324176144844786     
          60          61  0.97954010992483442     
          60          62  0.97063414091114808     
          60          63  0.97134248605570095     
           1          64   1.2025379133436211     
           1          65  0.72421547419243371     
          64          65   1.1718875821325052     
          66          67  0.98362793080999755     
          66          68  0.98109570492787801     
          66          69  0.97622007769267971     
           1          70  0.17764700908724215     
          66          70   1.0100778152484378     
          70          71  0.95914767187286554     
