    0.42803564
   -0.21796208
   -0.22412812
   -0.22327067
   -0.21755444
    0.05465625
   -0.02862931
   -0.02996185
    0.05275260
    0.04992138
   -0.03326103
   -0.03069708
    0.05282962
    0.05709216
   -0.03334627
   -0.02727808
    0.05165739
    0.05697093
   -0.03473727
   -0.02496304
    0.05315522
   -0.06812340
    0.03578469
   -0.07372855
    0.03377167
   -0.07203792
    0.03762627
   -0.07331066
    0.03652839
   -0.09853598
    0.03459071
    0.03791652
    0.03391037
   -0.09814627
    0.03778466
    0.03289150
    0.03394472
   -0.09893995
    0.03586264
    0.03633245
    0.03721583
   -0.02613504
    0.02463334
   -0.09637791
    0.03067768
    0.02347969
   -0.09815104
    0.03508452
    0.03582594
    0.03589212
   -0.02620209
    0.02439899
   -0.09596673
    0.03169331
    0.02290789
   -0.09800744
    0.03600034
    0.03513641
    0.03317232
   -0.09789828
    0.03342573
    0.03295304
    0.03586488
   -0.11702742
    0.05567579
    0.05619710
    0.06314557
   -0.08485855
    0.17361729
    0.03780589
    0.07417400
    0.06952147
   -0.12991047
   -0.00170139
    0.06584549
   -0.10805901
    0.04519265
    0.05749225
    0.04844211
   -0.02099857
    0.05831494
    0.05063917
   -0.06146276
   -0.07192349
    0.06396392
    0.05912856
    0.07175816
