           1           2  0.58035094358981942     
           1           3  0.57747288349989745     
           1           4  0.57288751192074117     
           1           5  0.57632415136869020     
           2           6   1.2466095227558720     
           6           7   1.1264728953551442     
           7           8   1.6097813295177756     
           2           9   1.2530224739803197     
           8           9   1.1273778921537021     
           3          10   1.2483701818707620     
          10          11   1.1322130662787924     
          11          12   1.6010363959881664     
           3          13   1.2458512783585300     
          12          13   1.1326131467434559     
           4          14   1.2579187776017065     
          14          15   1.1192849338912423     
          15          16   1.5368981705952147     
           4          17   1.2384403679358809     
          16          17   1.1570708442251529     
           5          18   1.2509487924942970     
          18          19   1.1166966383098444     
          19          20   1.5369724761512626     
           5          21   1.2472310083397333     
          20          21   1.1563069524694178     
           6          22   1.3699595783737453     
          21          22   1.3398668759691632     
          22          23  0.96207750069494002     
           9          24   1.3567452089236918     
          10          24   1.3529153735458355     
          24          25  0.96233441746979620     
          13          26   1.3586635076020368     
          14          26   1.3504559004145289     
          26          27  0.95859775834470273     
          17          28   1.3433890757644344     
          18          28   1.3608938595178521     
          28          29  0.95878155481688521     
           7          30   1.0295907855455084     
          30          31  0.97353331762185846     
          30          32  0.97238330373413739     
          30          33  0.98049788427713946     
           8          34   1.0291996192862030     
          34          35  0.97294812473813641     
          34          36  0.97343114767857908     
          34          37  0.98050537195146248     
          20          38   1.0311829884470340     
          38          39  0.97351408712024345     
          38          40  0.98237456482686114     
          38          41  0.97029671018655805     
          19          42   1.0957042086025803     
          42          43  0.95788845235517284     
          42          44   1.8958020270183382     
          44          45  0.97532074168297467     
          44          46  0.97910881074201050     
          16          47   1.0308809938902159     
          47          48  0.97374533307701494     
          47          49  0.97035372364517736     
          47          50  0.98238656591635465     
          15          51   1.0940894356916238     
          51          52  0.95777401552292107     
          51          53   1.8977732386661119     
          53          54  0.97517162037444050     
          53          55  0.97907330862578945     
          12          56   1.0295282409111810     
          56          57  0.97310757616334143     
          56          58  0.97271088158240582     
          56          59  0.98054037408723138     
          11          60   1.0288716257526940     
          60          61  0.98054434710626903     
          60          62  0.97327328647170042     
          60          63  0.97335069208629343     
          64          65  0.97129243326966197     
          64          66  0.97092139536794608     
          64          67  0.98196684178930727     
          68          69  0.94137184333842505     
          64          70   1.0316411880621368     
          68          70   1.1881943756550963     
          68          71   1.2627426828698693     
          70          71  0.11259776518143018     
          71          72  0.95415412841131253     
           1          73  0.49574583233421826     
          71          73   1.4804483542737965     
          70          74   1.5596563885633850     
          73          74   1.2477710023908266     
          74          75  0.95935104079625644     
          76          77  0.98020610178769474     
          76          78  0.97945738213919442     
          76          79  0.98643645829492710     
          76          80   1.0264808172684436     
          80          81  0.96820569251778077     
          80          82  0.97314831614443675     
           1          83  0.38830019243358249     
          80          83  0.96233239326076914     
          83          84  0.99641391338263097     
          84          85  0.97766977141532108     
          84          86  0.98069552481105582     
          84          87  0.97553288671303140     
