    0.42775854
   -0.21802038
   -0.22435889
   -0.22345648
   -0.21712432
    0.05483701
   -0.02847630
   -0.02993960
    0.05277893
    0.04977704
   -0.03314511
   -0.03086759
    0.05312325
    0.05534075
   -0.03391372
   -0.02410863
    0.05194315
    0.05701413
   -0.03470355
   -0.02485839
    0.05329236
   -0.06783857
    0.03610277
   -0.07393992
    0.03373957
   -0.07171196
    0.03183045
   -0.07292307
    0.03667627
   -0.09861611
    0.03471639
    0.03803959
    0.03401628
   -0.09815500
    0.03778721
    0.03291707
    0.03405298
   -0.09901622
    0.03737547
    0.03591887
    0.03644831
   -0.02632654
    0.02465750
   -0.09645439
    0.03179379
    0.02362732
   -0.09926997
    0.03582698
    0.03410610
    0.04128311
   -0.02731059
    0.02325458
   -0.09703120
    0.03376973
    0.02192501
   -0.09767582
    0.03596368
    0.03451722
    0.03305993
   -0.09787572
    0.03598367
    0.03344901
    0.03282650
   -0.11710800
    0.05578734
    0.05609029
    0.06328358
   -0.08487008
    0.17363076
    0.03778005
    0.07416987
    0.06952538
   -0.13024015
   -0.00198321
    0.06604888
   -0.10798664
    0.04529978
    0.05755263
    0.04837312
   -0.02081662
    0.05816529
    0.05066189
   -0.06094244
   -0.07198420
    0.06419906
    0.05909960
    0.07185134
