    0.44069885
   -0.23347035
   -0.23301949
   -0.20520751
   -0.20563685
    0.04924721
   -0.03097031
   -0.03400897
    0.04503338
    0.04556026
   -0.02560761
   -0.03361288
    0.05233003
    0.05367495
   -0.02000388
   -0.03082189
    0.05896409
    0.05587331
   -0.02811454
   -0.02860831
    0.05351234
   -0.07002510
    0.03660374
   -0.07955169
    0.03182599
   -0.06926638
    0.03592974
   -0.06573114
    0.03760583
   -0.09795565
    0.03361992
    0.03343808
    0.03448092
   -0.09896675
    0.03630900
    0.03558786
    0.03351642
   -0.09964660
    0.03366490
    0.03464306
    0.04200600
   -0.02745098
    0.02477388
   -0.09697118
    0.03344292
    0.02301787
   -0.10050836
    0.03560597
    0.03740520
    0.04347640
   -0.02679218
    0.02676417
   -0.09732488
    0.03411940
    0.02316761
   -0.09930575
    0.03874391
    0.03578765
    0.03459384
   -0.09902622
    0.03700430
    0.03476769
    0.03532730
   -0.48078702
    0.32138179
    0.32123826
   -0.11803595
    0.05698446
    0.05646496
    0.06402337
   -0.08433185
    0.17430521
    0.03873466
    0.07302999
    0.06960593
   -0.13164808
   -0.00324392
    0.06775963
