           1           2  0.58965562658660620     
           1           3  0.58700182772252563     
           1           4  0.58338274020841574     
           1           5  0.58731660512653816     
           2           6   1.2547630556617726     
           6           7   1.1287748339401922     
           7           8   1.6076268451655387     
           2           9   1.2465834254169177     
           8           9   1.1281036513622251     
           3          10   1.2440866479409263     
          10          11   1.1575306678659913     
          11          12   1.5280422263368549     
           3          13   1.2560601723143103     
          12          13   1.1153410497434844     
           4          14   1.2390312711562266     
          14          15   1.1603526397073143     
          15          16   1.5236780527525855     
           4          17   1.2607586126139392     
          16          17   1.1189049657262280     
           5          18   1.2493744524237897     
          18          19   1.1309297733853225     
          19          20   1.6040485526121666     
           5          21   1.2510665418116751     
          20          21   1.1313667466565571     
           6          22   1.3533703813519469     
          21          22   1.3548441282529722     
          22          23  0.96255269859418036     
           9          24   1.3657849004570790     
          10          24   1.3387362271973515     
          24          25  0.96101584117642613     
          13          26   1.3614582982929022     
          14          26   1.3419068998016122     
          26          27  0.95878296579002342     
          17          28   1.3498429771970004     
          18          28   1.3575249085116972     
          28          29  0.96035054850355484     
           8          30   1.0286967724223222     
          30          31  0.98061996274636110     
          30          32  0.97351661912994958     
          30          33  0.97349227408487438     
           7          34   1.0286834552803572     
          34          35  0.97314936841794841     
          34          36  0.97388884480846172     
          34          37  0.98062888187799235     
          11          38   1.0322800012364919     
          38          39  0.97694078915236982     
          38          40  0.96818243539765869     
          38          41  0.97742666144352430     
          12          42   1.1080755650191529     
          42          43  0.95868946431422042     
          42          44   1.8820502039389575     
          44          45  0.97587188825612303     
          44          46  0.97951237312448014     
          15          47   1.0321793687476180     
          47          48  0.96834564038855442     
          47          49  0.97685327503852681     
          47          50  0.97734105924406056     
          16          51   1.1085046091540669     
          51          52  0.95875397419326980     
          51          53   1.8816651375248681     
          53          54  0.97588080190780380     
          53          55  0.97952146793052985     
          19          56   1.0286150593742158     
          56          57  0.97386568196914580     
          56          58  0.97321938404541797     
          56          59  0.98060875360390987     
          20          60   1.0286143125308924     
          60          61  0.98066133301190661     
          60          62  0.97366987948726802     
          60          63  0.97344066463328871     
          64          65  0.97160271638551055     
          64          66  0.97147173112571916     
          64          67  0.98225973362702157     
          68          69  0.94195676153825658     
          64          70   1.0312077829197224     
          68          70   1.1872225654992639     
          68          71   1.2613402337846411     
          70          71  0.11268541541800914     
          71          72  0.95541879724418910     
           1          73  0.49364884867301290     
          71          73   1.4857972689316759     
          70          74   1.5614440607872937     
          73          74   1.2502430682450212     
          74          75  0.96059550411592798     
          76          77  0.97168347661832533     
          76          78  0.97135740959050543     
          76          79  0.98222962608994580     
          80          81  0.94199979444953552     
          76          82   1.0312379193610530     
          80          82   1.1871409253424325     
          80          83   1.2612297648026152     
          82          83  0.11270804862520088     
          83          84  0.95542568906314140     
           1          85  0.49356653828057018     
          83          85   1.4857842067531009     
          82          86   1.5614696674888160     
          85          86   1.2502970450001194     
          86          87  0.96059354044835865     
