    0.44087853
   -0.21069652
   -0.20446598
   -0.22764616
   -0.23420403
    0.05041286
   -0.03059084
   -0.02801876
    0.05514358
    0.05622268
   -0.01893741
   -0.03181325
    0.05638820
    0.04965515
   -0.02341686
   -0.03396994
    0.05195101
    0.04789062
   -0.03192054
   -0.03311553
    0.04634824
   -0.07552449
    0.03441565
   -0.06429585
    0.03903727
   -0.07093105
    0.03495492
   -0.07390147
    0.03368674
   -0.09945668
    0.03445345
    0.03916405
    0.03517509
   -0.09852737
    0.03317668
    0.03721134
    0.03447643
   -0.10113571
    0.03492146
    0.03990508
    0.04276296
   -0.02674846
    0.02325672
   -0.09683660
    0.03573220
    0.02306173
   -0.10017880
    0.03417738
    0.03746839
    0.04199618
   -0.02745747
    0.02393977
   -0.09715658
    0.02266460
    0.03445760
   -0.09839396
    0.03518051
    0.03581458
    0.03343320
   -0.09838931
    0.03368604
    0.03589747
    0.03333279
   -0.48039561
    0.32125719
    0.32146820
   -0.11786048
    0.05664685
    0.05657950
    0.06386409
   -0.08419857
    0.17414840
    0.03851096
    0.07260622
    0.06992866
   -0.13145780
   -0.00300706
    0.06730788
