    0.63766270
   -0.21361106
   -0.20764297
   -0.20134160
   -0.20758198
    0.05952235
   -0.02237287
   -0.02266724
    0.06353765
    0.06480206
   -0.01423504
   -0.02348432
    0.06521505
    0.06434684
   -0.01144183
   -0.02250088
    0.07734832
    0.07399529
   -0.02003384
   -0.02075007
    0.06148954
   -0.06715730
    0.04606829
   -0.06434436
    0.04897295
   -0.06237598
    0.04651293
   -0.05515092
    0.05036942
   -0.10203310
    0.04017622
    0.04551023
    0.03869053
   -0.10160366
    0.03746661
    0.04581070
    0.04020042
   -0.10369203
    0.03846900
    0.04683461
    0.04734165
   -0.02567216
    0.02811075
   -0.09257697
    0.04187605
    0.03030095
   -0.10327103
    0.03781155
    0.04892423
    0.04764060
   -0.02536087
    0.02848307
   -0.09259553
    0.04217054
    0.02978506
   -0.10233717
    0.03891811
    0.04897156
    0.04013645
   -0.10151344
    0.04058230
    0.04642900
    0.03709160
   -0.11738597
    0.05789354
    0.05767171
    0.06411445
   -0.08469988
    0.17559351
    0.03906197
    0.08471829
    0.06144581
   -0.18149854
    0.00423780
    0.05732983
   -0.29386647
   -0.16484296
