           1           2  0.57855317424489427     
           1           3  0.57768475232773642     
           1           4  0.57855169412069596     
           1           5  0.57762943237459519     
           2           6   1.2482463719440566     
           6           7   1.1318619720801881     
           7           8   1.5994600690283656     
           2           9   1.2484399795827468     
           8           9   1.1317891194075220     
           3          10   1.2477925419212192     
          10          11   1.1517511425731592     
          11          12   1.5347683839519819     
           3          13   1.2524480807631639     
          12          13   1.1163708640722583     
           4          14   1.2405739263305153     
          14          15   1.1479635330734288     
          15          16   1.5361224612154232     
           4          17   1.2642486244804607     
          16          17   1.1153036716636473     
           5          18   1.2526347072967348     
          18          19   1.1281888236406568     
          19          20   1.6033288481854611     
           5          21   1.2494755533466519     
          20          21   1.1270971055365377     
           6          22   1.3523560153290322     
          21          22   1.3572841507022240     
          22          23  0.96139431737528402     
           9          24   1.3655176802989679     
          10          24   1.3468947733029846     
          24          25  0.95942127083798689     
          13          26   1.3586759821122911     
          14          26   1.3482036937008375     
          26          27  0.95806243848736650     
          17          28   1.3556232595890154     
          18          28   1.3620699387139121     
          28          29  0.95858788178023679     
           8          30   1.0313718115891992     
          30          31  0.97987397841514479     
          30          32  0.97112136442506913     
          30          33  0.97242687064680255     
           7          34   1.0313950496494932     
          34          35  0.97268924883561736     
          34          36  0.97083455089376247     
          34          37  0.97990500331527697     
          11          38   1.0349744087629025     
          38          39  0.97562697726933467     
          38          40  0.96580712176733363     
          38          41  0.97697958330022561     
          12          42   1.1008043082458092     
          42          43  0.95807327518410013     
          42          44   1.8926657438435355     
          44          45  0.97518577713798527     
          44          46  0.97882701446521536     
          15          47   1.0358556520626991     
          47          48  0.97571181231171589     
          47          49  0.96477821468279445     
          47          50  0.97667201843319906     
          16          51   1.1011040667472278     
          51          52  0.95798529559895407     
          51          53   1.8922010275465835     
          53          54  0.97512841721543042     
          53          55  0.97886087751042039     
          19          56   1.0320792310728646     
          56          57  0.97229032920220582     
          56          58  0.97014534275041697     
          56          59  0.97991279501439810     
          20          60   1.0316220394291791     
          60          61  0.97991543716882834     
          60          62  0.97037644379886889     
          60          63  0.97287381885272450     
          64          65  0.97044002732235202     
          64          66  0.97047341881805382     
          64          67  0.98171587287349771     
          68          69  0.94043471366141496     
          64          70   1.0324957005752216     
          68          70   1.1883940683196808     
          68          71   1.2726731767944717     
          70          71  0.11176116220288447     
          71          72  0.95813413258734825     
           1          73  0.32944404996235860     
          71          73   1.5202081009150690     
          70          74   1.5608336961655405     
          73          74   1.2705710438073752     
          74          75  0.96432108692209595     
           1          76  0.67646409719915002     
           1          77   1.1682395950563444     
          76          77   1.1846182254810207     
