           1           2  0.58515155746161163     
           1           3  0.58189259526809067     
           1           4  0.59835102657903760     
           1           5  0.59710794751230711     
           2           6   1.2472398214682219     
           6           7   1.1372672449028176     
           7           8   1.5980675634315906     
           2           9   1.2365076553697050     
           8           9   1.1362102551290514     
           3          10   1.2370013440919274     
          10          11   1.1631566673105882     
          11          12   1.5298688182874645     
           3          13   1.2489175631984142     
          12          13   1.1237939558150019     
           4          14   1.2379982970214969     
          14          15   1.1501199255763785     
          15          16   1.5366758969054530     
           4          17   1.2620827549806375     
          16          17   1.1129257182963617     
           5          18   1.2506559412201501     
          18          19   1.1260573738087023     
          19          20   1.6100996075984395     
           5          21   1.2501334988737751     
          20          21   1.1261329335548402     
           6          22   1.3537631210356555     
          21          22   1.3619687063026056     
          22          23  0.96204763947999117     
           9          24   1.3664644948551954     
          10          24   1.3396267454605046     
          24          25  0.96232079829089012     
          13          26   1.3589545033099950     
          14          26   1.3529850480441779     
          26          27  0.95680993523586588     
          17          28   1.3540110264278347     
          18          28   1.3605367072305035     
          28          29  0.96012483448866981     
           8          30   1.0287110920435747     
          30          31  0.98047188599633761     
          30          32  0.97304011997438811     
          30          33  0.97381093320578205     
           7          34   1.0293547250024329     
          34          35  0.97298999125456964     
          34          36  0.97297045296702145     
          34          37  0.98051550848273905     
          11          38   1.0303962298297336     
          38          39  0.97373914558321384     
          38          40  0.97105191689093173     
          38          41  0.98224570808394163     
          12          42   1.0963482863028469     
          42          43  0.95787873430260262     
          42          44   1.8957094510903185     
          44          45  0.97501492100127507     
          44          46  0.97907141982599055     
          15          47   1.0334250891597503     
          47          48  0.97633832042311519     
          47          49  0.96743447373834968     
          47          50  0.97715520240149756     
          16          51   1.1046796936902252     
          51          52  0.95848813572251668     
          51          53   1.8868447351001671     
          53          54  0.97575461045941458     
          53          55  0.97932528009136233     
          19          56   1.0298616066107598     
          56          57  0.97217738293663625     
          56          58  0.97333668258510508     
          56          59  0.98043524082910061     
          20          60   1.0295383366044333     
          60          61  0.98043437785655718     
          60          62  0.97351507847209429     
          60          63  0.97253486476094086     
           1          64  0.26152942904171339     
          64          65  0.88344276209651296     
          64          66  0.88438930695836282     
          67          68  0.97091712354567361     
          67          69  0.97102734362380216     
          67          70  0.98184780232306079     
          71          72  0.94125235186241407     
          67          73   1.0316973967307481     
          71          73   1.1887833566036590     
          71          74   1.2617170922662699     
          73          74  0.11204247324429677     
          74          75  0.95514261385408727     
           1          76  0.51020068285835818     
          74          76   1.4795007343572135     
          73          77   1.5602586363940001     
          76          77   1.2455842477260086     
          77          78  0.95777777488776439     
