    0.44146163
   -0.23421452
   -0.23285707
   -0.20504236
   -0.20572874
    0.04923017
   -0.03105366
   -0.03420172
    0.04461436
    0.04528356
   -0.02886662
   -0.03322343
    0.05418912
    0.05321037
   -0.01974359
   -0.03093833
    0.05894073
    0.05573272
   -0.02819852
   -0.02865740
    0.05347345
   -0.07002723
    0.03643926
   -0.08004448
    0.03170244
   -0.06971821
    0.04147080
   -0.06579039
    0.03753529
   -0.09796311
    0.03351031
    0.03335014
    0.03446821
   -0.09894370
    0.03630375
    0.03548449
    0.03342338
   -0.09851637
    0.03527771
    0.03396920
    0.03640121
   -0.02689624
    0.02498763
   -0.09626237
    0.03361536
    0.02423429
   -0.10088745
    0.03639186
    0.03752249
    0.04359236
   -0.02689902
    0.02666435
   -0.09743318
    0.03421179
    0.02299890
   -0.09927939
    0.03865291
    0.03575339
    0.03449401
   -0.09897298
    0.03466956
    0.03516044
    0.03704107
   -0.48116397
    0.32143490
    0.32116978
   -0.11800738
    0.05685632
    0.05645909
    0.06399095
   -0.08443218
    0.17420909
    0.03874378
    0.07313509
    0.06918915
   -0.13133894
   -0.00328461
    0.06793628
