           1           2  0.58544657153175006     
           1           3  0.59613763403906461     
           1           4  0.59700705586532887     
           1           5  0.58526693937329433     
           2           6   1.2460121732117138     
           6           7   1.1369167441366861     
           7           8   1.5980185956714426     
           2           9   1.2385652213474760     
           8           9   1.1367573576601027     
           3          10   1.2418314855570367     
          10          11   1.1524452070575013     
          11          12   1.5351344040859103     
           3          13   1.2572761836584669     
          12          13   1.1135515011882811     
           4          14   1.2416875614934315     
          14          15   1.1504825749784156     
          15          16   1.5365250881454859     
           4          17   1.2594394539933820     
          16          17   1.1127306554253140     
           5          18   1.2438443751594612     
          18          19   1.1357839692148046     
          19          20   1.5990743072739486     
           5          21   1.2437364944496836     
          20          21   1.1357594259832984     
           6          22   1.3550377750505773     
          21          22   1.3591364565515660     
          22          23  0.96213831765611946     
           9          24   1.3639893470409583     
          10          24   1.3448404460272751     
          24          25  0.96078534346901079     
          13          26   1.3632081006631886     
          14          26   1.3501283517759366     
          26          27  0.95844352206175976     
          17          28   1.3560771294636094     
          18          28   1.3569961444489405     
          28          29  0.96024424982239398     
           8          30   1.0289562815569573     
          30          31  0.97312960989307329     
          30          32  0.98046436473753518     
          30          33  0.97335091769884319     
           7          34   1.0291493182506306     
          34          35  0.97312966503170684     
          34          36  0.97314515707937210     
          34          37  0.98047480253297514     
          11          38   1.0327188565044971     
          38          39  0.97637630248455709     
          38          40  0.96822620630840206     
          38          41  0.97724690153327498     
          12          42   1.1047692928070474     
          42          43  0.95813732942834706     
          42          44   1.8867891151279170     
          44          45  0.97581872788428670     
          44          46  0.97931466077700335     
          15          47   1.0335908059217493     
          47          48  0.97566027558477275     
          47          49  0.96759209326005269     
          47          50  0.97746423043730424     
          16          51   1.1040959168322675     
          51          52  0.95845370459922985     
          51          53   1.8871542567173891     
          53          54  0.97579611689740275     
          53          55  0.97931822470265262     
          19          56   1.0293901071699325     
          56          57  0.97294795489216723     
          56          58  0.97296320546859594     
          56          59  0.98046895817617907     
          20          60   1.0291323736153126     
          60          61  0.98047489492413054     
          60          62  0.97310405681081003     
          60          63  0.97324819098336124     
           1          64  0.26248260697350811     
          64          65  0.88400067622389478     
          64          66  0.88375995170532184     
          67          68  0.97092565036169398     
          67          69  0.97101064973659879     
          67          70  0.98185584033356854     
          71          72  0.94119477224244064     
          67          73   1.0317384791155504     
          71          73   1.1887440580639745     
          71          74   1.2622515150487612     
          73          74  0.11222666537394654     
          74          75  0.95382940631576540     
           1          76  0.50948691762360632     
          74          76   1.4791119227424412     
          73          77   1.5599749156684946     
          76          77   1.2463003781223463     
          77          78  0.95867086189749928     
