    0.44059750
   -0.23355126
   -0.20939473
   -0.20494107
   -0.22891324
    0.04768071
   -0.03203506
   -0.03304597
    0.04645896
    0.05093970
   -0.02210486
   -0.03047480
    0.05847318
    0.05631741
   -0.01879996
   -0.03184372
    0.05618127
    0.04919528
   -0.03144940
   -0.03163642
    0.04857808
   -0.07456755
    0.03415193
   -0.07476754
    0.03436638
   -0.06353592
    0.03845603
   -0.07168140
    0.03488858
   -0.09843255
    0.03572632
    0.03365801
    0.03375888
   -0.09850281
    0.03509496
    0.03518103
    0.03345471
   -0.10020258
    0.03571273
    0.03485139
    0.04354376
   -0.02646158
    0.02673832
   -0.09729841
    0.03332275
    0.02337870
   -0.10101113
    0.03716721
    0.03768500
    0.04358864
   -0.02681082
    0.02516660
   -0.09743535
    0.03432001
    0.02287885
   -0.09872849
    0.03586213
    0.03587949
    0.03368085
   -0.09849260
    0.03379989
    0.03534968
    0.03461834
   -0.48057123
    0.32130071
    0.32136734
   -0.11792637
    0.05682954
    0.05643604
    0.06392044
   -0.08410734
    0.17430811
    0.03851132
    0.07277145
    0.06983781
   -0.13165607
   -0.00310279
    0.06749702
