    0.39549941
   -0.21064305
   -0.20323615
   -0.20884068
   -0.21620077
    0.04925498
   -0.03251076
   -0.03215714
    0.05137088
    0.05208666
   -0.02605904
   -0.03331486
    0.05724170
    0.05173966
   -0.02302071
   -0.03515871
    0.05254481
    0.04878149
   -0.03302464
   -0.03347962
    0.04847479
   -0.07454934
    0.03107134
   -0.07103265
    0.03190923
   -0.06968896
    0.03798453
   -0.07346333
    0.03111985
   -0.09717122
    0.03190021
    0.03396842
    0.03369355
   -0.09686640
    0.03426603
    0.03198052
    0.03201599
   -0.09789555
    0.03413607
    0.03516057
    0.03529257
   -0.02566226
    0.02336858
   -0.09734440
    0.03097876
    0.02146034
   -0.09911449
    0.03420787
    0.03604734
    0.04044849
   -0.02695907
    0.02073151
   -0.09867814
    0.03308863
    0.01986525
   -0.09677196
    0.03251531
    0.03469881
    0.03179722
   -0.09677423
    0.03395191
    0.03194654
    0.03199660
   -0.11597075
    0.05445503
    0.05417489
    0.06149355
   -0.08656405
    0.17165386
    0.03668072
    0.07492737
    0.06722754
   -0.12582820
   -0.00164938
    0.06437927
   -0.11598099
    0.05412349
    0.05444534
    0.06217010
   -0.08670435
    0.17130507
    0.03693522
    0.07465756
    0.06695534
   -0.12563096
   -0.00124922
    0.06501521
