           1           2  0.58719189883247780     
           1           3  0.58807377554372786     
           1           4  0.58687330051185072     
           1           5  0.58572740734853668     
           2           6   1.2536553223135405     
           6           7   1.1305922020772081     
           7           8   1.6054356597389721     
           2           9   1.2460630445243168     
           8           9   1.1299615636935858     
           3          10   1.2464032228228641     
          10          11   1.1556118865060920     
          11          12   1.5370310316422391     
           3          13   1.2556987756016167     
          12          13   1.1148787344374795     
           4          14   1.2389716742070380     
          14          15   1.1578854376724472     
          15          16   1.5261913343114779     
           4          17   1.2621162599587457     
          16          17   1.1168494294108884     
           5          18   1.2484900828534917     
          18          19   1.1329054509317902     
          19          20   1.6015989621609701     
           5          21   1.2500084077486608     
          20          21   1.1333892808449100     
           6          22   1.3531599506830647     
          21          22   1.3538089279277341     
          22          23  0.96264392419379352     
           9          24   1.3648641321093733     
          10          24   1.3388356252109470     
          24          25  0.96251685712660739     
          13          26   1.3597062408119502     
          14          26   1.3440393634627894     
          26          27  0.95697810884008916     
          17          28   1.3504380391338664     
          18          28   1.3564398333038374     
          28          29  0.96040022479868792     
           8          30   1.0286263036777614     
          30          31  0.98065510756105778     
          30          32  0.97358962293744722     
          30          33  0.97350104848871000     
           7          34   1.0284044044235361     
          34          35  0.97378196102064718     
          34          36  0.97357932820458359     
          34          37  0.98064823653017763     
          11          38   1.0303634666486321     
          38          39  0.97352810500610532     
          38          40  0.97131256522771703     
          38          41  0.98257288862680525     
          12          42   1.0974024145752848     
          42          43  0.95798751675040483     
          42          44   1.8937270303970908     
          44          45  0.97511253141765053     
          44          46  0.97919852050116563     
          15          47   1.0326318797938141     
          47          48  0.97694009594167075     
          47          49  0.96778662284127903     
          47          50  0.97722489675099822     
          16          51   1.1086914167103885     
          51          52  0.95886721047516765     
          51          53   1.8815327927427332     
          53          54  0.97582679538943007     
          53          55  0.97953485948864327     
          19          56   1.0285672853094225     
          56          57  0.97304526099040001     
          56          58  0.97407794103485135     
          56          59  0.98061601434206280     
          20          60   1.0283168450534304     
          60          61  0.97356328606669928     
          60          62  0.98067104639467850     
          60          63  0.97390432564105633     
          64          65  0.97155565814458611     
          64          66  0.97156572618872217     
          64          67  0.98226816880826817     
          68          69  0.94203567064737403     
          64          70   1.0311854769413429     
          68          70   1.1870301315849012     
          68          71   1.2611495259352470     
          70          71  0.11272067624452389     
          71          72  0.95521702329207636     
           1          73  0.49292416371736475     
          71          73   1.4859310577813440     
          70          74   1.5615406594974202     
          73          74   1.2503240240302698     
          74          75  0.96040074354569016     
          76          77  0.97168722255330064     
          76          78  0.97135527563345869     
          76          79  0.98214817471671401     
          80          81  0.94213939831310245     
          76          82   1.0312842800168196     
          80          82   1.1868250437756362     
          80          83   1.2608895658550845     
          82          83  0.11287326248445308     
          83          84  0.95528835984495086     
           1          85  0.49312576452633178     
          83          85   1.4860842953444902     
          82          86   1.5616810263551648     
          85          86   1.2503375340421359     
          86          87  0.96033419438965140     
