           1           2  0.59833189339997572     
           1           3  0.59492601450335703     
           1           4  0.58412483997672837     
           1           5  0.58700353606134514     
           2           6   1.2530010944223273     
           6           7   1.1272641466495856     
           7           8   1.6090544206508541     
           2           9   1.2451090760423722     
           8           9   1.1270243858565705     
           3          10   1.2436837598131354     
          10          11   1.1534953154309298     
          11          12   1.5347844740220780     
           3          13   1.2543854093527138     
          12          13   1.1137225503048813     
           4          14   1.2349569295353400     
          14          15   1.1607497724896820     
          15          16   1.5262938098941754     
           4          17   1.2535091193957435     
          16          17   1.1214059634617286     
           5          18   1.2428751952168757     
          18          19   1.1348708116243256     
          19          20   1.5996165314332511     
           5          21   1.2448049038432003     
          20          21   1.1356613583371071     
           6          22   1.3574536236805657     
          21          22   1.3584000569800581     
          22          23  0.96201539297220950     
           9          24   1.3677336860022895     
          10          24   1.3427598318350227     
          24          25  0.96050224200282752     
          13          26   1.3652981772737565     
          14          26   1.3466815451287930     
          26          27  0.95854646932948628     
          17          28   1.3535211506352010     
          18          28   1.3580764222517994     
          28          29  0.96010305683109665     
           8          30   1.0294221844414420     
          30          31  0.97326063383846106     
          30          32  0.98042021539050450     
          30          33  0.97281118647384512     
           7          34   1.0295903749128625     
          34          35  0.97325341818955957     
          34          36  0.97264893305546352     
          34          37  0.98043560674313002     
          11          38   1.0330320893730940     
          38          39  0.97650334301136443     
          38          40  0.96741517763350005     
          38          41  0.97749363133451217     
          12          42   1.1044346080459702     
          42          43  0.95833738347093600     
          42          44   1.8869966684905095     
          44          45  0.97568472272312012     
          44          46  0.97930635533421484     
          15          47   1.0330182349854959     
          47          48  0.97624780998898375     
          47          49  0.96764367174511257     
          47          50  0.97754346436944350     
          16          51   1.1040465858179245     
          51          52  0.95840889232481719     
          51          53   1.8871828675730165     
          53          54  0.97579036227805371     
          53          55  0.97933879487423647     
          19          56   1.0291646702594357     
          56          57  0.97282013884108054     
          56          58  0.97342188660236206     
          56          59  0.98044349478064052     
          20          60   1.0293797166407428     
          60          61  0.97318765241968030     
          60          62  0.98049628077667006     
          60          63  0.97281819287146964     
           1          64  0.26272980477170682     
          64          65  0.88452741788798694     
          64          66  0.88377497359708612     
          67          68  0.97093980404841451     
          67          69  0.97100928989968993     
          67          70  0.98189354299418063     
          71          72  0.94116667410161181     
          67          73   1.0317583919483047     
          71          73   1.1886427166534577     
          71          74   1.2625732357282424     
          73          74  0.11242311376341017     
          74          75  0.95290816200715889     
           1          76  0.50896574123467420     
          74          76   1.4787498418928318     
          73          77   1.5596189144239831     
          76          77   1.2469341892273589     
          77          78  0.95973903540942684     
