    0.44085999
   -0.23336428
   -0.20408246
   -0.20540408
   -0.23466575
    0.04504181
   -0.03373690
   -0.03116563
    0.04927923
    0.05387023
   -0.01991474
   -0.03082614
    0.05889962
    0.05617980
   -0.01975909
   -0.03096761
    0.05634859
    0.04889628
   -0.03101520
   -0.03404339
    0.04508787
   -0.08001500
    0.03202752
   -0.06940294
    0.03649968
   -0.06524145
    0.03746218
   -0.06972700
    0.03598609
   -0.09891626
    0.03358025
    0.03602051
    0.03576569
   -0.09800525
    0.03319175
    0.03484782
    0.03356393
   -0.10073116
    0.03694144
    0.03570411
    0.04351528
   -0.02670300
    0.02643710
   -0.09733191
    0.03401736
    0.02325750
   -0.10092250
    0.03722953
    0.03728588
    0.04347893
   -0.02652559
    0.02512281
   -0.09725335
    0.03440944
    0.02291763
   -0.09883042
    0.03614555
    0.03626133
    0.03350926
   -0.09795075
    0.03303382
    0.03364220
    0.03474297
   -0.48087047
    0.32136891
    0.32137830
   -0.11804743
    0.05695137
    0.05652006
    0.06414958
   -0.08439997
    0.17418787
    0.03878702
    0.07290264
    0.06952371
   -0.13163306
   -0.00319398
    0.06781632
