    0.39329509
   -0.20969305
   -0.20871227
   -0.20910146
   -0.21026285
    0.04902434
   -0.03348314
   -0.03106995
    0.05160273
    0.05208416
   -0.02230922
   -0.03592066
    0.05232380
    0.04960009
   -0.02498275
   -0.03334548
    0.05510489
    0.05179090
   -0.03073083
   -0.03391054
    0.04888879
   -0.07637048
    0.03000703
   -0.06863706
    0.03327153
   -0.07524901
    0.02959274
   -0.06831333
    0.03309731
   -0.09736104
    0.03211049
    0.03486720
    0.03359313
   -0.09671259
    0.03190953
    0.03376797
    0.03203806
   -0.09900788
    0.03360441
    0.03496352
    0.04097783
   -0.02729329
    0.02230566
   -0.09910121
    0.03186365
    0.02002257
   -0.09839008
    0.03530921
    0.03186363
    0.04035311
   -0.02657390
    0.02280659
   -0.09828482
    0.03282219
    0.02031739
   -0.09731755
    0.03459553
    0.03476392
    0.03201372
   -0.09663292
    0.03214073
    0.03360089
    0.03168938
   -0.11595596
    0.05443852
    0.05427363
    0.06146496
   -0.08630361
    0.17196314
    0.03663826
    0.07528283
    0.06802518
   -0.12583262
   -0.00155884
    0.06485355
   -0.11604445
    0.05460370
    0.05421240
    0.06208000
   -0.08651448
    0.17152415
    0.03688223
    0.07491959
    0.06766549
   -0.12564853
   -0.00122892
    0.06504341
