    0.39331600
   -0.20960471
   -0.20861873
   -0.20914189
   -0.21033967
    0.04894786
   -0.03353120
   -0.03106058
    0.05165000
    0.05216903
   -0.02228176
   -0.03590720
    0.05232489
    0.04961924
   -0.02498388
   -0.03335719
    0.05503394
    0.05179180
   -0.03069935
   -0.03383821
    0.04897538
   -0.07638994
    0.03000840
   -0.06855729
    0.03329581
   -0.07526780
    0.02962334
   -0.06841240
    0.03307836
   -0.09737159
    0.03210499
    0.03492585
    0.03357962
   -0.09670472
    0.03185151
    0.03378218
    0.03203891
   -0.09901644
    0.03360937
    0.03500783
    0.04098835
   -0.02708118
    0.02175080
   -0.09909646
    0.03189780
    0.02005612
   -0.09827311
    0.03274172
    0.03384404
    0.04089384
   -0.02642272
    0.02323369
   -0.09842456
    0.02036905
    0.03209518
   -0.09732364
    0.03404872
    0.03529248
    0.03205197
   -0.09664633
    0.03215203
    0.03355630
    0.03179740
   -0.11595962
    0.05460243
    0.05418557
    0.06144743
   -0.08621200
    0.17202058
    0.03664685
    0.07533054
    0.06822168
   -0.12593445
   -0.00152617
    0.06474145
   -0.11605464
    0.05446977
    0.05430284
    0.06206981
   -0.08653754
    0.17150546
    0.03684146
    0.07484549
    0.06776674
   -0.12556670
   -0.00124709
    0.06488886
