           1           2  0.58940346092287932     
           1           3  0.58831751883061778     
           1           4  0.58630373072200015     
           1           5  0.58786162177946444     
           2           6   1.2529919815776684     
           6           7   1.1308475379572036     
           7           8   1.6053230995305212     
           2           9   1.2464626539463806     
           8           9   1.1297475182116190     
           3          10   1.2443068681604545     
          10          11   1.1575947384653591     
          11          12   1.5278987393951005     
           3          13   1.2556315515565819     
          12          13   1.1154985776169535     
           4          14   1.2393535100494082     
          14          15   1.1576147228592439     
          15          16   1.5278596398212516     
           4          17   1.2623566983463674     
          16          17   1.1171126851780724     
           5          18   1.2507773491203427     
          18          19   1.1308636819205427     
          19          20   1.6038008271764574     
           5          21   1.2496594014782341     
          20          21   1.1317429856617509     
           6          22   1.3505601601691528     
          21          22   1.3534042704302611     
          22          23  0.96273200134190273     
           9          24   1.3663772087878838     
          10          24   1.3405325474609635     
          24          25  0.96082773739191718     
          13          26   1.3587675085938604     
          14          26   1.3413592053253558     
          26          27  0.95898750292776702     
          17          28   1.3522554538864455     
          18          28   1.3582258366315330     
          28          29  0.96032553847121349     
           8          30   1.0288474291100707     
          30          31  0.98061168957806466     
          30          32  0.97328075846246009     
          30          33  0.97352318482482025     
           7          34   1.0282462872722535     
          34          35  0.97401670905387716     
          34          36  0.97352463073286610     
          34          37  0.98062876419550749     
          11          38   1.0324508932532568     
          38          39  0.97642687893733171     
          38          40  0.96826928898710918     
          38          41  0.97764618920893154     
          12          42   1.1074686521939645     
          42          43  0.95854992533896999     
          42          44   1.8824905481705685     
          44          45  0.97597314465569251     
          44          46  0.97950847337806035     
          15          47   1.0319877314027148     
          47          48  0.97678033524121366     
          47          49  0.96857404772135325     
          47          50  0.97753524204843911     
          16          51   1.1067782993708424     
          51          52  0.95861905043312201     
          51          53   1.8837243877199921     
          53          54  0.97947034702741709     
          53          55  0.97589700984331440     
          19          56   1.0290223834999446     
          56          57  0.97320577327026125     
          56          58  0.97334894454072551     
          56          59  0.98061160757288579     
          20          60   1.0281960088020130     
          60          61  0.98063500718696628     
          60          62  0.97373087663338109     
          60          63  0.97389977468773548     
          64          65  0.97134961123039099     
          64          66  0.97174327637395841     
          64          67  0.98227553957044333     
          68          69  0.94189515939303503     
          64          70   1.0312095940097223     
          68          70   1.1869643405825365     
          68          71   1.2625972547200193     
          70          71  0.11257784008797742     
          71          72  0.95433646467828392     
           1          73  0.48947890002785749     
          71          73   1.4875292826442597     
          70          74   1.5616389527882393     
          73          74   1.2511094647275072     
          74          75  0.96021147647837468     
          76          77  0.97148739872641077     
          76          78  0.97149953691817825     
          76          79  0.98215814690926484     
          80          81  0.94206242743566437     
          76          82   1.0313137655361915     
          80          82   1.1867795567694128     
          80          83   1.2616543422787210     
          82          83  0.11275893405744401     
          83          84  0.95456531336379213     
           1          85  0.49027584545425051     
          83          85   1.4872819818208307     
          82          86   1.5617341883992240     
          85          86   1.2510144796744849     
          86          87  0.96016686562566600     
