           1           2  0.57473657279110002     
           1           3  0.57512940442252081     
           1           4  0.57901081310380653     
           1           5  0.57497733175166788     
           2           6   1.2423370182750089     
           6           7   1.1330840639245379     
           7           8   1.6023169205237098     
           2           9   1.2496419328269872     
           8           9   1.1334770619372510     
           3          10   1.2476061598991328     
          10          11   1.1338232778003989     
          11          12   1.6011934216075305     
           3          13   1.2474996005868082     
          12          13   1.1322850741435480     
           4          14   1.2618794524777237     
          14          15   1.1124002664536639     
          15          16   1.5381827482104369     
           4          17   1.2411611049097442     
          16          17   1.1498257813363411     
           5          18   1.2572757301315121     
          18          19   1.1164460855313691     
          19          20   1.5311848420936611     
           5          21   1.2412763270384795     
          20          21   1.1557801201434419     
           6          22   1.3645771829084907     
          21          22   1.3434227300013364     
          22          23  0.96096136798994936     
           9          24   1.3523190838316548     
          10          24   1.3530026786493503     
          24          25  0.96262081601222305     
          13          26   1.3551027032601881     
          14          26   1.3576117549824305     
          26          27  0.96005211093384613     
          17          28   1.3495120344821629     
          18          28   1.3584387478006978     
          28          29  0.95849685991749634     
           7          30   1.0290238927432176     
          30          31  0.97296678684429638     
          30          32  0.97338887566535282     
          30          33  0.98054346434913608     
           8          34   1.0286454645588250     
          34          35  0.97420994756625601     
          34          36  0.97273072108920244     
          34          37  0.98051501029094235     
          20          38   1.0326631947842009     
          38          39  0.96787751696507307     
          38          40  0.97681393404779127     
          38          41  0.97737490829847551     
          19          42   1.1050871912335585     
          42          43  0.95851123823410123     
          42          44   1.8862265404471561     
          44          45  0.97579647208871900     
          44          46  0.97934623524196507     
          16          47   1.0334762124542594     
          47          48  0.96737745801343877     
          47          49  0.97570830574513967     
          47          50  0.97764471496726968     
          15          51   1.1036092536115938     
          51          52  0.95829814705476091     
          51          53   1.8879343268721525     
          53          54  0.97567798433627606     
          53          55  0.97929385221594933     
          12          56   1.0295546054923539     
          56          57  0.97216884831709027     
          56          58  0.97357322111258138     
          56          59  0.98049899308806610     
          11          60   1.0287417622033348     
          60          61  0.97332427168882596     
          60          62  0.98054032867492957     
          60          63  0.97360624386559802     
          64          65  0.97112935251121524     
          64          66  0.97098785359532958     
          64          67  0.98190483592383149     
          68          69  0.94137573910765848     
          64          70   1.0316784578710443     
          68          70   1.1881332405574430     
          68          71   1.2620176041517619     
          70          71  0.11237331445713367     
          71          72  0.95441941641233408     
           1          73  0.49545229929807727     
          71          73   1.4813940486253678     
          70          74   1.5603056453521278     
          73          74   1.2468841980497971     
          74          75  0.95949562390387488     
          76          77  0.98030009392543938     
          76          78  0.98635071164873300     
          76          79  0.97841339221706392     
          76          80   1.0261550384599105     
          80          81  0.97323410030229351     
          80          82  0.96861253704494721     
           1          83  0.39806780917873186     
          80          83  0.96189915025909134     
          83          84  0.99594735878997165     
          84          85  0.98090005427577709     
          84          86  0.97763152866396186     
          84          87  0.97508410914802690     
