    0.43041987
   -0.22997158
   -0.22460300
   -0.21182856
   -0.21753344
    0.05083884
   -0.03266996
   -0.03410823
    0.04880810
    0.05060546
   -0.03289382
   -0.03076741
    0.05217278
    0.05870338
   -0.03044351
   -0.01978346
    0.05598413
    0.05644699
   -0.03305921
   -0.02337352
    0.05229697
   -0.07139671
    0.03269738
   -0.07758680
    0.02993362
   -0.06851535
    0.03498156
   -0.06780894
    0.03533148
   -0.09757303
    0.03419706
    0.03461146
    0.03275989
   -0.09680758
    0.03407496
    0.03264287
    0.03259042
   -0.09941426
    0.03606056
    0.03382951
    0.04190720
   -0.02684670
    0.02364179
   -0.09671057
    0.03404401
    0.02286937
   -0.10025319
    0.03997802
    0.03405130
    0.04227399
   -0.02625251
    0.02392579
   -0.09651369
    0.03581360
    0.02288351
   -0.09831723
    0.03697638
    0.03487667
    0.03326380
   -0.09716180
    0.03481228
    0.03322216
    0.03236391
   -0.11726124
    0.05599554
    0.05622227
    0.06355339
   -0.08525880
    0.17365498
    0.03825726
    0.07437054
    0.06865230
   -0.12979102
   -0.00183870
    0.06662870
   -0.10819719
    0.04523297
    0.04889249
    0.05810579
   -0.02083741
    0.05023461
    0.05659649
   -0.05947117
   -0.07253360
    0.05890383
    0.06344903
    0.07174188
