    0.44065297
   -0.23382750
   -0.20966965
   -0.20463204
   -0.22873246
    0.04771974
   -0.03203650
   -0.03311923
    0.04626263
    0.05078473
   -0.02217271
   -0.03047808
    0.05845967
    0.05635157
   -0.01877311
   -0.03178619
    0.05634048
    0.04936886
   -0.03138954
   -0.03165428
    0.04851653
   -0.07457965
    0.03414551
   -0.07501226
    0.03428583
   -0.06352642
    0.03847522
   -0.07143830
    0.03497070
   -0.09841253
    0.03364636
    0.03374315
    0.03564927
   -0.09850017
    0.03509717
    0.03517077
    0.03343767
   -0.10019831
    0.03565228
    0.03485190
    0.04350243
   -0.02645386
    0.02676259
   -0.09726811
    0.03330667
    0.02339442
   -0.10102121
    0.03718893
    0.03769034
    0.04360129
   -0.02679517
    0.02522972
   -0.09743722
    0.03431513
    0.02289151
   -0.09874804
    0.03594477
    0.03588134
    0.03369015
   -0.09849233
    0.03381408
    0.03534517
    0.03461628
   -0.48057852
    0.32134625
    0.32133592
   -0.11792831
    0.05680168
    0.05646386
    0.06392353
   -0.08412033
    0.17430088
    0.03851707
    0.07275051
    0.06982101
   -0.13163779
   -0.00311720
    0.06751851
