           1           2  0.58531083374509096     
           1           3  0.59598435957161222     
           1           4  0.59705676321033563     
           1           5  0.58532233660703292     
           2           6   1.2459917048960403     
           6           7   1.1370139483035309     
           7           8   1.5979043647225657     
           2           9   1.2384725572193345     
           8           9   1.1368601199297101     
           3          10   1.2417741484751765     
          10          11   1.1524483943501893     
          11          12   1.5352644733942828     
           3          13   1.2572011831479186     
          12          13   1.1136497236108807     
           4          14   1.2417988252088896     
          14          15   1.1503087067042177     
          15          16   1.5367400953640251     
           4          17   1.2595457992783554     
          16          17   1.1126006037201945     
           5          18   1.2439177870509832     
          18          19   1.1357313290865112     
          19          20   1.5991402460612281     
           5          21   1.2437317261697238     
          20          21   1.1356987568941403     
           6          22   1.3550136438789635     
          21          22   1.3591550790258222     
          22          23  0.96213657803023933     
           9          24   1.3639124754301126     
          10          24   1.3448708389900659     
          24          25  0.96082303575044781     
          13          26   1.3631619187658641     
          14          26   1.3501877099864577     
          26          27  0.95847909880180460     
          17          28   1.3561132599641164     
          18          28   1.3570083667517869     
          28          29  0.96025054926199815     
           8          30   1.0289421535542602     
          30          31  0.98046438061881436     
          30          32  0.97330721640259732     
          30          33  0.97319107755416201     
           7          34   1.0291477438535113     
          34          35  0.97315998373747770     
          34          36  0.97311375830934621     
          34          37  0.98047613584394033     
          11          38   1.0326953906634346     
          38          39  0.97634480425771208     
          38          40  0.96825855369115466     
          38          41  0.97730811307819776     
          12          42   1.1044931194808014     
          42          43  0.95812531626606812     
          42          44   1.8870819586669036     
          44          45  0.97582343826080431     
          44          46  0.97930798484076709     
          15          47   1.0335877029467486     
          47          48  0.97564208891067883     
          47          49  0.96760624575388288     
          47          50  0.97748533877583665     
          16          51   1.1040321978164800     
          51          52  0.95845051193572595     
          51          53   1.8872291664418783     
          53          54  0.97579459308005734     
          53          55  0.97931670826435169     
          19          56   1.0294017012768144     
          56          57  0.97294991067856829     
          56          58  0.97294874108745888     
          56          59  0.98046939018307899     
          20          60   1.0291291476492610     
          60          61  0.98047361829856705     
          60          62  0.97315693317776142     
          60          63  0.97320034697177038     
           1          64  0.26250012907648634     
          64          65  0.88389692233226835     
          64          66  0.88383439046960799     
          67          68  0.97097481197235946     
          67          69  0.97096477299713846     
          67          70  0.98185489840388107     
          71          72  0.94119830022020734     
          67          73   1.0317353448085951     
          71          73   1.1887499442194822     
          71          74   1.2622126686089952     
          73          74  0.11222230160770789     
          74          75  0.95386358485044709     
           1          76  0.50965497458962794     
          74          76   1.4790712580560255     
          73          77   1.5599862477973250     
          76          77   1.2462499555801831     
          77          78  0.95862059551623235     
