           1           2  0.58701223921113321     
           1           3  0.58543548492059272     
           1           4  0.59572218184282022     
           1           5  0.59700903873681910     
           2           6   1.2477411222402826     
           6           7   1.1354517605913717     
           7           8   1.6002968014997512     
           2           9   1.2386348103937543     
           8           9   1.1343575871083482     
           3          10   1.2368609620531998     
          10          11   1.1601772666454446     
          11          12   1.5273169684841805     
           3          13   1.2506260320276705     
          12          13   1.1207175556513340     
           4          14   1.2393800271051858     
          14          15   1.1523525565770449     
          15          16   1.5342226750237191     
           4          17   1.2602104149233688     
          16          17   1.1147904097300119     
           5          18   1.2493419188849524     
          18          19   1.1280747520825107     
          19          20   1.6076857458926075     
           5          21   1.2492653252723205     
          20          21   1.1280713082906193     
           6          22   1.3550894367454673     
          21          22   1.3607474560254478     
          22          23  0.96202125346357636     
           9          24   1.3656910336838499     
          10          24   1.3419925718707477     
          24          25  0.96071591665736555     
          13          26   1.3624900545538612     
          14          26   1.3496672970844525     
          26          27  0.95859869409570564     
          17          28   1.3541368006730401     
          18          28   1.3598315978076505     
          28          29  0.96008404289628146     
           8          30   1.0289975911653293     
          30          31  0.98043898553083353     
          30          32  0.97351283432907509     
          30          33  0.97296084093466484     
           7          34   1.0293830723063291     
          34          35  0.97298617240129603     
          34          36  0.97298014468864025     
          34          37  0.98048367930841440     
          11          38   1.0325751002674011     
          38          39  0.96794035243334864     
          38          40  0.97658186122670676     
          38          41  0.97739870836440434     
          12          42   1.1044249529977157     
          42          43  0.95833916889450343     
          42          44   1.8869618910981873     
          44          45  0.97576208129707898     
          44          46  0.97932835661115192     
          15          47   1.0332333649252776     
          47          48  0.96781299060970394     
          47          49  0.97598567879931375     
          47          50  0.97746073935454225     
          16          51   1.1041694048188735     
          51          52  0.95829831147099487     
          51          53   1.8871248758787955     
          53          54  0.97581361471904893     
          53          55  0.97931336033826333     
          19          56   1.0296199368249968     
          56          57  0.97331156852129619     
          56          58  0.97246972817986743     
          56          59  0.98042455702144404     
          20          60   1.0295278746318937     
          60          61  0.97331757238089456     
          60          62  0.98043174413913170     
          60          63  0.97268888264623499     
          64          65  0.97084581133874492     
          64          66  0.97113936660500277     
          64          67  0.98195518251190261     
          68          69  0.94108142554654961     
          64          70   1.0317133091706954     
          68          70   1.1887384280999058     
          68          71   1.2632006168702252     
          70          71  0.11225214245500356     
          71          72  0.95272398976655559     
           1          73  0.50856946631373678     
          71          73   1.4788417841597581     
          70          74   1.5595392604972496     
          73          74   1.2469499649223590     
          74          75  0.95977628742944121     
           1          76  0.26222264894462455     
          76          77  0.88419141412732338     
          76          78  0.88395351505004771     
