    0.44037682
   -0.22819849
   -0.22721060
   -0.21017666
   -0.21095148
    0.04976147
   -0.03048820
   -0.03280939
    0.04782923
    0.04839624
   -0.02426791
   -0.03292856
    0.05319163
    0.05307842
   -0.02054043
   -0.03209146
    0.05618230
    0.05307074
   -0.02936926
   -0.02920904
    0.05270595
   -0.07020327
    0.03649695
   -0.07628695
    0.03276414
   -0.06904718
    0.03596344
   -0.06908081
    0.03666727
   -0.09828234
    0.03364978
    0.03426761
    0.03505697
   -0.09898521
    0.03589221
    0.03580326
    0.03372500
   -0.10000160
    0.03627229
    0.03364628
    0.04189799
   -0.02735130
    0.02439536
   -0.09683196
    0.03422332
    0.02290817
   -0.10039947
    0.03683238
    0.03601822
    0.04347997
   -0.02711630
    0.02663233
   -0.09784676
    0.03345962
    0.02295076
   -0.09896956
    0.03417532
    0.03889101
    0.03449505
   -0.09896809
    0.03504218
    0.03450091
    0.03732598
   -0.11769791
    0.05688079
    0.05632850
    0.06336123
   -0.08365167
    0.17458959
    0.03821870
    0.07288383
    0.07047699
   -0.13174260
   -0.00295189
    0.06699031
   -0.48061711
    0.32125656
    0.32126041
