           1           2  0.57387207150214170     
           1           3  0.57758651163132924     
           1           4  0.57576218342449426     
           1           5  0.57600429031779410     
           2           6   1.2430890668957633     
           6           7   1.1305116279622709     
           7           8   1.6045033130554951     
           2           9   1.2527835159436533     
           8           9   1.1316045922461417     
           3          10   1.2501442411248938     
          10          11   1.1290992421941739     
          11          12   1.6071284842229681     
           3          13   1.2489925600224423     
          12          13   1.1284446059935245     
           4          14   1.2611322069081694     
          14          15   1.1184911475392314     
          15          16   1.5313473241121840     
           4          17   1.2370973102217369     
          16          17   1.1556493654074484     
           5          18   1.2542998052767289     
          18          19   1.1161169048674890     
          19          20   1.5295421428744609     
           5          21   1.2422757383863980     
          20          21   1.1579838569166758     
           6          22   1.3662419091310547     
          21          22   1.3411275315147584     
          22          23  0.96092227831506816     
           9          24   1.3526464672977592     
          10          24   1.3582211496702103     
          24          25  0.96224359060661624     
          13          26   1.3606489013153906     
          14          26   1.3476340972750804     
          26          27  0.96052649924837519     
          17          28   1.3442489595867684     
          18          28   1.3614323480346717     
          28          29  0.95881800173226428     
           7          30   1.0291626154766058     
          30          31  0.97369172220487399     
          30          32  0.97273363234501620     
          30          33  0.98051203640092921     
           8          34   1.0292597462542130     
          34          35  0.97319244092323320     
          34          36  0.97304867004778683     
          34          37  0.98054478732451555     
          20          38   1.0327137538520232     
          38          39  0.96783207959393081     
          38          40  0.97656757557979401     
          38          41  0.97747695804237089     
          19          42   1.1056466804623049     
          42          43  0.95827185337896081     
          42          44   1.8852984497135523     
          44          45  0.97587430075756565     
          44          46  0.97940317865057303     
          16          47   1.0325901738944612     
          47          48  0.96817925653944070     
          47          49  0.97600882803509126     
          47          50  0.97784113248582616     
          15          51   1.1029500272888562     
          51          52  0.95869168347549305     
          51          53   1.8882491351619897     
          53          54  0.97580100506707268     
          53          55  0.97931446795863797     
          12          56   1.0296151836971694     
          56          57  0.97247541934239634     
          56          58  0.97335271744931240     
          56          59  0.98050199802963212     
          11          60   1.0293197807666026     
          60          61  0.98051114833148789     
          60          62  0.97299325381265112     
          60          63  0.97323870770238119     
          64          65  0.97116738543190406     
          64          66  0.97092496678638052     
          64          67  0.98192717149820052     
          68          69  0.94129699502417707     
          64          70   1.0317119142618587     
          68          70   1.1883433008786117     
          68          71   1.2631417217306136     
          70          71  0.11250191014381075     
          71          72  0.95473785464895800     
           1          73  0.49485544051702429     
          71          73   1.4804800777183864     
          70          74   1.5594128749846350     
          73          74   1.2480877859921300     
          74          75  0.95987487919765391     
          76          77  0.98017973948763426     
          76          78  0.97690018965778413     
          76          79  0.98636871191969366     
          76          80   1.0260572348316452     
          80          81  0.96981035041695052     
          80          82  0.97327524747199745     
           1          83  0.40146913669307976     
          80          83  0.96123552791393219     
          83          84  0.99506664067328365     
          84          85  0.97890179586815129     
          84          86  0.98121816794991101     
          84          87  0.97422420667575060     
