    0.44057185
   -0.20972702
   -0.21139938
   -0.22810627
   -0.22733582
    0.05312837
   -0.02880693
   -0.02971202
    0.05295921
    0.05305853
   -0.02141098
   -0.03185930
    0.05526756
    0.04978258
   -0.02243320
   -0.03483969
    0.05158249
    0.04786972
   -0.03241313
   -0.03043733
    0.05042759
   -0.06941910
    0.03675113
   -0.06933942
    0.03705729
   -0.06983615
    0.03566531
   -0.07612151
    0.03258408
   -0.09896274
    0.03457906
    0.03900056
    0.03309886
   -0.09905310
    0.03510932
    0.03767055
    0.03439282
   -0.10065620
    0.03288234
    0.04000286
    0.04214364
   -0.02688436
    0.02367217
   -0.09677744
    0.03574857
    0.02314426
   -0.10025945
    0.03469510
    0.03737668
    0.04212314
   -0.02770837
    0.02348318
   -0.09725952
    0.03433591
    0.02259700
   -0.09824165
    0.03492028
    0.03528758
    0.03365894
   -0.09898991
    0.03573765
    0.03389794
    0.03599608
   -0.48041779
    0.32123851
    0.32144377
   -0.11776309
    0.05640558
    0.05670591
    0.06369256
   -0.08387413
    0.17432775
    0.03829440
    0.07265559
    0.07002287
   -0.13139021
   -0.00288560
    0.06727367
