           1           2  0.58242459159807747     
           1           3  0.56747317000760600     
           1           4  0.56652507255715678     
           1           5  0.58239002936141615     
           2           6   1.2565922933162317     
           6           7   1.1262210727348945     
           7           8   1.6104506700189662     
           2           9   1.2443703309386465     
           8           9   1.1256882359123330     
           3          10   1.2344340783629519     
          10          11   1.1627362400504782     
          11          12   1.5263464256449535     
           3          13   1.2471947619683301     
          12          13   1.1241133635065541     
           4          14   1.2318761790941075     
          14          15   1.1592355056011843     
          15          16   1.5292406512003147     
           4          17   1.2535288777156390     
          16          17   1.1234869818945543     
           5          18   1.2502069868941981     
          18          19   1.1233719345316686     
          19          20   1.6130870740446794     
           5          21   1.2519424607397760     
          20          21   1.1237039786594107     
           6          22   1.3564581874022474     
          21          22   1.3638181426603337     
          22          23  0.96149484708625210     
           9          24   1.3700441915044383     
          10          24   1.3420060769884943     
          24          25  0.96043189982943133     
          13          26   1.3614153339179875     
          14          26   1.3502189336830008     
          26          27  0.95848473610766682     
          17          28   1.3540455003374425     
          18          28   1.3650257601333085     
          28          29  0.95970532961446930     
           8          30   1.0300927561726323     
          30          31  0.98023402977550611     
          30          32  0.97255495511608292     
          30          33  0.97263557108913701     
           7          34   1.0305691647483952     
          34          35  0.97281510093273915     
          34          36  0.97170680059084946     
          34          37  0.98026827988723686     
          11          38   1.0332976543331789     
          38          39  0.96741232244607389     
          38          40  0.97603728086349129     
          38          41  0.97730496149157053     
          12          42   1.1019702887563740     
          42          43  0.95825982260447029     
          42          44   1.8900153599758251     
          44          45  0.97570248718031904     
          44          46  0.97918877535606175     
          15          47   1.0335306973179448     
          47          48  0.96717917969116662     
          47          49  0.97597938532196282     
          47          50  0.97728389475812105     
          16          51   1.1012287934233138     
          51          52  0.95840541200623253     
          51          53   1.8911991396211945     
          53          54  0.97553666368562530     
          53          55  0.97909743402889604     
          19          56   1.0307003796038914     
          56          57  0.97193040553383836     
          56          58  0.97248059631838424     
          56          59  0.98019355828828214     
          20          60   1.0307157580388662     
          60          61  0.98023493065686018     
          60          62  0.97197894658198603     
          60          63  0.97249358956098575     
           1          64  0.27448197715649314     
          64          65  0.87995393168172087     
          64          66  0.88014821385426190     
          67          68  0.98098811433434530     
          67          69  0.97869814118154297     
          67          70  0.97448841176675216     
           1          71  0.43963569928970148     
          67          71  0.99309309019775038     
          71          72  0.94185755856142495     
