    0.39517084
   -0.21572603
   -0.20971492
   -0.20352200
   -0.20987270
    0.04862523
   -0.03308593
   -0.03344467
    0.04860025
    0.04972669
   -0.02406220
   -0.03439977
    0.05475830
    0.05239512
   -0.02590246
   -0.03322644
    0.05726353
    0.05122823
   -0.03157473
   -0.03308387
    0.04918290
   -0.07429023
    0.03120304
   -0.07402335
    0.03098239
   -0.07026433
    0.03168437
   -0.07023267
    0.03821154
   -0.09677071
    0.03426074
    0.03188938
    0.03186037
   -0.09687012
    0.03233799
    0.03410417
    0.03181011
   -0.09856210
    0.03548283
    0.03124261
    0.04040976
   -0.02696320
    0.02283347
   -0.09859259
    0.03244151
    0.02020813
   -0.09783316
    0.03485235
    0.03534196
    0.03529863
   -0.02536918
    0.02357841
   -0.09728472
    0.03009472
    0.02129488
   -0.09744359
    0.03467081
    0.03482732
    0.03199395
   -0.09685185
    0.03148078
    0.03224913
    0.03434249
   -0.11596908
    0.05443037
    0.05404248
    0.06202302
   -0.08671011
    0.17139610
    0.03684955
    0.07469907
    0.06689898
   -0.12541346
   -0.00140977
    0.06510885
   -0.11608442
    0.05432242
    0.05424199
    0.06213670
   -0.08671859
    0.17135387
    0.03683224
    0.07459694
    0.06695856
   -0.12573354
   -0.00150139
    0.06467781
