           1           2  0.57993672064030988     
           1           3  0.57660842972740900     
           1           4  0.57425265600794750     
           1           5  0.57679410572645340     
           2           6   1.2465908061235387     
           6           7   1.1265476638326204     
           7           8   1.6097224735947533     
           2           9   1.2531853294831414     
           8           9   1.1273601847113446     
           3          10   1.2471786256705424     
          10          11   1.1323096290899168     
          11          12   1.6012877162915460     
           3          13   1.2475165306078293     
          12          13   1.1327757019477993     
           4          14   1.2596246810947656     
          14          15   1.1181500001689824     
          15          16   1.5301260795731904     
           4          17   1.2364619482038592     
          16          17   1.1573283787708182     
           5          18   1.2510518062105824     
          18          19   1.1164861553340695     
          19          20   1.5376439435971330     
           5          21   1.2470887645542614     
          20          21   1.1560606239094688     
           6          22   1.3700435698627715     
          21          22   1.3401177641557487     
          22          23  0.96204213100736491     
           9          24   1.3564208209824462     
          10          24   1.3530645962780239     
          24          25  0.96229029866869653     
          13          26   1.3571469033960080     
          14          26   1.3520217484368009     
          26          27  0.96015999107539263     
          17          28   1.3442164998064532     
          18          28   1.3604529033036543     
          28          29  0.95685073723316105     
           7          30   1.0296431652481723     
          30          31  0.97326427346466859     
          30          32  0.97257187178287086     
          30          33  0.98049322584703347     
           8          34   1.0292068668302190     
          34          35  0.97311751005195435     
          34          36  0.97325167688609848     
          34          37  0.98048468081849927     
          20          38   1.0312020898553298     
          38          39  0.97031133355175692     
          38          40  0.97345749257947478     
          38          41  0.98241105212050073     
          19          42   1.0951252488590082     
          42          43  0.95781999999140410     
          42          44   1.8964421667092028     
          44          45  0.97906762157466443     
          44          46  0.97514228917637880     
          16          47   1.0327823225853567     
          47          48  0.96784196341248174     
          47          49  0.97610496717650164     
          47          50  0.97746666910710456     
          15          51   1.1045317656550191     
          51          52  0.95833270691144701     
          51          53   1.8866083718273290     
          53          54  0.97582192694476122     
          53          55  0.97937788641177881     
          12          56   1.0294048437135759     
          56          57  0.97290412993725883     
          56          58  0.97311795667471457     
          56          59  0.98050086972349781     
          11          60   1.0289003399482064     
          60          61  0.98050245476664422     
          60          62  0.97338946966143391     
          60          63  0.97319168897914532     
          64          65  0.97109650556317795     
          64          66  0.97110898555779079     
          64          67  0.98194752496580762     
          68          69  0.94137037201253615     
          64          70   1.0316497445530348     
          68          70   1.1881160910749808     
          68          71   1.2629265346588519     
          70          71  0.11256394387298453     
          71          72  0.95384215763138824     
           1          73  0.49514421198655101     
          71          73   1.4806906120723951     
          70          74   1.5597581432338530     
          73          74   1.2478062479016609     
          74          75  0.95902067068375629     
          76          77  0.98022905563461493     
          76          78  0.97891103614536945     
          76          79  0.98645679652385798     
          76          80   1.0264006553064844     
          80          81  0.96828988182481157     
          80          82  0.97311671467826322     
           1          83  0.39055380079780844     
          80          83  0.96252586962650188     
          83          84  0.99642526731759196     
          84          85  0.97752576266997226     
          84          86  0.98072339445716228     
          84          87  0.97518503102135379     
