    0.44063198
   -0.23366031
   -0.23278870
   -0.20490649
   -0.20589579
    0.04908223
   -0.03102626
   -0.03400232
    0.04508904
    0.04552496
   -0.02560671
   -0.03357188
    0.05247981
    0.05381899
   -0.01994536
   -0.03081644
    0.05897945
    0.05585638
   -0.02812085
   -0.02866342
    0.05336945
   -0.07024119
    0.03652528
   -0.07953505
    0.03182197
   -0.06905273
    0.03600030
   -0.06573095
    0.03760406
   -0.09795334
    0.03449070
    0.03360207
    0.03342755
   -0.09894864
    0.03623992
    0.03557930
    0.03350398
   -0.09964826
    0.03365907
    0.03465295
    0.04202469
   -0.02744341
    0.02482876
   -0.09697284
    0.03344122
    0.02302493
   -0.10052070
    0.03566499
    0.03741029
    0.04349517
   -0.02678461
    0.02676929
   -0.09733888
    0.03411089
    0.02316424
   -0.09930644
    0.03872890
    0.03580644
    0.03457922
   -0.09900924
    0.03475842
    0.03532362
    0.03693359
   -0.48073707
    0.32134092
    0.32125401
   -0.11803794
    0.05684368
    0.05659740
    0.06403204
   -0.08433180
    0.17430307
    0.03873194
    0.07304793
    0.06960369
   -0.13168029
   -0.00323319
    0.06775232
