           1           2  0.58535225060073082     
           1           3  0.58397715431178532     
           1           4  0.59628786381333332     
           1           5  0.59779424529006830     
           2           6   1.2471750201717968     
           6           7   1.1373349707131701     
           7           8   1.5979681933951726     
           2           9   1.2373154240503563     
           8           9   1.1363121063183277     
           3          10   1.2350845731748601     
          10          11   1.1625813219542969     
          11          12   1.5245799205629171     
           3          13   1.2503793665809877     
          12          13   1.1226738704717725     
           4          14   1.2398660874580376     
          14          15   1.1499554772357350     
          15          16   1.5372815106079645     
           4          17   1.2618339986255254     
          16          17   1.1129013513363826     
           5          18   1.2507616128765366     
          18          19   1.1260508894348791     
          19          20   1.6100204819416071     
           5          21   1.2496978838545711     
          20          21   1.1262505058109529     
           6          22   1.3536126252994023     
          21          22   1.3622857661760093     
          22          23  0.96201320212754782     
           9          24   1.3652361542839049     
          10          24   1.3414499512408373     
          24          25  0.96078766561172768     
          13          26   1.3604921301705590     
          14          26   1.3517300045787306     
          26          27  0.95856971596109530     
          17          28   1.3544034954820130     
          18          28   1.3603152280869317     
          28          29  0.96002564621245545     
           8          30   1.0287496376872591     
          30          31  0.97342969264794121     
          30          32  0.98044495528409392     
          30          33  0.97334685018532974     
           7          34   1.0293669080408687     
          34          35  0.97281275966996339     
          34          36  0.97314456447418107     
          34          37  0.98049176819371209     
          11          38   1.0322759675436997     
          38          39  0.97671750938782831     
          38          40  0.96823800641161384     
          38          41  0.97732422260700447     
          12          42   1.1047916970901805     
          42          43  0.95835606528851902     
          42          44   1.8865541366794374     
          44          45  0.97579796887330594     
          44          46  0.97933199176938590     
          15          47   1.0332911093291890     
          47          48  0.97595089567543836     
          47          49  0.96774945151684688     
          47          50  0.97748886755515663     
          16          51   1.1036684662625060     
          51          52  0.95824796815605562     
          51          53   1.8878382030433434     
          53          54  0.97578262003182969     
          53          55  0.97929272888926577     
          19          56   1.0298942049937212     
          56          57  0.97248473394842883     
          56          58  0.97295929825739325     
          56          59  0.98042204842347458     
          20          60   1.0295437049200507     
          60          61  0.98042492319701735     
          60          62  0.97317089193607997     
          60          63  0.97284339347139448     
           1          64  0.26218439911793251     
          64          65  0.88383797682197818     
          64          66  0.88414076983118894     
          67          68  0.97106637888098801     
          67          69  0.97084930531765212     
          67          70  0.98183709889349002     
          71          72  0.94121277752385180     
          67          73   1.0317170068564501     
          71          73   1.1887680095028341     
          71          74   1.2621261169062492     
          73          74  0.11199396306453951     
          74          75  0.95479470781219156     
           1          76  0.50915976468680291     
          74          76   1.4799515893152233     
          73          77   1.5603072644282074     
          76          77   1.2458226364079830     
          77          78  0.95767974636053843     
