           1           2  0.58283941146960594     
           1           3  0.57367330167294150     
           1           4  0.56626600944227423     
           1           5  0.57650742360210894     
           2           6   1.2541353371994455     
           6           7   1.1265374046820640     
           7           8   1.6102670962500700     
           2           9   1.2469117726629904     
           8           9   1.1257034224907305     
           3          10   1.2410017493610228     
          10          11   1.1539400959636081     
          11          12   1.5356576654438658     
           3          13   1.2509209000791084     
          12          13   1.1167254903053900     
           4          14   1.2339354568932259     
          14          15   1.1596524548461480     
          15          16   1.5287484207839266     
           4          17   1.2512175814679709     
          16          17   1.1231894399584637     
           5          18   1.2463830948834500     
          18          19   1.1312772273013025     
          19          20   1.6042730694863740     
           5          21   1.2461588830214856     
          20          21   1.1316668962905228     
           6          22   1.3572246336746114     
          21          22   1.3591095122343670     
          22          23  0.96178834795562751     
           9          24   1.3691655833712046     
          10          24   1.3471967675280352     
          24          25  0.96017468693961316     
          13          26   1.3653960669501206     
          14          26   1.3492290309263586     
          26          27  0.95834819817768779     
          17          28   1.3556831308960613     
          18          28   1.3607812399301427     
          28          29  0.96005262530622237     
           8          30   1.0303787968482605     
          30          31  0.98023796949497477     
          30          32  0.97177202047979505     
          30          33  0.97303943621026534     
           7          34   1.0302309429167655     
          34          35  0.97278225969108845     
          34          36  0.97219713078963688     
          34          37  0.98028310236816818     
          11          38   1.0340014676885465     
          38          39  0.96685313512557514     
          38          40  0.97576641801457809     
          38          41  0.97727593168028715     
          12          42   1.1016874571513775     
          42          43  0.95838281540256876     
          42          44   1.8905392324410777     
          44          45  0.97555242400650655     
          44          46  0.97912166476961904     
          15          47   1.0338172580491458     
          47          48  0.97545614606132547     
          47          49  0.96727441791403046     
          47          50  0.97724858483669941     
          16          51   1.1015225760937657     
          51          52  0.95851819886675527     
          51          53   1.8906684164627228     
          53          54  0.97562437140143221     
          53          55  0.97915068831327989     
          19          56   1.0301140107325397     
          56          57  0.97271442411111797     
          56          58  0.97230506489044566     
          56          59  0.98025815090318247     
          20          60   1.0301062010648558     
          60          61  0.98029813058812076     
          60          62  0.97237199375985339     
          60          63  0.97266650276179178     
           1          64  0.27409614450739739     
          64          65  0.88003477558535947     
          64          66  0.88025990643554719     
          67          68  0.97863201369470532     
          67          69  0.98108133336616699     
          67          70  0.97420348007582835     
           1          71  0.44091632084196425     
          67          71  0.99301642721005490     
          71          72  0.94239686811726764     
