           1           2  0.58992754245360479     
           1           3  0.58941869294207716     
           1           4  0.58518391304415918     
           1           5  0.58671022150448571     
           2           6   1.2555668556331929     
           6           7   1.1286433698950993     
           7           8   1.6074751197928958     
           2           9   1.2459381168530532     
           8           9   1.1284132457571197     
           3          10   1.2460593082218487     
          10          11   1.1551053737322010     
          11          12   1.5384746634795847     
           3          13   1.2557997728402179     
          12          13   1.1144372183127240     
           4          14   1.2388192962483244     
          14          15   1.1607875609027360     
          15          16   1.5227348639241118     
           4          17   1.2601125635508781     
          16          17   1.1190953344369501     
           5          18   1.2475566790489150     
          18          19   1.1329683848508465     
          19          20   1.6017873556929196     
           5          21   1.2510312562711143     
          20          21   1.1329285492963910     
           6          22   1.3551393103477278     
          21          22   1.3553546816281068     
          22          23  0.96245012268248575     
           9          24   1.3638810175296003     
          10          24   1.3369687857885504     
          24          25  0.96262312727503263     
          13          26   1.3626690552745335     
          14          26   1.3435404269525326     
          26          27  0.95689620026895295     
          17          28   1.3477831558792994     
          18          28   1.3547436339392365     
          28          29  0.96049387883093151     
           8          30   1.0284666814056878     
          30          31  0.98064106527038086     
          30          32  0.97351662976627684     
          30          33  0.97378979425487611     
           7          34   1.0288319076282850     
          34          35  0.97349880695646229     
          34          36  0.97334868790969264     
          34          37  0.98063928509260867     
          11          38   1.0301928562858034     
          38          39  0.97396590410591855     
          38          40  0.97117659613722063     
          38          41  0.98251827021978222     
          12          42   1.0964190797622053     
          42          43  0.95788050827532578     
          42          44   1.8948608913986718     
          44          45  0.97529056823938987     
          44          46  0.97918204561090116     
          15          47   1.0327956507917588     
          47          48  0.96789886029400751     
          47          49  0.97625028477334908     
          47          50  0.97744559375123385     
          16          51   1.1086581557057296     
          51          52  0.95873357744017906     
          51          53   1.8810360881973132     
          53          54  0.97593747457680124     
          53          55  0.97954452326990515     
          19          56   1.0281607595093696     
          56          57  0.97371398318031233     
          56          58  0.97389417002882506     
          56          59  0.98061748564017948     
          20          60   1.0287624045226746     
          60          61  0.97330564173440692     
          60          62  0.98064808018319660     
          60          63  0.97360979294500871     
          64          65  0.97147677218456252     
          64          66  0.97164220857941119     
          64          67  0.98226523817093481     
          68          69  0.94198790506870400     
          64          70   1.0311960617002012     
          68          70   1.1867967127232584     
          68          71   1.2624861088979360     
          70          71  0.11257489505204657     
          71          72  0.95453542548643955     
           1          73  0.48901645149298512     
          71          73   1.4877513550606898     
          70          74   1.5616655796324297     
          73          74   1.2509836489700537     
          74          75  0.95973123007617323     
          76          77  0.97165509083430490     
          76          78  0.97138903141492983     
          76          79  0.98223873007125639     
          80          81  0.94200173881163829     
          76          82   1.0312467718553902     
          80          82   1.1869239680436956     
          80          83   1.2619641183207282     
          82          83  0.11266235451613522     
          83          84  0.95494946062146513     
           1          85  0.49054562512691130     
          83          85   1.4873219139178346     
          82          86   1.5615748177070055     
          85          86   1.2509048863395202     
          86          87  0.96011395945314315     
