    0.39302286
   -0.20444821
   -0.20284557
   -0.21485097
   -0.21549806
    0.05222526
   -0.03027046
   -0.03267216
    0.05174853
    0.05199261
   -0.02703341
   -0.03235452
    0.05740524
    0.05147392
   -0.02273911
   -0.03731893
    0.04936081
    0.04637913
   -0.03469875
   -0.03158708
    0.05101994
   -0.06923938
    0.03322683
   -0.07287599
    0.03074350
   -0.06801501
    0.03881822
   -0.07920611
    0.02875486
   -0.09699722
    0.03205731
    0.03356094
    0.03328406
   -0.09741588
    0.03420981
    0.03417815
    0.03217002
   -0.09772524
    0.03411739
    0.03457896
    0.03518818
   -0.02546963
    0.02365235
   -0.09691627
    0.03083718
    0.02163770
   -0.09918135
    0.03555247
    0.03456707
    0.04069380
   -0.02750826
    0.02060579
   -0.09943877
    0.03213160
    0.01958916
   -0.09624445
    0.03273535
    0.03212989
    0.03190976
   -0.09728800
    0.03423351
    0.03186147
    0.03412552
   -0.11595664
    0.05450486
    0.05413163
    0.06151595
   -0.08642264
    0.17174740
    0.03659420
    0.07531065
    0.06799324
   -0.12611368
   -0.00175299
    0.06480096
   -0.11598077
    0.05412082
    0.05467239
    0.06161236
   -0.08637717
    0.17170723
    0.03674862
    0.07521690
    0.06795733
   -0.12530906
   -0.00130553
    0.06464360
