    0.44062368
   -0.23372832
   -0.20970874
   -0.20460102
   -0.22880236
    0.04775433
   -0.03201729
   -0.03309846
    0.04630017
    0.05076613
   -0.02218822
   -0.03048658
    0.05844694
    0.05634550
   -0.01877704
   -0.03177219
    0.05635853
    0.04932712
   -0.03141190
   -0.03166228
    0.04851704
   -0.07456364
    0.03414975
   -0.07501305
    0.03429050
   -0.06352883
    0.03845972
   -0.07144123
    0.03497088
   -0.09841354
    0.03565579
    0.03364799
    0.03374369
   -0.09850080
    0.03510273
    0.03517664
    0.03343817
   -0.10019221
    0.03565410
    0.03483764
    0.04350206
   -0.02645512
    0.02675430
   -0.09727186
    0.03330755
    0.02339091
   -0.10101607
    0.03718387
    0.03768442
    0.04359619
   -0.02678445
    0.02523098
   -0.09742818
    0.03431324
    0.02289535
   -0.09874535
    0.03593359
    0.03587880
    0.03368743
   -0.09849178
    0.03380898
    0.03535642
    0.03460507
   -0.48057752
    0.32128355
    0.32139766
   -0.11792466
    0.05685506
    0.05640913
    0.06391897
   -0.08411919
    0.17430447
    0.03851650
    0.07276215
    0.06981917
   -0.13164649
   -0.00310773
    0.06751320
