    0.42857963
   -0.21819550
   -0.22383351
   -0.22350768
   -0.21735375
    0.05503645
   -0.02817217
   -0.02991302
    0.05262567
    0.04963212
   -0.03305549
   -0.03075553
    0.05329498
    0.05546449
   -0.03385773
   -0.02454252
    0.05199055
    0.05530010
   -0.03482713
   -0.02160145
    0.05360072
   -0.06744768
    0.03639163
   -0.07420208
    0.03365065
   -0.07135678
    0.03193271
   -0.07248411
    0.03108984
   -0.09869768
    0.03470426
    0.03840929
    0.03419213
   -0.09819054
    0.03775137
    0.03299190
    0.03419608
   -0.10000353
    0.03758794
    0.03450525
    0.04186139
   -0.02723857
    0.02275637
   -0.09719858
    0.03424139
    0.02249046
   -0.09886987
    0.03560504
    0.03326524
    0.04129926
   -0.02729506
    0.02352245
   -0.09691420
    0.03357673
    0.02211990
   -0.09768572
    0.03601219
    0.03464779
    0.03308407
   -0.09788715
    0.03603592
    0.03351076
    0.03271634
   -0.11706749
    0.05598028
    0.05593488
    0.06324999
   -0.08479123
    0.17361601
    0.03781023
    0.07410280
    0.06966002
   -0.13053148
   -0.00198413
    0.06623608
   -0.10804523
    0.04539658
    0.05766830
    0.04848916
   -0.02075995
    0.05738690
    0.05077275
   -0.06025667
   -0.07235919
    0.06403208
    0.05926576
    0.07160753
