           1           2  0.58059071291236086     
           1           3  0.57689328948307905     
           1           4  0.57425646563117805     
           1           5  0.57615807099123106     
           2           6   1.2467497688408360     
           6           7   1.1263741289139053     
           7           8   1.6098136980588638     
           2           9   1.2522375905699570     
           8           9   1.1273853793766102     
           3          10   1.2470828015069559     
          10          11   1.1327899136948578     
          11          12   1.6011824266674177     
           3          13   1.2478496582131897     
          12          13   1.1328785127708123     
           4          14   1.2588495811502194     
          14          15   1.1180585641497001     
          15          16   1.5307518196636298     
           4          17   1.2371626204684936     
          16          17   1.1570123751424992     
           5          18   1.2530921672606645     
          18          19   1.1157714220269488     
          19          20   1.5314944433265496     
           5          21   1.2456661408333827     
          20          21   1.1558051607041466     
           6          22   1.3693473350589231     
          21          22   1.3412548854990325     
          22          23  0.96071420967342258     
           9          24   1.3568776838926544     
          10          24   1.3524238690056980     
          24          25  0.96228956543765631     
          13          26   1.3567550626054887     
          14          26   1.3525912951568220     
          26          27  0.96008933193233736     
          17          28   1.3435994408294691     
          18          28   1.3613459843487885     
          28          29  0.95880513646274768     
           7          30   1.0297304979620141     
          30          31  0.97286048070449938     
          30          32  0.97285556133742879     
          30          33  0.98045477941435955     
           8          34   1.0292411908855712     
          34          35  0.97316854841516998     
          34          36  0.97317362798730245     
          34          37  0.98046759923080540     
          20          38   1.0329896297531924     
          38          39  0.96761580753639076     
          38          40  0.97648146230954247     
          38          41  0.97750544686162111     
          19          42   1.1049304716158974     
          42          43  0.95864915874981416     
          42          44   1.8860594587226518     
          44          45  0.97580666275150030     
          44          46  0.97935803745112204     
          16          47   1.0326489936238870     
          47          48  0.96812495226574713     
          47          49  0.97578881848662069     
          47          50  0.97777943288704394     
          15          51   1.1036581417024702     
          51          52  0.95811888562314373     
          51          53   1.8874692709577876     
          53          54  0.97584201852341734     
          53          55  0.97934842099035924     
          12          56   1.0294327339336462     
          56          57  0.97261222122192470     
          56          58  0.97338932510869969     
          56          59  0.98049903135963001     
          11          60   1.0289014936050371     
          60          61  0.97271824864931200     
          60          62  0.98050369806489568     
          60          63  0.97388757927203307     
          64          65  0.97101662305935010     
          64          66  0.97115886223405234     
          64          67  0.98195267374387785     
          68          69  0.94136360091338900     
          64          70   1.0316754631505436     
          68          70   1.1880823610206908     
          68          71   1.2633240617728925     
          70          71  0.11255045027796626     
          71          72  0.95356500013661782     
           1          73  0.49358515695274491     
          71          73   1.4811640890745799     
          70          74   1.5596961520625103     
          73          74   1.2481658965528943     
          74          75  0.95902193813255598     
          76          77  0.98024091878683128     
          76          78  0.97898247490790979     
          76          79  0.98642718216487957     
          76          80   1.0263115220765089     
          80          81  0.96826457858310100     
          80          82  0.97314315606847146     
           1          83  0.39622966537459087     
          80          83  0.96211618918548014     
          83          84  0.99611014167695966     
          84          85  0.97713077094189416     
          84          86  0.98077871724712051     
          84          87  0.97527173771488262     
