    0.46527871
   -0.21893849
   -0.22874154
   -0.24452269
   -0.23603609
    0.05511959
   -0.02779953
   -0.02821399
    0.05605707
    0.05516166
   -0.02071025
   -0.03145333
    0.05402483
    0.04841100
   -0.02196631
   -0.03152034
    0.05428444
    0.05167419
   -0.02830462
   -0.02770688
    0.05441152
   -0.06793276
    0.03954485
   -0.06793698
    0.03810727
   -0.07446057
    0.03559725
   -0.07228569
    0.03751977
   -0.10008021
    0.03605915
    0.03941027
    0.03625863
   -0.09998954
    0.03719336
    0.03877379
    0.03592910
   -0.10137534
    0.03710817
    0.03796767
    0.04417053
   -0.02770427
    0.02632669
   -0.09560667
    0.03547759
    0.02529274
   -0.10096479
    0.03600722
    0.03855572
    0.04397819
   -0.02778359
    0.02732476
   -0.09542756
    0.03591110
    0.02564990
   -0.09986530
    0.03955605
    0.03655913
    0.03607294
   -0.10015428
    0.03913850
    0.03616233
    0.03735261
   -0.47994614
    0.32526396
    0.32461078
   -0.07609275
    0.07111888
    0.07461269
    0.07578750
   -0.11070523
    0.16540359
