           1           2  0.58229994742243041     
           1           3  0.57687642858002464     
           1           4  0.56653614933091312     
           1           5  0.57360378894484065     
           2           6   1.2544200528253162     
           6           7   1.1267120306769460     
           7           8   1.6097933701243847     
           2           9   1.2460380465076699     
           8           9   1.1263626416059906     
           3          10   1.2410883914515840     
          10          11   1.1536823740582869     
          11          12   1.5354421080238616     
           3          13   1.2531229850085754     
          12          13   1.1163673741812379     
           4          14   1.2324480863285154     
          14          15   1.1596549120134001     
          15          16   1.5288665928930170     
           4          17   1.2524846221366042     
          16          17   1.1230486276886058     
           5          18   1.2446908025934194     
          18          19   1.1312448000741455     
          19          20   1.6040396494974973     
           5          21   1.2454928918714703     
          20          21   1.1318788673496825     
           6          22   1.3575471019933105     
          21          22   1.3618667057698974     
          22          23  0.96163538577077279     
           9          24   1.3685697748912786     
          10          24   1.3449491825415221     
          24          25  0.96045075154461690     
          13          26   1.3638849894613665     
          14          26   1.3490777379044534     
          26          27  0.95858721688422577     
          17          28   1.3557500617533722     
          18          28   1.3622537237808676     
          28          29  0.95966363216124206     
           8          30   1.0302633735827600     
          30          31  0.98026771135723312     
          30          32  0.97210617703095270     
          30          33  0.97282161500004927     
           7          34   1.0303395317888340     
          34          35  0.97304017393576814     
          34          36  0.97181863397239665     
          34          37  0.98026373001661748     
          11          38   1.0336595175777763     
          38          39  0.96739874420840555     
          38          40  0.97580556180087896     
          38          41  0.97721115803839909     
          12          42   1.1021029876715926     
          42          43  0.95816005004044325     
          42          44   1.8900218103800528     
          44          45  0.97570963150486745     
          44          46  0.97918124516112037     
          15          47   1.0335930520772985     
          47          48  0.97620977864710345     
          47          49  0.96714526627647457     
          47          50  0.97713641595507461     
          16          51   1.1015776550196390     
          51          52  0.95808023388548547     
          51          53   1.8908800196461417     
          53          54  0.97563572448139224     
          53          55  0.97914744926765107     
          19          56   1.0303517343445083     
          56          57  0.97152156419126778     
          56          58  0.97320886418669239     
          56          59  0.98021166095602319     
          20          60   1.0303651948129531     
          60          61  0.97223484485893452     
          60          62  0.98028562969186850     
          60          63  0.97252992513911751     
           1          64  0.27384264300449584     
          64          65  0.87972525405123936     
          64          66  0.87961949525953620     
          67          68  0.98106852067259687     
          67          69  0.97859634434372134     
          67          70  0.97440346456116966     
           1          71  0.44063452650546631     
          67          71  0.99297470278408173     
          71          72  0.94233916640420790     
