           1           2  0.57839352380929743     
           1           3  0.57222550056003163     
           1           4  0.57865112896382120     
           1           5  0.58071874705144488     
           2           6   1.2532593787502990     
           6           7   1.1276804148439781     
           7           8   1.6026187593307468     
           2           9   1.2481902543268415     
           8           9   1.1289523291009493     
           3          10   1.2486052436518116     
          10          11   1.1500668190892103     
          11          12   1.5364827833677992     
           3          13   1.2557653905521011     
          12          13   1.1139610505072777     
           4          14   1.2386089428783540     
          14          15   1.1535982947402053     
          15          16   1.5367661062700191     
           4          17   1.2610092434497600     
          16          17   1.1190119647378052     
           5          18   1.2499592601073786     
          18          19   1.1301821975289712     
          19          20   1.6016580924207504     
           5          21   1.2477550660429635     
          20          21   1.1292401909689804     
           6          22   1.3544672375446993     
          21          22   1.3570912008546729     
          22          23  0.96121250397498026     
           9          24   1.3663253949407648     
          10          24   1.3460260700672999     
          24          25  0.95926464231752750     
          13          26   1.3618347264692672     
          14          26   1.3458290837606037     
          26          27  0.95931452075985024     
          17          28   1.3520903495308223     
          18          28   1.3617223023712197     
          28          29  0.95688685308965860     
           8          30   1.0314701253398408     
          30          31  0.97989837816408198     
          30          32  0.97301211410355415     
          30          33  0.97033482318319053     
           7          34   1.0319716321444141     
          34          35  0.97004735447464252     
          34          36  0.97272952530059753     
          34          37  0.97991471374420036     
          11          38   1.0351679292625564     
          38          39  0.96518343413433705     
          38          40  0.97585436652424196     
          38          41  0.97709484398385715     
          12          42   1.1012081997696241     
          42          43  0.95803157062707434     
          42          44   1.8922939055996300     
          44          45  0.97505247533173223     
          44          46  0.97882830066647819     
          15          47   1.0338087587954170     
          47          48  0.97103638944885085     
          47          49  0.96932303762980043     
          47          50  0.98179215953686605     
          16          51   1.0934310455142997     
          51          52  0.95681318060376574     
          51          53   1.9003180738595513     
          53          54  0.97499991159005994     
          53          55  0.97871518018170822     
          19          56   1.0316143443948547     
          56          57  0.97135510698496919     
          56          58  0.97179022671767079     
          56          59  0.97989019774961539     
          20          60   1.0318314082055962     
          60          61  0.97080591325320609     
          60          62  0.97992442547420078     
          60          63  0.97216549261991236     
           1          64   1.1717054195521712     
           1          65  0.67789009810467926     
          64          65   1.1821035093028605     
          66          67  0.97052051956504548     
          66          68  0.97039667628518644     
          66          69  0.98169700232878032     
          70          71  0.94032667006695836     
          66          72   1.0325326581946179     
          70          72   1.1871377254116351     
          70          73   1.2753200063292340     
          72          73  0.11155166005258091     
          73          74  0.95908171469691039     
           1          75  0.32198057550042936     
          73          75   1.5237670386762481     
          72          76   1.5619421281916757     
          75          76   1.2717429938961526     
          76          77  0.96524344152964781     
