    0.46518018
   -0.21893064
   -0.22871637
   -0.24448818
   -0.23610230
    0.05510539
   -0.02779427
   -0.02820211
    0.05606841
    0.05514459
   -0.02074023
   -0.03145200
    0.05404528
    0.04843581
   -0.02197250
   -0.03152489
    0.05427786
    0.05173420
   -0.02827680
   -0.02770956
    0.05439063
   -0.06798080
    0.03953138
   -0.06794876
    0.03809003
   -0.07442755
    0.03561884
   -0.07225621
    0.03751976
   -0.10007746
    0.03626776
    0.03606279
    0.03939344
   -0.09999003
    0.03720232
    0.03875023
    0.03593327
   -0.10137263
    0.03709893
    0.03795309
    0.04415972
   -0.02769493
    0.02634052
   -0.09559917
    0.03546461
    0.02529823
   -0.10096805
    0.03602305
    0.03854984
    0.04396923
   -0.02777185
    0.02731380
   -0.09542690
    0.03589129
    0.02564347
   -0.09986390
    0.03956241
    0.03657199
    0.03606583
   -0.10014594
    0.03616026
    0.03733691
    0.03912701
   -0.47987854
    0.32527089
    0.32464502
   -0.07610414
    0.07111344
    0.07459032
    0.07583618
   -0.11074603
    0.16542456
