           1           2  0.57911690048577480     
           1           3  0.57405257665173215     
           1           4  0.57823045676056273     
           1           5  0.58015751557754114     
           2           6   1.2556080817775421     
           6           7   1.1316840660719187     
           7           8   1.6005055057720650     
           2           9   1.2410367637967223     
           8           9   1.1302897408626000     
           3          10   1.2443033649223780     
          10          11   1.1498471200098008     
          11          12   1.5349857539295477     
           3          13   1.2602316328709036     
          12          13   1.1160662477516701     
           4          14   1.2449811590028690     
          14          15   1.1484532436070107     
          15          16   1.5367817199542730     
           4          17   1.2603007444783567     
          16          17   1.1140423017997276     
           5          18   1.2453218684975171     
          18          19   1.1289660463783044     
          19          20   1.6016350480249590     
           5          21   1.2533194249711936     
          20          21   1.1304776814994875     
           6          22   1.3560892782056337     
          21          22   1.3596411883617048     
          22          23  0.96075818554203252     
           9          24   1.3636674555735417     
          10          24   1.3428427473413147     
          24          25  0.96017614094308046     
          13          26   1.3616665263377059     
          14          26   1.3525817184242250     
          26          27  0.95733950206822915     
          17          28   1.3520663877271752     
          18          28   1.3582512624975134     
          28          29  0.95950364637060792     
           8          30   1.0314848419408871     
          30          31  0.97986665639429282     
          30          32  0.97070950238459475     
          30          33  0.97270234117305610     
           7          34   1.0313529996397461     
          34          35  0.97260148502065658     
          34          36  0.97096722397211799     
          34          37  0.97988224997724049     
          11          38   1.0349411406466624     
          38          39  0.96687240303890076     
          38          40  0.97503582999112326     
          38          41  0.97655353608222151     
          12          42   1.1009656785119490     
          42          43  0.95728657681247165     
          42          44   1.8925316597590494     
          44          45  0.97554587590302477     
          44          46  0.97891838814409038     
          15          47   1.0357017713505376     
          47          48  0.97541254303631486     
          47          49  0.96495128206615965     
          47          50  0.97694781352385474     
          16          51   1.1009157675549410     
          51          52  0.95813213647653073     
          51          53   1.8926324073467033     
          53          54  0.97506643221643008     
          53          55  0.97882543867528760     
          19          56   1.0319629616943871     
          56          57  0.97182829066393173     
          56          58  0.97089461113554476     
          56          59  0.97986805558644885     
          20          60   1.0313723759291862     
          60          61  0.97233098016596953     
          60          62  0.97987519883459151     
          60          63  0.97125551428546386     
           1          64   1.1683530117181258     
           1          65  0.67644434653651542     
          64          65   1.1843120927976376     
          66          67  0.97052385036101696     
          66          68  0.97039669906827630     
          66          69  0.98173490470616243     
          70          71  0.94038889729974640     
          66          72   1.0324765169813972     
          70          72   1.1883920163104977     
          70          73   1.2728095665587378     
          72          73  0.11167285990316751     
          73          74  0.95815640823341253     
           1          75  0.33012387478324645     
          73          75   1.5200767470685796     
          72          76   1.5609618131171508     
          75          76   1.2703346396139388     
          76          77  0.96424947727175869     
