    0.63831217
   -0.21338861
   -0.20626969
   -0.20130232
   -0.20906179
    0.06408234
   -0.02263544
   -0.02230617
    0.05923374
    0.06168303
   -0.01280114
   -0.02314244
    0.07673654
    0.07400577
   -0.01192317
   -0.02199631
    0.06702842
    0.06243441
   -0.02054597
   -0.02200433
    0.06490404
   -0.06488673
    0.04930450
   -0.06650836
    0.04572176
   -0.05490851
    0.04952252
   -0.06286856
    0.04671839
   -0.10163052
    0.04032608
    0.04558534
    0.03782454
   -0.10212029
    0.03911862
    0.04532080
    0.04011532
   -0.10294294
    0.03912409
    0.04332685
    0.04999215
   -0.02559356
    0.03510214
   -0.09489377
    0.03630368
    0.02945359
   -0.10387880
    0.03907933
    0.04955788
    0.04718981
   -0.02568175
    0.02802572
   -0.09218800
    0.04313276
    0.03016547
   -0.10190965
    0.03941839
    0.04637392
    0.04052768
   -0.10214967
    0.03942763
    0.04058880
    0.04490779
   -0.16522310
   -0.29371468
   -0.11739938
    0.05763140
    0.05805035
    0.06402986
   -0.08464059
    0.17574239
    0.03908390
    0.08485294
    0.06142273
   -0.18157518
    0.00413766
    0.05746417
