    0.44153645
   -0.23521857
   -0.21036422
   -0.20338052
   -0.22837997
    0.04763406
   -0.03218349
   -0.03338661
    0.04560664
    0.05020457
   -0.02559094
   -0.03042645
    0.05951975
    0.05633712
   -0.01828879
   -0.03178600
    0.05649346
    0.04969662
   -0.03124192
   -0.03164329
    0.04848728
   -0.07486304
    0.03385498
   -0.07573453
    0.03405138
   -0.06346153
    0.04443464
   -0.07110722
    0.03503472
   -0.09839005
    0.03349987
    0.03364265
    0.03552490
   -0.09844638
    0.03498488
    0.03504261
    0.03329891
   -0.09909120
    0.03753699
    0.03415794
    0.03741608
   -0.02594160
    0.02672995
   -0.09666066
    0.03323232
    0.02459261
   -0.10143929
    0.03821232
    0.03781980
    0.04378867
   -0.02685612
    0.02514331
   -0.09756302
    0.03443753
    0.02272770
   -0.09875341
    0.03605236
    0.03581116
    0.03362423
   -0.09841484
    0.03465141
    0.03374312
    0.03511892
   -0.48096865
    0.32136675
    0.32127194
   -0.11790813
    0.05686972
    0.05629541
    0.06389748
   -0.08423395
    0.17421932
    0.03855354
    0.07291470
    0.06940765
   -0.13133549
   -0.00311436
    0.06769588
