    0.46679713
   -0.21809297
   -0.24851891
   -0.24356187
   -0.21757415
    0.05713088
   -0.02681274
   -0.02865177
    0.05452101
    0.04981432
   -0.02363341
   -0.03399792
    0.04938047
    0.04826864
   -0.02516638
   -0.03066103
    0.05519996
    0.05556007
   -0.02554169
   -0.02546724
    0.05911783
   -0.06413654
    0.04129996
   -0.07248528
    0.03581112
   -0.07806010
    0.03374882
   -0.06977450
    0.04494270
   -0.09971304
    0.03606696
    0.03607399
    0.03835120
   -0.10035365
    0.03723465
    0.04003264
    0.03597984
   -0.10087695
    0.03703820
    0.03600175
    0.04295639
   -0.02851384
    0.02486224
   -0.09545762
    0.03550919
    0.02494118
   -0.09975596
    0.03779393
    0.03744271
    0.03847656
   -0.02638304
    0.02827638
   -0.09488360
    0.03332535
    0.02716297
   -0.10057812
    0.04005877
    0.03844338
    0.03691116
   -0.10049099
    0.03682159
    0.03939122
    0.03866970
   -0.47972097
    0.32538795
    0.32472999
   -0.07585364
    0.07083250
    0.07418042
    0.07616496
   -0.11240406
    0.16641129
