           1           2  0.58294743597344889     
           1           3  0.56688797814678116     
           1           4  0.56777026575029599     
           1           5  0.58265377534904839     
           2           6   1.2559941726959529     
           6           7   1.1261717990049875     
           7           8   1.6106518862979629     
           2           9   1.2445610744850055     
           8           9   1.1255147069507090     
           3          10   1.2348772106758550     
          10          11   1.1625977700837189     
          11          12   1.5261413917895477     
           3          13   1.2466720380908838     
          12          13   1.1239035285109173     
           4          14   1.2335993082625778     
          14          15   1.1604367489938323     
          15          16   1.5333126984546710     
           4          17   1.2510822368746635     
          16          17   1.1241243549611959     
           5          18   1.2491533501803309     
          18          19   1.1235863598363207     
          19          20   1.6128178679172798     
           5          21   1.2523740383858804     
          20          21   1.1240828501156050     
           6          22   1.3571834225667185     
          21          22   1.3627867027344920     
          22          23  0.96154617597296232     
           9          24   1.3699348305182928     
          10          24   1.3419272468595460     
          24          25  0.96043586205398646     
          13          26   1.3626803814143857     
          14          26   1.3476886037116917     
          26          27  0.95987341396403425     
          17          28   1.3531449827503770     
          18          28   1.3656061146480112     
          28          29  0.95786833383893122     
           8          30   1.0300922691858148     
          30          31  0.97242555419932686     
          30          32  0.98024486015866241     
          30          33  0.97277674509919054     
           7          34   1.0305448708400007     
          34          35  0.97270664742634327     
          34          36  0.97184855161147232     
          34          37  0.98029338838235180     
          11          38   1.0333150946484371     
          38          39  0.96740200919433528     
          38          40  0.97602872330001644     
          38          41  0.97729508613145821     
          12          42   1.1024634990594684     
          42          43  0.95825157720939957     
          42          44   1.8895058172356265     
          44          45  0.97568519088080441     
          44          46  0.97920526277867004     
          15          47   1.0318100343699597     
          47          48  0.97313903969087245     
          47          49  0.96990125865490240     
          47          50  0.98194565343510498     
          16          51   1.0939977516466488     
          51          52  0.95744664383914835     
          51          53   1.8990908297575313     
          53          54  0.97508478137905685     
          53          55  0.97890306529096549     
          19          56   1.0308306891738077     
          56          57  0.97210258146364170     
          56          58  0.97210577605655768     
          56          59  0.98023576998858275     
          20          60   1.0306433771188490     
          60          61  0.98027940287054993     
          60          62  0.97189233159397348     
          60          63  0.97269542586647972     
           1          64  0.27430209659554083     
          64          65  0.87988331848650014     
          64          66  0.88028300327266873     
          67          68  0.98101883349898666     
          67          69  0.97869445793203702     
          67          70  0.97453160128533600     
           1          71  0.43918151165703639     
          67          71  0.99314723779586078     
          71          72  0.94158987834579722     
