           1           2  0.62455779268916900     
           1           3  0.69051247369848712     
           1           4  0.61602235208003409     
           1           5  0.68746759867345386     
           2           6   1.2644391046359589     
           6           7   1.1204576417198093     
           7           8   1.5886315915297060     
           2           9   1.1646589685262534     
           8           9   1.1018748534156899     
           3          10   1.2148114845278279     
          10          11   1.3101244421412213     
          11          12   1.2987786137423811     
           3          13   1.2125255737689979     
          12          13   1.1809649949464829     
           4          14   1.2709193777988761     
          14          15   1.1476370631010047     
          15          16   1.5034682972604889     
           4          17   1.1656271984358535     
          16          17   1.1030660324434387     
           5          18   1.2514607688790569     
          18          19   1.2303892984631624     
          19          20   1.4094170233223542     
           5          21   1.1947905265030578     
          20          21   1.2019818531575481     
           6          22   1.3411712532044180     
          21          22   1.3239186487472565     
          22          23  0.95783990031841404     
           9          24   1.4898459435099221     
          10          24   1.1769290260186858     
          24          25  0.95555515481705533     
          13          26   1.3334871530509707     
          14          26   1.3124437859478206     
          26          27  0.95538275796620187     
          17          28   1.4740041418496888     
          18          28   1.2057781330745210     
          28          29  0.95295637870325867     
           8          30   1.0416695405520802     
          30          31  0.96218622893503036     
          30          32  0.97722791519666596     
          30          33  0.96502707247860187     
           7          34   1.0392013110231637     
          34          35  0.96580528096952178     
          34          36  0.96441904720107963     
          34          37  0.97757249587285400     
          11          38   1.0426910231969420     
          38          39  0.95727658599689114     
          38          40  0.97367772323844759     
          38          41  0.97042197341069292     
          12          42   1.1692213467542028     
          42          43  0.95414632305974190     
          42          44   1.7922699254708125     
          44          45  0.97242373537625071     
          44          46  0.97766240110119140     
          15          47   1.0428224909666877     
          47          48  0.96568010278652927     
          47          49  0.96012139312165967     
          47          50  0.97841600901379444     
          16          51   1.1138378882929321     
          51          52  0.95176444325222020     
          51          53   1.8695958013970115     
          53          54  0.97264899333503307     
          53          55  0.97645543561376169     
          19          56   1.0421032423577463     
          56          57  0.96219855079998018     
          56          58  0.96367262863345282     
          56          59  0.97701771283289029     
          20          60   1.0464338246489384     
          60          61  0.97661413949230158     
          60          62  0.95822934713620112     
          60          63  0.96221949161360210     
           1          64  0.24416320838665118     
          64          65  0.89043120015577593     
          64          66  0.89027292773941125     
          67          68  0.98020480087534112     
          67          69  0.97990978448647992     
          67          70  0.97683364002715312     
           1          71  0.23083675772196907     
          67          71   1.0096035114820141     
          71          72  0.95891446288005189     
