           1           2  0.58301145041232216     
           1           3  0.56689753134567478     
           1           4  0.56777684340156720     
           1           5  0.58268188614561534     
           2           6   1.2560007457235858     
           6           7   1.1261544834542356     
           7           8   1.6106718404928930     
           2           9   1.2445602531943003     
           8           9   1.1254962830608817     
           3          10   1.2348690354033371     
          10          11   1.1625818476683127     
          11          12   1.5261546438901201     
           3          13   1.2467002627107586     
          12          13   1.1238873745871913     
           4          14   1.2336070184539931     
          14          15   1.1604516743380571     
          15          16   1.5332958794361329     
           4          17   1.2510713460789551     
          16          17   1.1241417514885530     
           5          18   1.2491301770358259     
          18          19   1.1236014258581926     
          19          20   1.6128008485257159     
           5          21   1.2523677298822540     
          20          21   1.1240962237637639     
           6          22   1.3571863945849496     
          21          22   1.3627766169758901     
          22          23  0.96154656898367996     
           9          24   1.3699637592459777     
          10          24   1.3419008789498135     
          24          25  0.96044009007262932     
          13          26   1.3626893885618121     
          14          26   1.3476641540104879     
          26          27  0.95987392703577790     
          17          28   1.3531360198698128     
          18          28   1.3656023398301416     
          28          29  0.95787333786979434     
           8          30   1.0300922703929385     
          30          31  0.97242281838501399     
          30          32  0.98024518660222337     
          30          33  0.97277981813567305     
           7          34   1.0305466975512856     
          34          35  0.97272347645454982     
          34          36  0.97183012160596027     
          34          37  0.98029276151774236     
          11          38   1.0333146036960319     
          38          39  0.96740197989572285     
          38          40  0.97603035760181633     
          38          41  0.97729737841277009     
          12          42   1.1024594292727707     
          42          43  0.95824910870449065     
          42          44   1.8895095875757382     
          44          45  0.97568512714544253     
          44          46  0.97920511312254677     
          15          47   1.0318087992593219     
          47          48  0.97314397992370671     
          47          49  0.96989845000156327     
          47          50  0.98194666057396263     
          16          51   1.0939904960849125     
          51          52  0.95744825326218552     
          51          53   1.8990973434716107     
          53          54  0.97508793976148189     
          53          55  0.97890331754761239     
          19          56   1.0308290137894647     
          56          57  0.97209690550744654     
          56          58  0.97211321032783904     
          56          59  0.98023605774734679     
          20          60   1.0306447815933464     
          60          61  0.98027910539851570     
          60          62  0.97188492542975846     
          60          63  0.97270243776754672     
           1          64  0.27433025987225251     
          64          65  0.87988963566536149     
          64          66  0.88030831439262713     
          67          68  0.98102178660939432     
          67          69  0.97869802898137481     
          67          70  0.97450271684759049     
           1          71  0.43908450958901601     
          67          71  0.99315549193542685     
          71          72  0.94159863762466922     
