    0.46681979
   -0.21805027
   -0.24847567
   -0.24361044
   -0.21759035
    0.05713908
   -0.02680658
   -0.02864766
    0.05453618
    0.04981657
   -0.02364010
   -0.03400032
    0.04939896
    0.04825825
   -0.02517703
   -0.03066674
    0.05517578
    0.05553861
   -0.02554772
   -0.02546157
    0.05911847
   -0.06412159
    0.04130911
   -0.07245591
    0.03582523
   -0.07806603
    0.03373763
   -0.06980654
    0.04492615
   -0.09971538
    0.03607069
    0.03607690
    0.03835463
   -0.10035528
    0.03724440
    0.04003224
    0.03598014
   -0.10087844
    0.03703421
    0.03600559
    0.04295934
   -0.02851361
    0.02486254
   -0.09546061
    0.03550349
    0.02493906
   -0.09975190
    0.03778072
    0.03744426
    0.03847135
   -0.02638309
    0.02827109
   -0.09488242
    0.03331317
    0.02716134
   -0.10057696
    0.04005610
    0.03843715
    0.03691158
   -0.10049408
    0.03682225
    0.03939004
    0.03867956
   -0.47969573
    0.32539363
    0.32472485
   -0.07585067
    0.07082908
    0.07417373
    0.07617827
   -0.11242367
    0.16640515
