    0.44105820
   -0.21082722
   -0.20435629
   -0.22757337
   -0.23433898
    0.05036211
   -0.03054898
   -0.02796922
    0.05521951
    0.05614962
   -0.01897969
   -0.03186091
    0.05639137
    0.04967064
   -0.02332771
   -0.03394394
    0.05169729
    0.04803295
   -0.03188026
   -0.03317325
    0.04622843
   -0.07570106
    0.03433532
   -0.06430456
    0.03902846
   -0.07070085
    0.03488542
   -0.07373621
    0.03378098
   -0.09946914
    0.03447018
    0.03917546
    0.03520280
   -0.09853023
    0.03325136
    0.03714442
    0.03449265
   -0.10112795
    0.03493513
    0.03985741
    0.04275487
   -0.02697237
    0.02380960
   -0.09686130
    0.03568281
    0.02302495
   -0.10042761
    0.03675305
    0.03551077
    0.04205382
   -0.02755264
    0.02346967
   -0.09701857
    0.03450270
    0.02248471
   -0.09837815
    0.03568274
    0.03531903
    0.03338744
   -0.09835470
    0.03317628
    0.03366617
    0.03591502
   -0.11785362
    0.05689599
    0.05639647
    0.06385962
   -0.08417650
    0.17417406
    0.03855359
    0.07269553
    0.06983781
   -0.13163423
   -0.00300120
    0.06744106
   -0.48054400
    0.32111794
    0.32158929
