           1           2  0.59838445596509415     
           1           3  0.59683878644805410     
           1           4  0.58501135193525378     
           1           5  0.58398547477699170     
           2           6   1.2508984191793886     
           6           7   1.1277042270605702     
           7           8   1.6088825532210769     
           2           9   1.2462740219085462     
           8           9   1.1269890978714876     
           3          10   1.2461439845558075     
          10          11   1.1505063914000371     
          11          12   1.5373727303332445     
           3          13   1.2545682624796066     
          12          13   1.1113248309719825     
           4          14   1.2344661250728102     
          14          15   1.1610338205026909     
          15          16   1.5254429443183881     
           4          17   1.2538081442081279     
          16          17   1.1215286616920728     
           5          18   1.2426499381333074     
          18          19   1.1373317904011524     
          19          20   1.5965629619503121     
           5          21   1.2428129260678540     
          20          21   1.1383978687341256     
           6          22   1.3571665080561008     
          21          22   1.3550845821386726     
          22          23  0.96221517754371855     
           9          24   1.3684149277992568     
          10          24   1.3450533053136879     
          24          25  0.96049628112114049     
          13          26   1.3654492595473624     
          14          26   1.3443530512855917     
          26          27  0.95848594126775766     
          17          28   1.3553269255277063     
          18          28   1.3588374709522495     
          28          29  0.96011553719246123     
           8          30   1.0298610549031841     
          30          31  0.98042621544332553     
          30          32  0.97255227203688377     
          30          33  0.97295204014169479     
           7          34   1.0291621343404369     
          34          35  0.97320428342656617     
          34          36  0.97324212659270803     
          34          37  0.98041805025454665     
          11          38   1.0334538726307894     
          38          39  0.97642182980967640     
          38          40  0.96722366431173845     
          38          41  0.97737036790436449     
          12          42   1.1047367691271306     
          42          43  0.95836656635765649     
          42          44   1.8866728305741669     
          44          45  0.97570628060270714     
          44          46  0.97932232825859600     
          15          47   1.0329704399512329     
          47          48  0.96763216767626936     
          47          49  0.97640914956928271     
          47          50  0.97721437096603259     
          16          51   1.1051740057414154     
          51          52  0.95867499874918538     
          51          53   1.8860055318819355     
          53          54  0.97573322911263982     
          53          55  0.97936151959239015     
          19          56   1.0293328593288458     
          56          57  0.97336129470027433     
          56          58  0.97266360574556232     
          56          59  0.98046262275841967     
          20          60   1.0288582805197579     
          60          61  0.97355056682172425     
          60          62  0.98050821362555474     
          60          63  0.97308328706134772     
          64          65  0.97070330120908255     
          64          66  0.97121521339528893     
          64          67  0.98186253467497653     
          68          69  0.94123950582737503     
          64          70   1.0317529611749183     
          68          70   1.1886539010117878     
          68          71   1.2622120871207854     
          70          71  0.11217234486999457     
          71          72  0.95382479792005082     
           1          73  0.50963913373758196     
          71          73   1.4790835483940030     
          70          74   1.5599800015217131     
          73          74   1.2462458802100098     
          74          75  0.95871646842631353     
           1          76  0.26261908437975834     
          76          77  0.88423306979715544     
          76          78  0.88378346305924127     
