           1           2  0.58044389357661108     
           1           3  0.57614543413253549     
           1           4  0.57414187579964759     
           1           5  0.57683623555264107     
           2           6   1.2523201400104189     
           6           7   1.1273899027506340     
           7           8   1.6098063407035541     
           2           9   1.2467800545541108     
           8           9   1.1263812085720186     
           3          10   1.2456238775507962     
          10          11   1.1558328023344022     
          11          12   1.5315451648352920     
           3          13   1.2530810466768358     
          12          13   1.1158569072868532     
           4          14   1.2373212729795957     
          14          15   1.1569731458377213     
          15          16   1.5308094174117348     
           4          17   1.2586717744495539     
          16          17   1.1181553599152076     
           5          18   1.2477988746690369     
          18          19   1.1327947279379620     
          19          20   1.6011884824108447     
           5          21   1.2472368227394619     
          20          21   1.1327270531655067     
           6          22   1.3568803703445864     
          21          22   1.3526662012432182     
          22          23  0.96227700951153505     
           9          24   1.3693292444050131     
          10          24   1.3412567898272316     
          24          25  0.96072073368139566     
          13          26   1.3613315452987291     
          14          26   1.3435370602040888     
          26          27  0.95880762947729536     
          17          28   1.3524309934827619     
          18          28   1.3569702707547340     
          28          29  0.96011903339018734     
           8          30   1.0297177533015840     
          30          31  0.98045556759375996     
          30          32  0.97294526462693431     
          30          33  0.97278565216062252     
           7          34   1.0292481784211314     
          34          35  0.97312213735999797     
          34          36  0.97320658009148620     
          34          37  0.98046786818091114     
          11          38   1.0329713411387704     
          38          39  0.96764189029110159     
          38          40  0.97644902044174886     
          38          41  0.97754939943547670     
          12          42   1.1047336347190244     
          42          43  0.95861943962650287     
          42          44   1.8862646959038789     
          44          45  0.97582160860682210     
          44          46  0.97935448565048333     
          15          47   1.0326474285371838     
          47          48  0.96812041700847518     
          47          49  0.97582205209662498     
          47          50  0.97776094469402941     
          16          51   1.1035438114561669     
          51          52  0.95814664454338683     
          51          53   1.8875880002953922     
          53          54  0.97584724922375354     
          53          55  0.97934583707081346     
          19          56   1.0294356698120652     
          56          57  0.97260296697221216     
          56          58  0.97339197096254837     
          56          59  0.98049517228474714     
          20          60   1.0289081683523680     
          60          61  0.97281739122986377     
          60          62  0.98050365228928049     
          60          63  0.97377122663967830     
          64          65  0.97109293060504087     
          64          66  0.97108008650743227     
          64          67  0.98194895716079789     
          68          69  0.94136395440149145     
          64          70   1.0316791535873526     
          68          70   1.1880943473886336     
          68          71   1.2632607604746706     
          70          71  0.11254780439683082     
          71          72  0.95365462632532516     
           1          73  0.49384772957681577     
          71          73   1.4811106705279524     
          70          74   1.5597022165248962     
          73          74   1.2481059096736695     
          74          75  0.95902314288555246     
          76          77  0.98023696086062095     
          76          78  0.97916711216324037     
          76          79  0.98642195958327961     
          76          80   1.0263201515368821     
          80          81  0.96818070869534467     
          80          82  0.97312385201098162     
           1          83  0.39595045686298375     
          80          83  0.96215017826614813     
          83          84  0.99612434684087969     
          84          85  0.97710468782735249     
          84          86  0.98073763595231322     
          84          87  0.97538272757660316     
