    0.48860888
   -0.20776898
   -0.20722683
   -0.24996335
   -0.25080341
    0.05472043
   -0.02648600
   -0.02453169
    0.05946806
    0.05994933
   -0.01614070
   -0.02900547
    0.05752997
    0.04734882
   -0.02277437
   -0.03480873
    0.04774818
    0.04435360
   -0.03234017
   -0.03083690
    0.04707651
   -0.07156019
    0.03972746
   -0.06053743
    0.04455267
   -0.07056390
    0.03896163
   -0.07951325
    0.03466070
   -0.10153984
    0.03709798
    0.04033525
    0.03972762
   -0.10066695
    0.03825136
    0.03839581
    0.03701996
   -0.10317732
    0.03885141
    0.04163104
    0.04534477
   -0.02675579
    0.02626912
   -0.09569403
    0.03739851
    0.02583839
   -0.10193278
    0.03652256
    0.03918187
    0.04345952
   -0.02858517
    0.02486622
   -0.09579609
    0.03617709
    0.02511189
   -0.09965974
    0.03623062
    0.03674108
    0.03526939
   -0.10055986
    0.03546768
    0.03757024
    0.03743695
   -0.48257562
    0.32487163
    0.32498299
   -0.48285680
    0.32495602
    0.32494816
