    0.39302383
   -0.20445356
   -0.20284532
   -0.21482018
   -0.21548788
    0.05222285
   -0.03027119
   -0.03267451
    0.05174768
    0.05199324
   -0.02703098
   -0.03235419
    0.05740435
    0.05146720
   -0.02272542
   -0.03731018
    0.04935637
    0.04637358
   -0.03470184
   -0.03158935
    0.05101524
   -0.06923922
    0.03322154
   -0.07287886
    0.03074571
   -0.06801272
    0.03882691
   -0.07920693
    0.02875635
   -0.09699764
    0.03205621
    0.03355730
    0.03328738
   -0.09741509
    0.03420398
    0.03418022
    0.03217104
   -0.09772835
    0.03413022
    0.03456642
    0.03519074
   -0.02547282
    0.02366037
   -0.09691579
    0.03082705
    0.02163794
   -0.09920546
    0.03557403
    0.03456449
    0.04071181
   -0.02750785
    0.02062565
   -0.09944519
    0.03210790
    0.01958663
   -0.09624322
    0.03272979
    0.03213295
    0.03190838
   -0.09728740
    0.03423610
    0.03186135
    0.03411984
   -0.11595447
    0.05451811
    0.05411218
    0.06151185
   -0.08642639
    0.17174616
    0.03658904
    0.07531670
    0.06799429
   -0.12613575
   -0.00175448
    0.06480103
   -0.11598163
    0.05413688
    0.05466054
    0.06161688
   -0.08637506
    0.17170833
    0.03675251
    0.07522183
    0.06794890
   -0.12531453
   -0.00129552
    0.06464112
