    0.46479379
   -0.21785145
   -0.23342187
   -0.24483782
   -0.23179284
    0.05634542
   -0.02792323
   -0.02777945
    0.05534334
    0.05535931
   -0.01937846
   -0.03066341
    0.05459761
    0.05139297
   -0.02082449
   -0.03263995
    0.05091382
    0.05028282
   -0.02926870
   -0.02923128
    0.05450391
   -0.06851769
    0.03825653
   -0.06680271
    0.03950901
   -0.07158641
    0.03771453
   -0.07566116
    0.03549894
   -0.09997517
    0.03603220
    0.03858143
    0.03738166
   -0.10009150
    0.03603802
    0.03970058
    0.03602148
   -0.10191153
    0.04078980
    0.03664232
    0.04379671
   -0.02713589
    0.02483121
   -0.09460162
    0.03760804
    0.02587264
   -0.10134214
    0.04097127
    0.03534834
    0.04341910
   -0.02816692
    0.02536701
   -0.09517346
    0.03702075
    0.02546909
   -0.09924103
    0.03631736
    0.03768466
    0.03546181
   -0.09971635
    0.03559974
    0.03935500
    0.03529605
   -0.47963635
    0.32473703
    0.32517734
   -0.07629133
    0.07454440
    0.07100692
    0.07596472
   -0.11040251
    0.16531804
