           1           2  0.58297288552241455     
           1           3  0.57281129116716378     
           1           4  0.56702811121162833     
           1           5  0.57655162139488536     
           2           6   1.2539051793552900     
           6           7   1.1265227704766205     
           7           8   1.6102886426062322     
           2           9   1.2470234010580510     
           8           9   1.1257444302052468     
           3          10   1.2406816449971054     
          10          11   1.1541346627458451     
          11          12   1.5354275489804818     
           3          13   1.2509551059327206     
          12          13   1.1168962357023271     
           4          14   1.2337049284648223     
          14          15   1.1597111130636453     
          15          16   1.5284975825892868     
           4          17   1.2509082221235202     
          16          17   1.1230986188536383     
           5          18   1.2467375532549172     
          18          19   1.1312065305642980     
          19          20   1.6042778668295199     
           5          21   1.2462284297381021     
          20          21   1.1315870389596283     
           6          22   1.3576557859808527     
          21          22   1.3588498317989104     
          22          23  0.96178698978745714     
           9          24   1.3689403703524157     
          10          24   1.3473992145919382     
          24          25  0.96010815793238946     
          13          26   1.3653587755075203     
          14          26   1.3490844367510415     
          26          27  0.95843807144922044     
          17          28   1.3560637950334791     
          18          28   1.3604431773175618     
          28          29  0.95984082005041260     
           8          30   1.0303624210263713     
          30          31  0.98024346916022231     
          30          32  0.97191453192342514     
          30          33  0.97291100340775127     
           7          34   1.0302438587258873     
          34          35  0.97263793097101570     
          34          36  0.97232290270018362     
          34          37  0.98027966963493507     
          11          38   1.0340290181518563     
          38          39  0.96683793331851020     
          38          40  0.97570674218678621     
          38          41  0.97727237670046707     
          12          42   1.1017649492595223     
          42          43  0.95836386154564113     
          42          44   1.8904833276865507     
          44          45  0.97555410081529459     
          44          46  0.97912337446695752     
          15          47   1.0339278876958786     
          47          48  0.96665489505140301     
          47          49  0.97608318213351319     
          47          50  0.97732901604797162     
          16          51   1.1016294989312436     
          51          52  0.95822583711984377     
          51          53   1.8906984152473123     
          53          54  0.97557931381513885     
          53          55  0.97914471973959460     
          19          56   1.0301088298648613     
          56          57  0.97304983121544597     
          56          58  0.97199694549384841     
          56          59  0.98025836718432957     
          20          60   1.0301002125707479     
          60          61  0.98031376557357552     
          60          62  0.97234484603299642     
          60          63  0.97269902661051688     
           1          64  0.27381437116920665     
          64          65  0.87988301713518380     
          64          66  0.88013822848652823     
          67          68  0.97862675003346522     
          67          69  0.98108467172788250     
          67          70  0.97410592138134833     
           1          71  0.44158478686725761     
          67          71  0.99297780788448897     
          71          72  0.94232646235720630     
