    0.46556109
   -0.21643540
   -0.22615345
   -0.24507817
   -0.23903299
    0.05595947
   -0.02816291
   -0.02735726
    0.05641858
    0.05786420
   -0.01811467
   -0.03012862
    0.05464284
    0.05091639
   -0.02347136
   -0.03221784
    0.05225630
    0.04707849
   -0.03036986
   -0.03011192
    0.05301684
   -0.06961479
    0.03754579
   -0.06467864
    0.04037189
   -0.07250477
    0.03768227
   -0.07828536
    0.04011408
   -0.10012020
    0.03742244
    0.03601858
    0.03921301
   -0.09997532
    0.03585270
    0.03943680
    0.03602558
   -0.10211210
    0.04073539
    0.03755197
    0.04414899
   -0.02701576
    0.02507815
   -0.09479520
    0.03755643
    0.02578063
   -0.10051377
    0.04100533
    0.03691807
    0.03832084
   -0.02661295
    0.02706599
   -0.09455428
    0.03241706
    0.02635319
   -0.09940958
    0.03657035
    0.03702470
    0.03532697
   -0.09963710
    0.03526615
    0.03852056
    0.03552589
   -0.47860660
    0.32526188
    0.32491026
   -0.07613364
    0.07431959
    0.07087028
    0.07620103
   -0.11123517
    0.16631265
