    0.44214937
   -0.23477954
   -0.23272481
   -0.20441967
   -0.20594402
    0.04886346
   -0.03121262
   -0.03429703
    0.04447477
    0.04514263
   -0.02885556
   -0.03315744
    0.05437973
    0.05300061
   -0.02308855
   -0.03031249
    0.06103225
    0.05520036
   -0.02821431
   -0.02898521
    0.05311880
   -0.07037784
    0.03610659
   -0.08027441
    0.03148518
   -0.06962724
    0.04136505
   -0.06584279
    0.04302748
   -0.09793427
    0.03341595
    0.03337385
    0.03433772
   -0.09889660
    0.03618762
    0.03536642
    0.03334069
   -0.09845599
    0.03522752
    0.03393332
    0.03630979
   -0.02665239
    0.02502290
   -0.09626663
    0.03256482
    0.02406525
   -0.09992107
    0.03873540
    0.03671553
    0.03773852
   -0.02628168
    0.02513063
   -0.09605947
    0.03643521
    0.02417221
   -0.09956207
    0.03911267
    0.03570485
    0.03451125
   -0.09891498
    0.03456400
    0.03490764
    0.03691383
   -0.48128835
    0.32129053
    0.32113772
   -0.11795031
    0.05669024
    0.05655127
    0.06381495
   -0.08448530
    0.17418782
    0.03867083
    0.07324470
    0.06915480
   -0.13142863
   -0.00324792
    0.06758245
