           1           2  0.58556277956393610     
           1           3  0.58163467370130262     
           1           4  0.59917716775658136     
           1           5  0.59705017733285648     
           2           6   1.2465799858198578     
           6           7   1.1374342046948014     
           7           8   1.5979976540754164     
           2           9   1.2362751046730727     
           8           9   1.1362173170878072     
           3          10   1.2374541655854154     
          10          11   1.1630789489262097     
          11          12   1.5295560934361787     
           3          13   1.2484556779485312     
          12          13   1.1237415592136730     
           4          14   1.2392327136404435     
          14          15   1.1506842337578735     
          15          16   1.5422167357453671     
           4          17   1.2603111403231972     
          16          17   1.1131907668762007     
           5          18   1.2493448133420968     
          18          19   1.1263977331618309     
          19          20   1.6096670525593835     
           5          21   1.2506747524563160     
          20          21   1.1266255191230532     
           6          22   1.3543018666598243     
          21          22   1.3608959260757119     
          22          23  0.96211976503568475     
           9          24   1.3665489359496394     
          10          24   1.3392295368734386     
          24          25  0.96235096350155280     
          13          26   1.3598119622614038     
          14          26   1.3516826524163672     
          26          27  0.95831996595107449     
          17          28   1.3534274302775338     
          18          28   1.3611379893556561     
          28          29  0.95824119730845980     
           8          30   1.0286886420621959     
          30          31  0.98047591476553864     
          30          32  0.97282427977030816     
          30          33  0.97407028789286798     
           7          34   1.0293101175161481     
          34          35  0.97310301824840872     
          34          36  0.97291382512284275     
          34          37  0.98054030113756663     
          11          38   1.0304122813143186     
          38          39  0.97382740452377714     
          38          40  0.97098876080548091     
          38          41  0.98221044501671295     
          12          42   1.0968799887519947     
          42          43  0.95793492569468675     
          42          44   1.8951124908332169     
          44          45  0.97518364633142718     
          44          46  0.97910993175262062     
          15          47   1.0316281341547016     
          47          48  0.97049855085708925     
          47          49  0.97264436302145896     
          47          50  0.98238799814412514     
          16          51   1.0966367647773094     
          51          52  0.95800226295839086     
          51          53   1.8956857071489353     
          53          54  0.97486817787374069     
          53          55  0.97907292755952524     
          19          56   1.0299454013910379     
          56          57  0.97188039625213030     
          56          58  0.97350117608562270     
          56          59  0.98048529003583862     
          20          60   1.0294405856333495     
          60          61  0.98049214777788163     
          60          62  0.97368811425629276     
          60          63  0.97250813035690875     
           1          64  0.26103512717755689     
          64          65  0.88355725929815498     
          64          66  0.88436715588905823     
          67          68  0.97110455590021871     
          67          69  0.97088126528427043     
          67          70  0.98188111911541132     
          71          72  0.94126041323933307     
          67          73   1.0316594244615773     
          71          73   1.1887853748944321     
          71          74   1.2615917542085537     
          73          74  0.11202713432287889     
          74          75  0.95537555403130114     
           1          76  0.50967439684511340     
          74          76   1.4795515070747627     
          73          77   1.5602400347036600     
          76          77   1.2455550195617413     
          77          78  0.95794831963846339     
