    0.39566302
   -0.21013778
   -0.20348370
   -0.20970645
   -0.21618827
    0.04931519
   -0.03249483
   -0.03214530
    0.05128078
    0.05255077
   -0.02264595
   -0.03366909
    0.05541239
    0.05189081
   -0.02334872
   -0.03500612
    0.05260079
    0.04881417
   -0.03297360
   -0.03335192
    0.04865334
   -0.07420788
    0.03133225
   -0.07046449
    0.03213443
   -0.06972818
    0.03198185
   -0.07356600
    0.03102005
   -0.09718929
    0.03201834
    0.03357236
    0.03423189
   -0.09694137
    0.03444486
    0.03196692
    0.03212540
   -0.09897701
    0.03504358
    0.03329478
    0.04092872
   -0.02645123
    0.02203883
   -0.09839534
    0.03260012
    0.02033492
   -0.09867291
    0.03532851
    0.03313461
    0.04086085
   -0.02695730
    0.02262180
   -0.09896879
    0.03211552
    0.02002855
   -0.09682925
    0.03313152
    0.03416569
    0.03189331
   -0.09683623
    0.03397532
    0.03200596
    0.03224817
   -0.11609361
    0.05429932
    0.05448004
    0.06212662
   -0.08660184
    0.17142910
    0.03694473
    0.07460157
    0.06709798
   -0.12539814
   -0.00128879
    0.06450513
   -0.11601693
    0.05473218
    0.05411683
    0.06167681
   -0.08633444
    0.17180777
    0.03683129
    0.07496168
    0.06741351
   -0.12564200
   -0.00148437
    0.06441215
