           1           2  0.58788504374907047     
           1           3  0.58847981261764537     
           1           4  0.58538956667883146     
           1           5  0.58509886269859857     
           2           6   1.2536176327601509     
           6           7   1.1307780528793081     
           7           8   1.6052471809861191     
           2           9   1.2461024356889203     
           8           9   1.1299764053656951     
           3          10   1.2449352267453089     
          10          11   1.1552421682704714     
          11          12   1.5309561304941728     
           3          13   1.2572688270835792     
          12          13   1.1137155002150279     
           4          14   1.2405132830250809     
          14          15   1.1576864340485833     
          15          16   1.5274978951495264     
           4          17   1.2610273117178634     
          16          17   1.1171536867177363     
           5          18   1.2492636471160525     
          18          19   1.1328883165819861     
          19          20   1.6016340055107217     
           5          21   1.2497065207314138     
          20          21   1.1333389759457764     
           6          22   1.3527916084556035     
          21          22   1.3544477386001910     
          22          23  0.96262333802717570     
           9          24   1.3641872946701152     
          10          24   1.3403024099440302     
          24          25  0.96097703257562539     
          13          26   1.3618392123282410     
          14          26   1.3426189280324583     
          26          27  0.95879206088105073     
          17          28   1.3514388177367243     
          18          28   1.3556818637953285     
          28          29  0.96055180034790555     
           8          30   1.0286665799637975     
          30          31  0.98061482901279917     
          30          32  0.97377870753811313     
          30          33  0.97324266478906962     
           7          34   1.0284293199684484     
          34          35  0.97361918745236431     
          34          36  0.97370844649733412     
          34          37  0.98063237039762452     
          11          38   1.0323278657944883     
          38          39  0.96827927892348886     
          38          40  0.97670911375740554     
          38          41  0.97751551589308705     
          12          42   1.1072527316492202     
          42          43  0.95848990482415886     
          42          44   1.8831479714605193     
          44          45  0.97590858661320967     
          44          46  0.97949169813897274     
          15          47   1.0323845831667513     
          47          48  0.96828591407655062     
          47          49  0.97643229948844867     
          47          50  0.97771650617421391     
          16          51   1.1066458295634614     
          51          52  0.95870045448604069     
          51          53   1.8835049853331036     
          53          54  0.97592288292986495     
          53          55  0.97948143884295713     
          19          56   1.0285975918854802     
          56          57  0.97350744706105197     
          56          58  0.97355094717544766     
          56          59  0.98063186078884246     
          20          60   1.0283574436519913     
          60          61  0.97383596179116272     
          60          62  0.98065006288971124     
          60          63  0.97358730589679232     
          64          65  0.97152941893065714     
          64          66  0.97146649436711674     
          64          67  0.98215468669409933     
          68          69  0.94210613687156453     
          64          70   1.0312926381686500     
          68          70   1.1870129611686373     
          68          71   1.2607548795783439     
          70          71  0.11280546539175201     
          71          72  0.95535044222073440     
           1          73  0.49384148724998278     
          71          73   1.4857728596713433     
          70          74   1.5615285438673188     
          73          74   1.2502502873735870     
          74          75  0.96061356649613039     
          76          77  0.97139573475162921     
          76          78  0.97166861363088586     
          76          79  0.98223879738258224     
          80          81  0.94198478454631096     
          76          82   1.0312244084718192     
          80          82   1.1871481587628518     
          80          83   1.2615083552102433     
          82          83  0.11266314277212147     
          83          84  0.95525780341935218     
           1          85  0.49370134555424477     
          83          85   1.4857705470616414     
          82          86   1.5614148799618373     
          85          86   1.2502743805042076     
          86          87  0.96057370285615273     
