           1           2  0.63894459210815679     
           1           3  0.66176653999109347     
           1           4  0.61321856290197696     
           1           5  0.68693949362483897     
           2           6   1.2305207700260614     
           6           7   1.1269933096278093     
           7           8   1.5950482869974751     
           2           9   1.2057902389597570     
           8           9   1.1256099499245309     
           3          10   1.2081604437464499     
          10          11   1.2623411989962281     
          11          12   1.3673465290304758     
           3          13   1.2394828628911407     
          12          13   1.1848455303356273     
           4          14   1.2139079789496146     
          14          15   1.1636641075112271     
          15          16   1.5013781120795269     
           4          17   1.2253794814325853     
          16          17   1.1241248436728708     
           5          18   1.2163425054023649     
          18          19   1.2088539835416696     
          19          20   1.4755556071006146     
           5          21   1.2170242989359881     
          20          21   1.2120498998012532     
           6          22   1.3813033682825218     
          21          22   1.2856262260150213     
          22          23  0.96222067573696479     
           9          24   1.4147091757912780     
          10          24   1.2549682792413848     
          24          25  0.95896821197762849     
          13          26   1.2908189267405865     
          14          26   1.3638720515322489     
          26          27  0.95787755522050089     
          17          28   1.3814149115241690     
          18          28   1.2908287151054805     
          28          29  0.95954010539785262     
           8          30   1.0313199597856453     
          30          31  0.98009913919725589     
          30          32  0.97150652318190178     
          30          33  0.97176828348407285     
           7          34   1.0306671231939679     
          34          35  0.97111916489280148     
          34          36  0.97315635395021871     
          34          37  0.98016018081748035     
          11          38   1.0339414225868488     
          38          39  0.96640190089168754     
          38          40  0.97650258936787815     
          38          41  0.97585020285761681     
          12          42   1.1366303184442863     
          42          43  0.95816349568543646     
          42          44   1.8415130381323546     
          44          45  0.97549587400026616     
          44          46  0.97995582005298953     
          15          47   1.0342207888652464     
          47          48  0.96629689115105077     
          47          49  0.97625129175637393     
          47          50  0.97669865376739451     
          16          51   1.1111187715026356     
          51          52  0.95803278257645064     
          51          53   1.8774082816192912     
          53          54  0.97551770714536890     
          53          55  0.97932613549616510     
          19          56   1.0301278009803161     
          56          57  0.97316328281317466     
          56          58  0.97191112828402193     
          56          59  0.98010163345928425     
          20          60   1.0293238669688245     
          60          61  0.98017561456605939     
          60          62  0.97418544660692408     
          60          63  0.97199344468485593     
          64          65  0.97110636450727217     
          64          66  0.97094753281768542     
          64          67  0.98199245512045186     
          68          69  0.94138519403047449     
          64          70   1.0320483960771778     
          68          70   1.1875345568459017     
          68          71   1.2713211289226385     
          70          71  0.11233016800828452     
          71          72  0.95811233255098383     
           1          73  0.31928340791277315     
          71          73   1.5285149054463965     
          70          74   1.5619460782177106     
          73          74   1.2741319605741392     
          74          75  0.96436724463423618     
          76          77  0.98020262570567041     
          76          78  0.97856422474295379     
          76          79  0.98641002498340402     
          76          80   1.0270966445941245     
          80          81  0.96800374530587663     
          80          82  0.97614564350768851     
           1          83  0.18154294955456016     
          80          83  0.97752979832824560     
          83          84   1.0089179830568713     
          84          85  0.97572717571020706     
          84          86  0.98351093630402298     
          84          87  0.97897086255577215     
