    0.42939015
   -0.21955331
   -0.21898920
   -0.22186220
   -0.22192074
    0.05285691
   -0.02958674
   -0.02958516
    0.05343598
    0.05196687
   -0.02256540
   -0.03478653
    0.05523808
    0.05228285
   -0.02456218
   -0.03339618
    0.05631860
    0.05249027
   -0.03187999
   -0.03120164
    0.05168658
   -0.07166527
    0.03535856
   -0.07036065
    0.03411399
   -0.07324939
    0.03008084
   -0.06937237
    0.03344462
   -0.09814397
    0.03396818
    0.03432919
    0.03697821
   -0.09838655
    0.03827000
    0.03320408
    0.03401540
   -0.09960419
    0.03613306
    0.03410295
    0.04169420
   -0.02738030
    0.02269579
   -0.09732872
    0.03372101
    0.02228284
   -0.09873110
    0.03575083
    0.03318954
    0.04107252
   -0.02702854
    0.02369606
   -0.09680946
    0.03377790
    0.02217528
   -0.09803261
    0.03656461
    0.03469077
    0.03354045
   -0.09832829
    0.03375923
    0.03313177
    0.03761137
   -0.11715149
    0.05601315
    0.05619578
    0.06340618
   -0.08453787
    0.17382380
    0.03796530
    0.07425953
    0.06954656
   -0.12947711
   -0.00167138
    0.06614297
   -0.10864726
    0.04533228
    0.05804956
    0.04912397
   -0.02012899
    0.05563242
    0.05095710
   -0.06175757
   -0.07167355
    0.06334703
    0.05923854
    0.07130223
