    0.58118368
   -0.22652531
   -0.22463568
   -0.22227933
   -0.22228123
    0.06060908
   -0.01549148
   -0.01705635
    0.05935462
    0.06104140
   -0.00964057
   -0.02059085
    0.06177514
    0.06074770
   -0.01048535
   -0.01821693
    0.06483294
    0.06175609
   -0.01476309
   -0.01440677
    0.06121359
   -0.06300464
    0.06418391
   -0.06450520
    0.06058804
   -0.06610476
    0.05643285
   -0.06313281
    0.06093867
   -0.10864293
    0.05341677
    0.05008927
    0.05230749
   -0.10929715
    0.05402162
    0.05069942
    0.05344915
   -0.10987888
    0.05461649
    0.04825191
    0.05952238
   -0.02982277
    0.03754656
   -0.08526947
    0.05041901
    0.04816353
   -0.10929844
    0.05441682
    0.04751766
    0.05899210
   -0.02941967
    0.03840824
   -0.08489636
    0.05085166
    0.04819704
   -0.10924943
    0.05443775
    0.05078868
    0.05388316
   -0.10954568
    0.05403886
    0.05093808
    0.05439111
   -0.12536976
    0.07218642
    0.07244194
    0.07411294
   -0.06908466
    0.19338785
    0.04969214
    0.07820933
    0.07387771
   -0.14900234
   -0.00217984
    0.06866355
   -0.11293875
    0.06244191
    0.05272331
    0.05998090
   -0.02417765
    0.05753192
    0.06998119
   -0.03508565
   -0.07976929
    0.06960978
    0.08018042
    0.07700530
