    0.51891282
   -0.22486527
   -0.21341538
   -0.23628610
   -0.21801167
    0.05857148
   -0.02490164
   -0.02236534
    0.05993564
    0.05382970
   -0.02519618
   -0.03425190
    0.05598990
    0.05797890
   -0.02016870
   -0.02876015
    0.05872029
    0.05019045
   -0.03144600
   -0.03439929
    0.04875983
   -0.08177068
    0.03524045
   -0.07214379
    0.03868526
   -0.08073540
    0.03321800
   -0.07624699
    0.03466685
   -0.10025079
    0.03692281
    0.03794498
    0.04253324
   -0.09944781
    0.04117443
    0.03599574
    0.03663927
   -0.09911479
    0.03774313
    0.03348562
    0.04343223
   -0.02806432
    0.02111575
   -0.09982352
    0.03420979
    0.02101393
   -0.09980241
    0.03909132
    0.03616871
    0.04375596
   -0.02730648
    0.02619421
   -0.09601699
    0.03589781
    0.02465734
   -0.09756357
    0.03552454
    0.03485544
    0.03473174
   -0.09773517
    0.03471446
    0.03233539
    0.03612337
   -0.11597598
    0.05522453
    0.05518101
    0.06247790
   -0.08694862
    0.17262574
    0.03724824
    0.08511637
    0.06075940
   -0.18231195
    0.00473551
    0.05715320
   -0.10519706
    0.04536765
    0.05682494
    0.04892779
   -0.00899158
    0.05158909
    0.04602485
   -0.13234187
   -0.06007884
    0.06063874
    0.05495351
    0.06612699
