    0.63764788
   -0.20772620
   -0.20636104
   -0.20852644
   -0.20807518
    0.06377606
   -0.01950883
   -0.02150013
    0.07190529
    0.07112648
   -0.01436852
   -0.02246090
    0.06560775
    0.06257395
   -0.01536862
   -0.02479833
    0.07006292
    0.06398182
   -0.02256866
   -0.02063902
    0.06205171
   -0.06308885
    0.04772646
   -0.05941212
    0.04870586
   -0.06177300
    0.04695774
   -0.06566509
    0.05255709
   -0.10192717
    0.04013120
    0.04846353
    0.03651575
   -0.10191486
    0.03876901
    0.04645345
    0.04026323
   -0.10341420
    0.03653160
    0.04948255
    0.04636317
   -0.02585069
    0.02803717
   -0.09228552
    0.04295123
    0.03005431
   -0.10249341
    0.04019676
    0.04745472
    0.04319566
   -0.02595559
    0.03019955
   -0.09320779
    0.04150465
    0.03058373
   -0.10216660
    0.03941857
    0.04540423
    0.04039679
   -0.10211471
    0.03960971
    0.04048120
    0.04546320
   -0.16529794
   -0.29475096
   -0.11742493
    0.05769373
    0.05788693
    0.06416968
   -0.08432192
    0.17592168
    0.03902037
    0.08581983
    0.06171733
   -0.18165465
    0.00423600
    0.05755034
