           1           2  0.57576859290602556     
           1           3  0.57496207875086958     
           1           4  0.57317763938453758     
           1           5  0.58657932916145961     
           2           6   1.2542270890378822     
           6           7   1.1260080532294543     
           7           8   1.6049723276014025     
           2           9   1.2479583327374679     
           8           9   1.1274528003608058     
           3          10   1.2483469709138959     
          10          11   1.1519006275610111     
          11          12   1.5342959045494422     
           3          13   1.2553300018224922     
          12          13   1.1157496835058989     
           4          14   1.2395360530214798     
          14          15   1.1504560177729541     
          15          16   1.5403158191776856     
           4          17   1.2626618324960293     
          16          17   1.1174400155338164     
           5          18   1.2486219270607581     
          18          19   1.1315220236970200     
          19          20   1.5997953735892061     
           5          21   1.2471423889551152     
          20          21   1.1306838282154434     
           6          22   1.3555417366961320     
          21          22   1.3559686531154163     
          22          23  0.96124177259821453     
           9          24   1.3685561790078939     
          10          24   1.3441777902985905     
          24          25  0.95935874153120371     
          13          26   1.3596722848406471     
          14          26   1.3481593111984860     
          26          27  0.95949499479977929     
          17          28   1.3532484485538565     
          18          28   1.3611005334227015     
          28          29  0.95701055151840686     
           8          30   1.0315398011861869     
          30          31  0.97993170578060385     
          30          32  0.97076123986477081     
          30          33  0.97248374541251414     
           7          34   1.0319333957022854     
          34          35  0.97232838634844965     
          34          36  0.97048830368241057     
          34          37  0.97996225692651495     
          11          38   1.0350545301109904     
          38          39  0.97597363428675221     
          38          40  0.96524825767653533     
          38          41  0.97710441551593874     
          12          42   1.1010256043212616     
          42          43  0.95821345821201598     
          42          44   1.8924183474584064     
          44          45  0.97505860837421232     
          44          46  0.97882607589528858     
          15          47   1.0337697369986263     
          47          48  0.97207734160625892     
          47          49  0.96824398595927719     
          47          50  0.98186825071314054     
          16          51   1.0926036915006379     
          51          52  0.95736181075069882     
          51          53   1.9015224671296598     
          53          54  0.97437383853642578     
          53          55  0.97861385694293124     
          19          56   1.0314668897785162     
          56          57  0.97271058158088697     
          56          58  0.97062673060653748     
          56          59  0.97987122050892994     
          20          60   1.0317279153869230     
          60          61  0.97246586087104792     
          60          62  0.97992225374218311     
          60          63  0.97063606738927111     
           1          64   1.1711288545657494     
           1          65  0.67742207747921801     
          64          65   1.1822816603280188     
          66          67  0.97047645456758835     
          66          68  0.97044115479799786     
          66          69  0.98170095157348902     
          70          71  0.94029103082391119     
          66          72   1.0325106741928796     
          70          72   1.1872656926384177     
          70          73   1.2752913304646802     
          72          73  0.11157809652267969     
          73          74  0.95924471326268201     
           1          75  0.32161065265498989     
          73          75   1.5237946353501226     
          72          76   1.5618417580953889     
          75          76   1.2719136173318557     
          76          77  0.96548276572222536     
