    0.46616180
   -0.21903580
   -0.21440002
   -0.24422135
   -0.25092141
    0.05405333
   -0.02885897
   -0.02706604
    0.05690497
    0.05976909
   -0.01681669
   -0.02814435
    0.05926419
    0.05179409
   -0.02020181
   -0.03290570
    0.05105199
    0.04636085
   -0.03154215
   -0.03194360
    0.04864823
   -0.07360124
    0.03590194
   -0.06319033
    0.04138489
   -0.06802774
    0.03941193
   -0.07803575
    0.03412489
   -0.10033308
    0.03603568
    0.03968055
    0.03755123
   -0.09972701
    0.03571778
    0.03850694
    0.03601153
   -0.10229536
    0.04070227
    0.03835900
    0.04497095
   -0.02659118
    0.02685824
   -0.09490257
    0.03740777
    0.02613768
   -0.10188161
    0.03868545
    0.03865921
    0.04412623
   -0.02764839
    0.02516121
   -0.09540303
    0.03622910
    0.02541614
   -0.09900709
    0.03607554
    0.03661611
    0.03482203
   -0.09927456
    0.03552549
    0.03495687
    0.03698954
   -0.47989973
    0.32489925
    0.32521356
   -0.07605303
    0.07424134
    0.07084248
    0.07613633
   -0.11174888
    0.16631078
