           1           2  0.58205154318591146     
           1           3  0.58256704299618145     
           1           4  0.56580577037435753     
           1           5  0.56742500380825212     
           2           6   1.2519771292804069     
           6           7   1.1269777670211008     
           7           8   1.6096710402822305     
           2           9   1.2484227307691258     
           8           9   1.1262691167417302     
           3          10   1.2472626287399053     
          10          11   1.1453482862759663     
          11          12   1.5443750756542036     
           3          13   1.2563128692980736     
          12          13   1.1095067235032845     
           4          14   1.2347872909494697     
          14          15   1.1599949962042952     
          15          16   1.5285389693945708     
           4          17   1.2505812183971940     
          16          17   1.1227536156034130     
           5          18   1.2408455641198499     
          18          19   1.1390368837741558     
          19          20   1.5954901079948651     
           5          21   1.2397459812809806     
          20          21   1.1395979556648410     
           6          22   1.3581141124736260     
          21          22   1.3568034641616262     
          22          23  0.96194686985438005     
           9          24   1.3676045798982055     
          10          24   1.3494658786688918     
          24          25  0.96014305558415991     
          13          26   1.3679550080199743     
          14          26   1.3478691881661979     
          26          27  0.95834750766366938     
          17          28   1.3570330853379959     
          18          28   1.3583951454706777     
          28          29  0.96002728916637614     
           8          30   1.0305677623388041     
          30          31  0.98024527759506552     
          30          32  0.97149384200445776     
          30          33  0.97304033102892196     
           7          34   1.0300190587952822     
          34          35  0.97277901758049001     
          34          36  0.97249705207527548     
          34          37  0.98026907080522463     
          11          38   1.0343302832274601     
          38          39  0.96689164154876461     
          38          40  0.97543160701572174     
          38          41  0.97723847899086214     
          12          42   1.1015433099145715     
          42          43  0.95820330812358157     
          42          44   1.8908661984601323     
          44          45  0.97557430068241335     
          44          46  0.97910326833169337     
          15          47   1.0339752206147572     
          47          48  0.97547724144065617     
          47          49  0.96708479270029457     
          47          50  0.97722802137659903     
          16          51   1.1017019862600943     
          51          52  0.95842189794426380     
          51          53   1.8904484219730566     
          53          54  0.97564044990362686     
          53          55  0.97916358237286116     
          19          56   1.0298589196476287     
          56          57  0.97263657166415229     
          56          58  0.97254776053427450     
          56          59  0.98029211416894169     
          20          60   1.0297069596823512     
          60          61  0.97258493297424009     
          60          62  0.98032651019715966     
          60          63  0.97282373427397895     
           1          64  0.27471557887059223     
          64          65  0.87957144500384976     
          64          66  0.87979637699774549     
          67          68  0.97874358447137988     
          67          69  0.98100432280609273     
          67          70  0.97457122168932209     
           1          71  0.43894881139258463     
          67          71  0.99315573959400438     
          71          72  0.94209286909740253     
