    0.46570535
   -0.21789557
   -0.24778485
   -0.24438980
   -0.21792134
    0.05728337
   -0.02679884
   -0.02873414
    0.05455713
    0.04999362
   -0.02361618
   -0.03397666
    0.04933277
    0.04841576
   -0.02248809
   -0.03088103
    0.05406502
    0.05566520
   -0.02579604
   -0.02529275
    0.05931330
   -0.06393454
    0.04152668
   -0.07212913
    0.03601490
   -0.07767716
    0.03388473
   -0.06974393
    0.03932589
   -0.09974391
    0.03611840
    0.03843195
    0.03603696
   -0.10037579
    0.03736484
    0.04002742
    0.03601546
   -0.10096289
    0.03711501
    0.03610698
    0.04299384
   -0.02828685
    0.02438776
   -0.09527471
    0.03568211
    0.02512583
   -0.10079649
    0.03908497
    0.03494590
    0.04335258
   -0.02756744
    0.02608234
   -0.09444103
    0.03702885
    0.02604445
   -0.10025368
    0.03997293
    0.03782632
    0.03680796
   -0.10052551
    0.03682547
    0.03947300
    0.03884398
   -0.47955759
    0.32493545
    0.32521239
   -0.07600667
    0.07097833
    0.07425144
    0.07611246
   -0.11178655
    0.16637007
