           1           2  0.58244279252007880     
           1           3  0.56765417021276598     
           1           4  0.56638188114949606     
           1           5  0.58229727360163253     
           2           6   1.2565734770877675     
           6           7   1.1261228777506929     
           7           8   1.6105604344447217     
           2           9   1.2445354845652741     
           8           9   1.1256011798534173     
           3          10   1.2346316779500830     
          10          11   1.1625428395071182     
          11          12   1.5264948977766748     
           3          13   1.2473581218528584     
          12          13   1.1239063066551056     
           4          14   1.2319038898457790     
          14          15   1.1592557663535326     
          15          16   1.5292536623964057     
           4          17   1.2534594252647695     
          16          17   1.1235509209033168     
           5          18   1.2500115526882078     
          18          19   1.1235986849753130     
          19          20   1.6128344233865426     
           5          21   1.2518462750870287     
          20          21   1.1239350051443449     
           6          22   1.3565910280750306     
          21          22   1.3637069309719125     
          22          23  0.96148879238250384     
           9          24   1.3700274907991310     
          10          24   1.3421198303298358     
          24          25  0.96041361922165980     
          13          26   1.3614660602954058     
          14          26   1.3502330319997338     
          26          27  0.95848256521111275     
          17          28   1.3540962241204184     
          18          28   1.3649608893631220     
          28          29  0.95969089841780009     
           8          30   1.0300974931447888     
          30          31  0.98023304609547712     
          30          32  0.97249299646964227     
          30          33  0.97268872852963006     
           7          34   1.0305709932247833     
          34          35  0.97283128856256562     
          34          36  0.97169107373772379     
          34          37  0.98026538783721850     
          11          38   1.0333143815685344     
          38          39  0.96739554889689006     
          38          40  0.97604652867796171     
          38          41  0.97726791697306714     
          12          42   1.1020991785183885     
          42          43  0.95828258854465576     
          42          44   1.8898768598254287     
          44          45  0.97569152708334306     
          44          46  0.97919116908086212     
          15          47   1.0335232897398707     
          47          48  0.96719716802890376     
          47          49  0.97594919642634415     
          47          50  0.97731929158881514     
          16          51   1.1011470680359319     
          51          52  0.95838590536358925     
          51          53   1.8912898121317823     
          53          54  0.97554516569585137     
          53          55  0.97909777551731703     
          19          56   1.0306848227409380     
          56          57  0.97191222509841591     
          56          58  0.97251852027291064     
          56          59  0.98019086831776203     
          20          60   1.0307088697874005     
          60          61  0.98023483458428351     
          60          62  0.97203057322838615     
          60          63  0.97244024490308256     
           1          64  0.27449596006692495     
          64          65  0.88001465055483274     
          64          66  0.88019110674800771     
          67          68  0.98098610740362957     
          67          69  0.97869604396894494     
          67          70  0.97452922742562298     
           1          71  0.43965817595774676     
          67          71  0.99307012411107753     
          71          72  0.94190493174275336     
