           1           2  0.58279093694243533     
           1           3  0.56842082085631884     
           1           4  0.56586954839477455     
           1           5  0.58225995672459874     
           2           6   1.2565091310370649     
           6           7   1.1259676636447429     
           7           8   1.6106865329852074     
           2           9   1.2447508074872791     
           8           9   1.1254804556386522     
           3          10   1.2350714430504006     
          10          11   1.1620139154231965     
          11          12   1.5271126454121302     
           3          13   1.2475690419431289     
          12          13   1.1235768084671747     
           4          14   1.2322041423414458     
          14          15   1.1590836282069656     
          15          16   1.5293494435820791     
           4          17   1.2535439369811954     
          16          17   1.1232821199581149     
           5          18   1.2497116305522276     
          18          19   1.1241540517928184     
          19          20   1.6121357729616030     
           5          21   1.2514743233097310     
          20          21   1.1245143465559511     
           6          22   1.3566753297548664     
          21          22   1.3635012038568224     
          22          23  0.96150236855423554     
           9          24   1.3699595209504085     
          10          24   1.3423333971953395     
          24          25  0.96045411030491301     
          13          26   1.3614325847659947     
          14          26   1.3502593756415862     
          26          27  0.95855540420682273     
          17          28   1.3544278540779970     
          18          28   1.3644264037053102     
          28          29  0.95966922831739720     
           8          30   1.0301191712878037     
          30          31  0.98023838702164690     
          30          32  0.97237837445762021     
          30          33  0.97277759267566055     
           7          34   1.0305634561872834     
          34          35  0.97294220682871568     
          34          36  0.97160058036499075     
          34          37  0.98026315140704867     
          11          38   1.0333327657275235     
          38          39  0.96738792556360109     
          38          40  0.97606835025809147     
          38          41  0.97727206606385730     
          12          42   1.1019364753742376     
          42          43  0.95827219632474792     
          42          44   1.8900389112631524     
          44          45  0.97569217185413015     
          44          46  0.97918690604453629     
          15          47   1.0334871494463580     
          47          48  0.97607857408845122     
          47          49  0.96733965428650248     
          47          50  0.97720226536030363     
          16          51   1.1012507103613032     
          51          52  0.95811672567708195     
          51          53   1.8912766360774116     
          53          54  0.97563219329871731     
          53          55  0.97913132269631176     
          19          56   1.0306163170961500     
          56          57  0.97166096008638159     
          56          58  0.97287193327290111     
          56          59  0.98018405572143963     
          20          60   1.0307061317943933     
          60          61  0.97240540671431863     
          60          62  0.98024813650903542     
          60          63  0.97206080702814968     
           1          64  0.27482293482165548     
          64          65  0.88047366702363816     
          64          66  0.88022764131723219     
          67          68  0.98101705536688621     
          67          69  0.97870704118733942     
          67          70  0.97453427082671285     
           1          71  0.43852131418145340     
          67          71  0.99320366430293372     
          71          72  0.94204268698485516     
