    0.39395479
   -0.20984268
   -0.20805550
   -0.20910446
   -0.21077726
    0.04891485
   -0.03358877
   -0.03112059
    0.05163615
    0.05197418
   -0.02540198
   -0.03557502
    0.05377697
    0.04950320
   -0.02459616
   -0.03360220
    0.05484715
    0.05157522
   -0.03079950
   -0.03383143
    0.04901223
   -0.07652383
    0.02982972
   -0.06882875
    0.03317818
   -0.07520358
    0.03599588
   -0.06873531
    0.03286774
   -0.09737803
    0.03196741
    0.03477641
    0.03366486
   -0.09665401
    0.03176122
    0.03371413
    0.03192550
   -0.09805828
    0.03514768
    0.03505343
    0.03519853
   -0.02596835
    0.02326946
   -0.09817908
    0.02836066
    0.02104414
   -0.09867091
    0.03367409
    0.03417027
    0.04088608
   -0.02653826
    0.02292753
   -0.09859748
    0.03225525
    0.02015938
   -0.09727493
    0.03393421
    0.03520657
    0.03199092
   -0.09662621
    0.03183206
    0.03207379
    0.03349226
   -0.11591810
    0.05448436
    0.05411758
    0.06135019
   -0.08626184
    0.17193974
    0.03654788
    0.07538891
    0.06842913
   -0.12605770
   -0.00157895
    0.06473076
   -0.11608108
    0.05458562
    0.05412477
    0.06207468
   -0.08657026
    0.17150872
    0.03678849
    0.07491759
    0.06776031
   -0.12569006
   -0.00127629
    0.06466597
