           1           2  0.58871080722962654     
           1           3  0.58840544620183599     
           1           4  0.58735572416753545     
           1           5  0.58791316084704714     
           2           6   1.2535166451341873     
           6           7   1.1306725846713228     
           7           8   1.6055172393924400     
           2           9   1.2458985503283664     
           8           9   1.1296681369564716     
           3          10   1.2458903885382737     
          10          11   1.1586904491300916     
          11          12   1.5319252923945241     
           3          13   1.2537731919028265     
          12          13   1.1164787538472840     
           4          14   1.2376447529330383     
          14          15   1.1577611728360275     
          15          16   1.5272508696310367     
           4          17   1.2631101166908902     
          16          17   1.1170593125599746     
           5          18   1.2501582960538546     
          18          19   1.1309009208670275     
          19          20   1.6038721355739600     
           5          21   1.2497254567745333     
          20          21   1.1316696293616839     
           6          22   1.3503847540608362     
          21          22   1.3534132468334485     
          22          23  0.96275880679957815     
           9          24   1.3677235064722357     
          10          24   1.3384004566637275     
          24          25  0.96239570335245783     
          13          26   1.3573167040501046     
          14          26   1.3427779546797041     
          26          27  0.95716106478369190     
          17          28   1.3512979493673387     
          18          28   1.3588559778336295     
          28          29  0.96040671926341514     
           8          30   1.0288151437910538     
          30          31  0.98064594167088870     
          30          32  0.97304485070895586     
          30          33  0.97383078520882849     
           7          34   1.0282203875040152     
          34          35  0.97410823125640100     
          34          36  0.97346818068354257     
          34          37  0.98065018058038045     
          11          38   1.0306435167911210     
          38          39  0.97346885522454685     
          38          40  0.97107329399090858     
          38          41  0.98237936616454702     
          12          42   1.1001542498707215     
          42          43  0.95807513197141214     
          42          44   1.8901854599931345     
          44          45  0.97521578449189539     
          44          46  0.97928120061951252     
          15          47   1.0321727789537878     
          47          48  0.97699520507428994     
          47          49  0.96827248843248825     
          47          50  0.97727135027952650     
          16          51   1.1077507001280591     
          51          52  0.95883004498950253     
          51          53   1.8827592368180164     
          53          54  0.97585900515783075     
          53          55  0.97950166076346346     
          19          56   1.0289842071312865     
          56          57  0.97296344446051208     
          56          58  0.97365632980612382     
          56          59  0.98061822647206554     
          20          60   1.0281951418296997     
          60          61  0.97365661466543330     
          60          62  0.98064440239819306     
          60          63  0.97398535666050312     
          64          65  0.97144021259901159     
          64          66  0.97169089202472847     
          64          67  0.98228953972887512     
          68          69  0.94192308739594754     
          64          70   1.0311930271918570     
          68          70   1.1868986728715496     
          68          71   1.2625053507653954     
          70          71  0.11264585586958252     
          71          72  0.95432233879017903     
           1          73  0.48899145965460461     
          71          73   1.4875712560632770     
          70          74   1.5616632296851178     
          73          74   1.2512547199332655     
          74          75  0.96012404032916154     
          76          77  0.97138409419021876     
          76          78  0.97163162448587681     
          76          79  0.98215797393292192     
          80          81  0.94206185996486047     
          76          82   1.0312911929729616     
          80          82   1.1868114967168539     
          80          83   1.2615281092820694     
          82          83  0.11279927136211849     
          83          84  0.95476516138909118     
           1          85  0.48989874543816680     
          83          85   1.4872697289215124     
          82          86   1.5617312590220738     
          85          86   1.2510302424811113     
          86          87  0.96019927041620512     
