           1           2  0.56805655499782770     
           1           3  0.56713682907371443     
           1           4  0.57949942543894462     
           1           5  0.58303332241726957     
           2           6   1.2423721716514522     
           6           7   1.1393378088827286     
           7           8   1.5962125863754448     
           2           9   1.2374044790155398     
           8           9   1.1383067453527991     
           3          10   1.2352610603427481     
          10          11   1.1594082298697215     
          11          12   1.5297972432647819     
           3          13   1.2491173528222117     
          12          13   1.1223627698025260     
           4          14   1.2438703322507483     
          14          15   1.1461949458730458     
          15          16   1.5484308952277139     
           4          17   1.2603982314520550     
          16          17   1.1110331503870614     
           5          18   1.2511528000300765     
          18          19   1.1266868233860468     
          19          20   1.6091862859789918     
           5          21   1.2491816031667886     
          20          21   1.1273058312702353     
           6          22   1.3540186980040729     
          21          22   1.3606314242174185     
          22          23  0.96198247117865554     
           9          24   1.3647254811427727     
          10          24   1.3464435793346934     
          24          25  0.96054674069305057     
          13          26   1.3624157730420368     
          14          26   1.3523739734972793     
          26          27  0.95979652380466185     
          17          28   1.3583990817257032     
          18          28   1.3616924460685280     
          28          29  0.95772802646393584     
           8          30   1.0296464043366917     
          30          31  0.98028858282604725     
          30          32  0.97218188023669039     
          30          33  0.97336118673437588     
           7          34   1.0297164681270166     
          34          35  0.97288202478216568     
          34          36  0.97251022379533736     
          34          37  0.98035952970455498     
          11          38   1.0333063921674190     
          38          39  0.96730165548109781     
          38          40  0.97623378025446617     
          38          41  0.97723863466508609     
          12          42   1.1017671086971588     
          42          43  0.95852953152129949     
          42          44   1.8905553424437149     
          44          45  0.97554517447162614     
          44          46  0.97911249627723018     
          15          47   1.0325519977166326     
          47          48  0.96947308212764893     
          47          49  0.97256899952245268     
          47          50  0.98208263445828958     
          16          51   1.0943562724548441     
          51          52  0.95753715063802292     
          51          53   1.8988735391871283     
          53          54  0.97501771723797848     
          53          55  0.97889598729071636     
          19          56   1.0308835443604254     
          56          57  0.97212658743894409     
          56          58  0.97189104350037736     
          56          59  0.98029335226267200     
          20          60   1.0299576605947334     
          60          61  0.98028663781427494     
          60          62  0.97288997776816100     
          60          63  0.97252745028499921     
           1          64  0.27387122278875919     
          64          65  0.87983949787314730     
          64          66  0.87982422458003218     
          67          68  0.98102396916019441     
          67          69  0.97868313079290414     
          67          70  0.97435773156680694     
           1          71  0.44058619374045116     
          67          71  0.99307238377403162     
          71          72  0.94173845814148782     
