    0.44059761
   -0.23404110
   -0.21007359
   -0.20420472
   -0.22848029
    0.04779589
   -0.03200933
   -0.03318272
    0.04607464
    0.05058941
   -0.02225062
   -0.03051077
    0.05842958
    0.05637776
   -0.01875138
   -0.03170120
    0.05653719
    0.04956604
   -0.03132606
   -0.03167781
    0.04845010
   -0.07458034
    0.03414353
   -0.07530758
    0.03416419
   -0.06352646
    0.03848632
   -0.07114116
    0.03508399
   -0.09838734
    0.03556738
    0.03363451
    0.03372402
   -0.09850136
    0.03510674
    0.03517120
    0.03342128
   -0.10016322
    0.03555261
    0.03484023
    0.04350113
   -0.02648968
    0.02673539
   -0.09728488
    0.03331855
    0.02337440
   -0.10102378
    0.03720467
    0.03769551
    0.04361118
   -0.02676277
    0.02531602
   -0.09742660
    0.03430725
    0.02291576
   -0.09876984
    0.03602846
    0.03589569
    0.03370110
   -0.09848911
    0.03459787
    0.03383138
    0.03534958
   -0.48057549
    0.32136938
    0.32128532
   -0.11792482
    0.05678938
    0.05647265
    0.06392173
   -0.08412508
    0.17430258
    0.03852653
    0.07277771
    0.06982826
   -0.13168403
   -0.00309974
    0.06750115
