           1           2  0.58532702254689051     
           1           3  0.59578026596004308     
           1           4  0.59742943425559714     
           1           5  0.58536828188424606     
           2           6   1.2459402643607873     
           6           7   1.1370730872313037     
           7           8   1.5978584570033645     
           2           9   1.2383846289987464     
           8           9   1.1368940820785847     
           3          10   1.2415946203780617     
          10          11   1.1527769939677421     
          11          12   1.5347697096070243     
           3          13   1.2571794557920326     
          12          13   1.1138533647323769     
           4          14   1.2418444929524337     
          14          15   1.1500379569487067     
          15          16   1.5371105074231970     
           4          17   1.2596220431636596     
          16          17   1.1124436984624688     
           5          18   1.2440106492906786     
          18          19   1.1356786081996215     
          19          20   1.5991941332602557     
           5          21   1.2437958199975938     
          20          21   1.1356296752523130     
           6          22   1.3550659433987704     
          21          22   1.3590988732081533     
          22          23  0.96213949341982596     
           9          24   1.3639344237955944     
          10          24   1.3447067943245870     
          24          25  0.96079342015598945     
          13          26   1.3630177323507333     
          14          26   1.3503566965507505     
          26          27  0.95846113127473676     
          17          28   1.3562079556192841     
          18          28   1.3570156650780310     
          28          29  0.96025348020522783     
           8          30   1.0289280986030598     
          30          31  0.97318035954388615     
          30          32  0.98046353460149738     
          30          33  0.97333250163199370     
           7          34   1.0291515852167532     
          34          35  0.97312496553888606     
          34          36  0.97314357259879969     
          34          37  0.98047649861536179     
          11          38   1.0326948246375560     
          38          39  0.97640232567619589     
          38          40  0.96822771651811901     
          38          41  0.97724556113936922     
          12          42   1.1048099060385559     
          42          43  0.95813665648274338     
          42          44   1.8867476835427255     
          44          45  0.97581289818309003     
          44          46  0.97931430672943820     
          15          47   1.0335823790315450     
          47          48  0.97562190061672183     
          47          49  0.96762181735629538     
          47          50  0.97751005610751351     
          16          51   1.1038418890817936     
          51          52  0.95843419720532330     
          51          53   1.8874420898383222     
          53          54  0.97579886640642077     
          53          55  0.97931209161221711     
          19          56   1.0294177103885287     
          56          57  0.97297530313900482     
          56          58  0.97290544479085384     
          56          59  0.98046749488158791     
          20          60   1.0291292749068195     
          60          61  0.97325979957086450     
          60          62  0.98047029393541174     
          60          63  0.97310207957330019     
           1          64  0.26245110543177119     
          64          65  0.88381333161482523     
          64          66  0.88396156703658757     
          67          68  0.97099496503846394     
          67          69  0.97094177190503328     
          67          70  0.98185521397085140     
          71          72  0.94119778234553331     
          67          73   1.0317381244251727     
          71          73   1.1887464894901829     
          71          74   1.2622515021627969     
          73          74  0.11221515772938115     
          74          75  0.95386725173494613     
           1          76  0.50939467678950390     
          74          76   1.4791690472994650     
          73          77   1.5599847253641674     
          76          77   1.2463017487686991     
          77          78  0.95862484608110254     
