    0.46619510
   -0.21808391
   -0.24722922
   -0.24360135
   -0.21880058
    0.05714494
   -0.02685828
   -0.02854495
    0.05482961
    0.04989747
   -0.02653614
   -0.03353288
    0.05095513
    0.04818301
   -0.02211686
   -0.03137788
    0.05381041
    0.05537345
   -0.02593343
   -0.02536670
    0.05907136
   -0.06439016
    0.04114459
   -0.07220771
    0.03609650
   -0.07779417
    0.03951915
   -0.07041013
    0.03885796
   -0.09976786
    0.03604406
    0.03866580
    0.03589259
   -0.10029984
    0.03720549
    0.03995485
    0.03594210
   -0.09993190
    0.03657834
    0.03788045
    0.03771004
   -0.02699219
    0.02676000
   -0.09451128
    0.03171678
    0.02629773
   -0.10107268
    0.03620236
    0.03809533
    0.04405501
   -0.02779674
    0.02762245
   -0.09546696
    0.03569883
    0.02573790
   -0.10016180
    0.03939611
    0.03812746
    0.03671696
   -0.10045684
    0.03880589
    0.03674414
    0.03931492
   -0.47931707
    0.32498175
    0.32493821
   -0.07581084
    0.07600071
    0.07088216
    0.07412916
   -0.11145837
    0.16665245
