           1           2  0.58205409163894750     
           1           3  0.56699973381720681     
           1           4  0.56795436942832522     
           1           5  0.58217488969109665     
           2           6   1.2569598429287694     
           6           7   1.1258243788779516     
           7           8   1.6108903127221534     
           2           9   1.2440370475661386     
           8           9   1.1253809554749925     
           3          10   1.2367192511531611     
          10          11   1.1627849855741124     
          11          12   1.5324490837082323     
           3          13   1.2453466977257961     
          12          13   1.1244258298736656     
           4          14   1.2309215995198257     
          14          15   1.1593435343674454     
          15          16   1.5289319410695521     
           4          17   1.2543088194523797     
          16          17   1.1234331992575268     
           5          18   1.2494323066308082     
          18          19   1.1238286027240718     
          19          20   1.6126205962444515     
           5          21   1.2517935879661635     
          20          21   1.1240912059678938     
           6          22   1.3564979473244987     
          21          22   1.3633564296644096     
          22          23  0.96156295929745661     
           9          24   1.3714429885670032     
          10          24   1.3401656600450726     
          24          25  0.96190331561992815     
          13          26   1.3607587595103834     
          14          26   1.3511097540508206     
          26          27  0.95676780339065315     
          17          28   1.3533084165168816     
          18          28   1.3653027899567065     
          28          29  0.95956352091885500     
           8          30   1.0300915618597493     
          30          31  0.98028127525456710     
          30          32  0.97273730006504899     
          30          33  0.97248041310459277     
           7          34   1.0305255201118666     
          34          35  0.97290855162852297     
          34          36  0.97167727694052475     
          34          37  0.98029873777196042     
          11          38   1.0315084498000542     
          38          39  0.97013675609669048     
          38          40  0.97308110327558894     
          38          41  0.98216824801444869     
          12          42   1.0934449419866530     
          42          43  0.95763374669156420     
          42          44   1.8990886988645310     
          44          45  0.97521781663646478     
          44          46  0.97892757478157344     
          15          47   1.0336955433751980     
          47          48  0.97575367895557452     
          47          49  0.96721492127040132     
          47          50  0.97721160369764226     
          16          51   1.1015238042878575     
          51          52  0.95800352841538960     
          51          53   1.8909390436113549     
          53          54  0.97563468279515386     
          53          55  0.97913944919360485     
          19          56   1.0306298337356823     
          56          57  0.97196449826395326     
          56          58  0.97254484632005656     
          56          59  0.98021547246625307     
          20          60   1.0306890688412347     
          60          61  0.97274877799441439     
          60          62  0.98025064071129175     
          60          63  0.97177113705504492     
           1          64  0.27422876413061603     
          64          65  0.88060417526951695     
          64          66  0.88027591971183750     
          67          68  0.97452560478165484     
          67          69  0.98103290589613035     
          67          70  0.97867247714362793     
           1          71  0.43863188728403585     
          67          71  0.99335542343653260     
          71          72  0.94184256012985590     
