    0.42765300
   -0.21804922
   -0.22439059
   -0.22323744
   -0.21704504
    0.05490446
   -0.02841234
   -0.03000945
    0.05271347
    0.04973317
   -0.03309284
   -0.03081106
    0.05314527
    0.05540558
   -0.03391302
   -0.02410838
    0.05196183
    0.05695744
   -0.03472590
   -0.02473822
    0.05344817
   -0.06771115
    0.03621208
   -0.07422708
    0.03356058
   -0.07176855
    0.03179385
   -0.07283090
    0.03682165
   -0.09864237
    0.03473964
    0.03810449
    0.03402060
   -0.09812793
    0.03771856
    0.03288199
    0.03405464
   -0.09904808
    0.03750153
    0.03592610
    0.03646827
   -0.02634153
    0.02468338
   -0.09647811
    0.03183772
    0.02362821
   -0.09928116
    0.03583520
    0.03411986
    0.04132718
   -0.02730790
    0.02326980
   -0.09705601
    0.03373171
    0.02191896
   -0.09764394
    0.03589467
    0.03454481
    0.03303533
   -0.09785585
    0.03344496
    0.03277841
    0.03592170
   -0.11710685
    0.05575648
    0.05609588
    0.06327196
   -0.08488698
    0.17361252
    0.03776361
    0.07411803
    0.06956257
   -0.13029578
   -0.00204098
    0.06608731
   -0.10805495
    0.04532857
    0.05763190
    0.04837140
   -0.02070880
    0.05787067
    0.05064943
   -0.06095238
   -0.07202531
    0.06405427
    0.05905110
    0.07200211
