           1           2  0.58019468334342728     
           1           3  0.57677148886277574     
           1           4  0.57418766364416618     
           1           5  0.57670972065783688     
           2           6   1.2465440659301081     
           6           7   1.1265081343420733     
           7           8   1.6097921031150504     
           2           9   1.2531783923313742     
           8           9   1.1272933945291674     
           3          10   1.2471075419599367     
          10          11   1.1323799419785887     
          11          12   1.6012295669800078     
           3          13   1.2474779524126332     
          12          13   1.1328293993643241     
           4          14   1.2597162124449091     
          14          15   1.1181150618015474     
          15          16   1.5301264737171567     
           4          17   1.2363944642377092     
          16          17   1.1573450365654494     
           5          18   1.2511145258167478     
          18          19   1.1164908796710302     
          19          20   1.5377405273733189     
           5          21   1.2471296790062407     
          20          21   1.1560429200189359     
           6          22   1.3701072278064121     
          21          22   1.3401247625884216     
          22          23  0.96204046508215546     
           9          24   1.3564321592760209     
          10          24   1.3529398531098833     
          24          25  0.96229724706478159     
          13          26   1.3570900188957331     
          14          26   1.3520487164359862     
          26          27  0.96017064082176817     
          17          28   1.3442788686461860     
          18          28   1.3604043862233841     
          28          29  0.95683365872893600     
           7          30   1.0296484624722446     
          30          31  0.97324736028441650     
          30          32  0.97257631062329630     
          30          33  0.98049185572340047     
           8          34   1.0292047056608935     
          34          35  0.97311028048638215     
          34          36  0.97326552264666155     
          34          37  0.98048247651233833     
          20          38   1.0311884101544311     
          38          39  0.97037216617673572     
          38          40  0.97338705520542856     
          38          41  0.98244882784299847     
          19          42   1.0950050304579382     
          42          43  0.95782710453394204     
          42          44   1.8965678907349366     
          44          45  0.97512741703857042     
          44          46  0.97906496331185966     
          16          47   1.0327777633861921     
          47          48  0.96785184480231445     
          47          49  0.97608151794946085     
          47          50  0.97748298307037285     
          15          51   1.1045148055860994     
          51          52  0.95833492784579954     
          51          53   1.8866228251689734     
          53          54  0.97581687240778581     
          53          55  0.97937903147136829     
          12          56   1.0293988658528539     
          56          57  0.97293197834177958     
          56          58  0.97309795136700072     
          56          59  0.98049377282355155     
          11          60   1.0288962073198380     
          60          61  0.98049793008378439     
          60          62  0.97347678179338959     
          60          63  0.97310992592544654     
          64          65  0.97124827670699787     
          64          66  0.97096056682977494     
          64          67  0.98194883801170574     
          68          69  0.94137017994823102     
          64          70   1.0316476964557268     
          68          70   1.1881092460534108     
          68          71   1.2629758096281638     
          70          71  0.11256874442712550     
          71          72  0.95376218632102616     
           1          73  0.49503641198214204     
          71          73   1.4807226715210435     
          70          74   1.5597518753067752     
          73          74   1.2478547510018358     
          74          75  0.95898580467736849     
          76          77  0.98022433903739115     
          76          78  0.97885874898609704     
          76          79  0.98645055183057773     
          76          80   1.0263999139427966     
          80          81  0.96833353337149242     
          80          82  0.97312092837522080     
           1          83  0.39027532725725989     
          80          83  0.96256531943164103     
          83          84  0.99649020719616599     
          84          85  0.97754755679807359     
          84          86  0.98073592368809293     
          84          87  0.97513315491664965     
