    0.44209990
   -0.23480076
   -0.23270120
   -0.20436731
   -0.20601754
    0.04882123
   -0.03121919
   -0.03428493
    0.04449829
    0.04512511
   -0.02886033
   -0.03315001
    0.05442008
    0.05306258
   -0.02306377
   -0.03030773
    0.06105038
    0.05519106
   -0.02822626
   -0.02898742
    0.05310201
   -0.07041794
    0.03609719
   -0.08027768
    0.03149598
   -0.06957037
    0.04138966
   -0.06586479
    0.04302618
   -0.09793722
    0.03434393
    0.03341386
    0.03338525
   -0.09889434
    0.03617254
    0.03537354
    0.03334326
   -0.09845976
    0.03522981
    0.03392513
    0.03631789
   -0.02664618
    0.02504202
   -0.09626503
    0.03254379
    0.02406961
   -0.09992445
    0.03877259
    0.03670276
    0.03774579
   -0.02627541
    0.02513275
   -0.09605630
    0.03642838
    0.02417215
   -0.09955890
    0.03911042
    0.03569896
    0.03450775
   -0.09891646
    0.03456676
    0.03491634
    0.03690165
   -0.48132737
    0.32130699
    0.32111496
   -0.11795116
    0.05673552
    0.05650735
    0.06381618
   -0.08449250
    0.17418476
    0.03867375
    0.07323115
    0.06914448
   -0.13142034
   -0.00326713
    0.06759805
