    0.44077650
   -0.21083949
   -0.20446648
   -0.22745365
   -0.23413402
    0.05035912
   -0.03064130
   -0.02807137
    0.05509457
    0.05624305
   -0.01895765
   -0.03181561
    0.05638735
    0.04975563
   -0.02334452
   -0.03393297
    0.05197226
    0.04789392
   -0.03190850
   -0.03312678
    0.04630181
   -0.07556312
    0.03439884
   -0.06432021
    0.03898057
   -0.07091751
    0.03498096
   -0.07386080
    0.03372442
   -0.09944023
    0.03513668
    0.03443590
    0.03913398
   -0.09851561
    0.03445476
    0.03313764
    0.03720389
   -0.10113022
    0.03489796
    0.03991825
    0.04272906
   -0.02673562
    0.02326485
   -0.09680682
    0.03573386
    0.02308212
   -0.10018350
    0.03418485
    0.03749060
    0.04201917
   -0.02745819
    0.02395673
   -0.09716507
    0.03447920
    0.02265956
   -0.09840941
    0.03523202
    0.03578810
    0.03344480
   -0.09838985
    0.03369335
    0.03586701
    0.03335668
   -0.48035046
    0.32129498
    0.32140330
   -0.11786352
    0.05669013
    0.05654104
    0.06385762
   -0.08420116
    0.17414757
    0.03851374
    0.07259935
    0.06994266
   -0.13145009
   -0.00301929
    0.06731264
