    0.44073479
   -0.21004079
   -0.21094722
   -0.22803322
   -0.22769513
    0.05297641
   -0.02882579
   -0.02965334
    0.05301807
    0.05299486
   -0.02145505
   -0.03186871
    0.05540524
    0.04986102
   -0.02241165
   -0.03487936
    0.05120927
    0.04817197
   -0.03228054
   -0.03047049
    0.05022686
   -0.06974646
    0.03663018
   -0.06930827
    0.03705525
   -0.06938422
    0.03566544
   -0.07599799
    0.03263066
   -0.09898301
    0.03459232
    0.03901101
    0.03316397
   -0.09904745
    0.03513689
    0.03755708
    0.03441778
   -0.10064625
    0.03285917
    0.03997271
    0.04214769
   -0.02710421
    0.02420834
   -0.09682394
    0.03571334
    0.02309887
   -0.10052564
    0.03721970
    0.03534077
    0.04208687
   -0.02785848
    0.02340439
   -0.09716276
    0.03441529
    0.02245489
   -0.09827212
    0.03549309
    0.03483905
    0.03364146
   -0.09895211
    0.03389065
    0.03594611
    0.03566394
   -0.48061560
    0.32111477
    0.32153477
   -0.11781707
    0.05636809
    0.05670856
    0.06386380
   -0.08388649
    0.17434129
    0.03830161
    0.07267277
    0.06998544
   -0.13154214
   -0.00289341
    0.06738240
