           1           2  0.59882919839082471     
           1           3  0.59477194126388577     
           1           4  0.58525565667715895     
           1           5  0.58636459459598145     
           2           6   1.2528611028255285     
           6           7   1.1272723287843724     
           7           8   1.6091126946040690     
           2           9   1.2447605024147368     
           8           9   1.1269848612166522     
           3          10   1.2439272559003700     
          10          11   1.1535410412293641     
          11          12   1.5346953533132905     
           3          13   1.2544854791198181     
          12          13   1.1137256734681455     
           4          14   1.2345402179011684     
          14          15   1.1610542960644312     
          15          16   1.5254997542443451     
           4          17   1.2532707781343881     
          16          17   1.1215303567035975     
           5          18   1.2430547253071447     
          18          19   1.1349437239876690     
          19          20   1.5995704239623236     
           5          21   1.2446883099608672     
          20          21   1.1357098370424576     
           6          22   1.3574573640726393     
          21          22   1.3584176800903649     
          22          23  0.96202234109052565     
           9          24   1.3681899593554798     
          10          24   1.3423050819424132     
          24          25  0.96057571308603307     
          13          26   1.3653026198753533     
          14          26   1.3466580826460588     
          26          27  0.95845606254245319     
          17          28   1.3532914338007800     
          18          28   1.3580930293721742     
          28          29  0.96028361156103181     
           8          30   1.0294385993634791     
          30          31  0.98040872331243079     
          30          32  0.97296042598105847     
          30          33  0.97309596743378401     
           7          34   1.0295859236222358     
          34          35  0.97307024543662990     
          34          36  0.97283598353623923     
          34          37  0.98043170764944487     
          11          38   1.0329894992264106     
          38          39  0.97665715063167979     
          38          40  0.96740534988351423     
          38          41  0.97744691938351780     
          12          42   1.1045644683599656     
          42          43  0.95839368063797969     
          42          44   1.8868465621621011     
          44          45  0.97567224561700672     
          44          46  0.97930781089926722     
          15          47   1.0330993643021817     
          47          48  0.96755338409128133     
          47          49  0.97623406229629672     
          47          50  0.97734257322090778     
          16          51   1.1048581822564880     
          51          52  0.95873737963070926     
          51          53   1.8861585381709716     
          53          54  0.97576340802062866     
          53          55  0.97935703839825483     
          19          56   1.0291964969265459     
          56          57  0.97314450280439857     
          56          58  0.97306253655767971     
          56          59  0.98044389704616763     
          20          60   1.0293716530087067     
          60          61  0.98048515340458919     
          60          62  0.97273127602377019     
          60          63  0.97330620128312040     
           1          64  0.26244521418299538     
          64          65  0.88444233877992740     
          64          66  0.88375487338972158     
          67          68  0.97100819697157137     
          67          69  0.97093573125900057     
          67          70  0.98186585280295702     
          71          72  0.94115955200793100     
          67          73   1.0317678424471681     
          71          73   1.1886484499193553     
          71          74   1.2625800443999091     
          73          74  0.11248452705530076     
          74          75  0.95292970952219669     
           1          76  0.50891444773289984     
          74          76   1.4786571018473120     
          73          77   1.5596491844504332     
          76          77   1.2469909668673851     
          77          78  0.95960539545845025     
