    0.44062777
   -0.23372145
   -0.20962855
   -0.20469071
   -0.22881251
    0.04773150
   -0.03202556
   -0.03308809
    0.04632812
    0.05080675
   -0.02217052
   -0.03048815
    0.05845183
    0.05634308
   -0.01878315
   -0.03179249
    0.05631896
    0.04930972
   -0.03141732
   -0.03165152
    0.04853676
   -0.07456593
    0.03415143
   -0.07495268
    0.03429966
   -0.06352687
    0.03845421
   -0.07149850
    0.03495701
   -0.09841774
    0.03566852
    0.03365104
    0.03374827
   -0.09850106
    0.03510169
    0.03517732
    0.03344058
   -0.10018508
    0.03566356
    0.03483895
    0.04350716
   -0.02645748
    0.02674247
   -0.09727676
    0.03331600
    0.02338928
   -0.10100611
    0.03717231
    0.03768473
    0.04359249
   -0.02679300
    0.02521695
   -0.09742418
    0.03431925
    0.02289324
   -0.09874169
    0.03592137
    0.03587738
    0.03368620
   -0.09849235
    0.03380934
    0.03534948
    0.03461451
   -0.48057931
    0.32135302
    0.32132645
   -0.11792937
    0.05689393
    0.05637642
    0.06391873
   -0.08411561
    0.17430622
    0.03851764
    0.07276064
    0.06982689
   -0.13164250
   -0.00311357
    0.06751101
