           1           2  0.58534153191096161     
           1           3  0.59605030634456801     
           1           4  0.59708670969687483     
           1           5  0.58521373689681655     
           2           6   1.2460121825220389     
           6           7   1.1369579481832497     
           7           8   1.5979713063288705     
           2           9   1.2385251613236037     
           8           9   1.1368060151811599     
           3          10   1.2417437788780299     
          10          11   1.1524939341504099     
          11          12   1.5351766905302620     
           3          13   1.2572133510604093     
          12          13   1.1136648309987773     
           4          14   1.2417393072208858     
          14          15   1.1503383146884343     
          15          16   1.5367297231478587     
           4          17   1.2595366307154356     
          16          17   1.1126463914292992     
           5          18   1.2438919777805530     
          18          19   1.1357594409414868     
          19          20   1.5991003836277800     
           5          21   1.2437566687282249     
          20          21   1.1357282631223802     
           6          22   1.3550473183645706     
          21          22   1.3591265009569813     
          22          23  0.96213688987109958     
           9          24   1.3639500501962007     
          10          24   1.3448335043392989     
          24          25  0.96080417927388939     
          13          26   1.3631307516048374     
          14          26   1.3502085857657433     
          26          27  0.95846195817526070     
          17          28   1.3561013422004349     
          18          28   1.3570045568718485     
          28          29  0.96025075351509148     
           8          30   1.0289464368852077     
          30          31  0.97315293416937942     
          30          32  0.98046369949855694     
          30          33  0.97334124270967259     
           7          34   1.0291505633420834     
          34          35  0.97312468237014826     
          34          36  0.97314653387059402     
          34          37  0.98047443058059247     
          11          38   1.0326988012369056     
          38          39  0.97637593326113592     
          38          40  0.96824105290478402     
          38          41  0.97728122298615239     
          12          42   1.1045754271594865     
          42          43  0.95813628441400733     
          42          44   1.8869949597768321     
          44          45  0.97582722692200818     
          44          46  0.97931046661618515     
          15          47   1.0335909439670659     
          47          48  0.97567144323771782     
          47          49  0.96759258441060947     
          47          50  0.97746911420216420     
          16          51   1.1039859265169067     
          51          52  0.95844702200799914     
          51          53   1.8872804282699698     
          53          54  0.97580511932356162     
          53          55  0.97931579386045620     
          19          56   1.0293995428447953     
          56          57  0.97295015934195173     
          56          58  0.97295061623233592     
          56          59  0.98046852427899200     
          20          60   1.0291330668381882     
          60          61  0.98047314737397462     
          60          62  0.97312543995598433     
          60          63  0.97322873197120352     
           1          64  0.26249052914956444     
          64          65  0.88389043392276112     
          64          66  0.88384729709770060     
          67          68  0.97080413874699478     
          67          69  0.97113314080789681     
          67          70  0.98185552988776481     
          71          72  0.94119628564190305     
          67          73   1.0317369621805248     
          71          73   1.1887474628897763     
          71          74   1.2622280130169186     
          73          74  0.11221951021682502     
          74          75  0.95384315973342493     
           1          76  0.50962757972918904     
          74          76   1.4790745038461985     
          73          77   1.5599852026873222     
          76          77   1.2462543280952867     
          77          78  0.95864937539679151     
