           1           2  0.58537955768977279     
           1           3  0.58432395434457629     
           1           4  0.59463179115653220     
           1           5  0.59860158978447175     
           2           6   1.2474026716118085     
           6           7   1.1372142677048094     
           7           8   1.5981006161897111     
           2           9   1.2375191437060693     
           8           9   1.1362108896603116     
           3          10   1.2348865458081668     
          10          11   1.1626585137647705     
          11          12   1.5246326669625332     
           3          13   1.2500025384166056     
          12          13   1.1227756117481351     
           4          14   1.2399631971649505     
          14          15   1.1504264347624567     
          15          16   1.5366056997447157     
           4          17   1.2619797278194949     
          16          17   1.1131417797292218     
           5          18   1.2505734472637655     
          18          19   1.1257290267099900     
          19          20   1.6103699671563252     
           5          21   1.2497858900296495     
          20          21   1.1260251383935485     
           6          22   1.3535387383525703     
          21          22   1.3623796722992174     
          22          23  0.96201495492459510     
           9          24   1.3651358386722663     
          10          24   1.3415032798156363     
          24          25  0.96086448045850825     
          13          26   1.3605684347597535     
          14          26   1.3514750643869844     
          26          27  0.95840812951799004     
          17          28   1.3541312164723545     
          18          28   1.3607461604615569     
          28          29  0.95991426035810901     
           8          30   1.0287421376296668     
          30          31  0.97332624577195304     
          30          32  0.98045066234415923     
          30          33  0.97347098251385555     
           7          34   1.0293810552110216     
          34          35  0.97265063034310517     
          34          36  0.97330335699093096     
          34          37  0.98049421695986450     
          11          38   1.0322417205564212     
          38          39  0.97679352564013289     
          38          40  0.96823584170577137     
          38          41  0.97733164298205810     
          12          42   1.1046373866024823     
          42          43  0.95839126461707846     
          42          44   1.8866773437255113     
          44          45  0.97579061599024675     
          44          46  0.97932875509021655     
          15          47   1.0333643683241893     
          47          48  0.96744570303878363     
          47          49  0.97616119176727822     
          47          50  0.97733976542299539     
          16          51   1.1043900108420150     
          51          52  0.95846481346313972     
          51          53   1.8872293670754101     
          53          54  0.97567729063191988     
          53          55  0.97929806200934477     
          19          56   1.0298861641855177     
          56          57  0.97283847130542944     
          56          58  0.97261903566110819     
          56          59  0.98040987563297821     
          20          60   1.0295539931807043     
          60          61  0.98043223445488592     
          60          62  0.97306430044472092     
          60          63  0.97293769280699183     
           1          64  0.26243352972478357     
          64          65  0.88385366373749730     
          64          66  0.88423763132682565     
          67          68  0.97091613917760045     
          67          69  0.97100557691894629     
          67          70  0.98187464403565561     
          71          72  0.94121876234866897     
          67          73   1.0317019827078633     
          71          73   1.1887608465673489     
          71          74   1.2621021779124684     
          73          74  0.11194140902001015     
          74          75  0.95476633556978907     
           1          76  0.50954766954108366     
          74          76   1.4798547857372031     
          73          77   1.5602650183304168     
          76          77   1.2456881305061529     
          77          78  0.95780039336231604     
