    0.44105905
   -0.21092059
   -0.20425620
   -0.22749255
   -0.23441598
    0.05030440
   -0.03057381
   -0.02798155
    0.05519765
    0.05615324
   -0.01897292
   -0.03183730
    0.05643924
    0.04972023
   -0.02331418
   -0.03394520
    0.05169021
    0.04804944
   -0.03187956
   -0.03318711
    0.04617790
   -0.07577069
    0.03431119
   -0.06431168
    0.03902638
   -0.07062776
    0.03491193
   -0.07372956
    0.03377882
   -0.09946832
    0.03446452
    0.03916697
    0.03520213
   -0.09852463
    0.03324928
    0.03711889
    0.03448852
   -0.10112709
    0.03493215
    0.03985984
    0.04276173
   -0.02696828
    0.02381347
   -0.09686355
    0.03568822
    0.02302475
   -0.10043394
    0.03675084
    0.03552897
    0.04205682
   -0.02754483
    0.02347236
   -0.09701550
    0.03449642
    0.02248769
   -0.09837598
    0.03568119
    0.03531646
    0.03338183
   -0.09835133
    0.03366365
    0.03588601
    0.03318795
   -0.48052225
    0.32110802
    0.32159472
   -0.11785487
    0.05690105
    0.05639482
    0.06386048
   -0.08418029
    0.17417486
    0.03855681
    0.07270209
    0.06983057
   -0.13162438
   -0.00299447
    0.06744261
