    0.39324334
   -0.20408002
   -0.20325805
   -0.21511435
   -0.21552094
    0.05223496
   -0.03022086
   -0.03260713
    0.05178807
    0.05228816
   -0.02369495
   -0.03279458
    0.05566007
    0.05166733
   -0.02291463
   -0.03713511
    0.04939156
    0.04640135
   -0.03466955
   -0.03156862
    0.05105018
   -0.06905458
    0.03340344
   -0.07245407
    0.03086472
   -0.06792317
    0.03300813
   -0.07909996
    0.02887617
   -0.09700753
    0.03218335
    0.03318002
    0.03378960
   -0.09746996
    0.03431057
    0.03422276
    0.03228668
   -0.09880401
    0.03495260
    0.03269134
    0.04076618
   -0.02624494
    0.02253084
   -0.09826619
    0.03268172
    0.02041168
   -0.09878491
    0.03573847
    0.03359636
    0.04056654
   -0.02746252
    0.02064969
   -0.09921558
    0.03228812
    0.01977186
   -0.09627642
    0.03276401
    0.03219129
    0.03197844
   -0.09732783
    0.03193406
    0.03421336
    0.03424572
   -0.11602128
    0.05473952
    0.05414040
    0.06171762
   -0.08627761
    0.17184436
    0.03677027
    0.07535626
    0.06799592
   -0.12588112
   -0.00152716
    0.06490292
   -0.11604971
    0.05426710
    0.05455946
    0.06173347
   -0.08638535
    0.17174160
    0.03674269
    0.07522699
    0.06789047
   -0.12565129
   -0.00153354
    0.06484577
