    0.39317895
   -0.20406517
   -0.20324687
   -0.21511534
   -0.21548770
    0.05223600
   -0.03021859
   -0.03260718
    0.05178598
    0.05228926
   -0.02369498
   -0.03279351
    0.05565927
    0.05166417
   -0.02291439
   -0.03713593
    0.04939072
    0.04640675
   -0.03466464
   -0.03156436
    0.05105288
   -0.06904867
    0.03340360
   -0.07245636
    0.03086567
   -0.06792728
    0.03300616
   -0.07909500
    0.02887846
   -0.09700734
    0.03218239
    0.03317887
    0.03379061
   -0.09746931
    0.03430666
    0.03422641
    0.03228578
   -0.09880342
    0.03495073
    0.03269210
    0.04076448
   -0.02624519
    0.02253171
   -0.09826594
    0.03268178
    0.02041306
   -0.09878417
    0.03573698
    0.03359349
    0.04056975
   -0.02746721
    0.02064653
   -0.09922212
    0.03228638
    0.01976766
   -0.09627580
    0.03276175
    0.03219573
    0.03197834
   -0.09732885
    0.03193396
    0.03421155
    0.03425210
   -0.11602074
    0.05474041
    0.05413953
    0.06171754
   -0.08627738
    0.17184383
    0.03676976
    0.07536610
    0.06798987
   -0.12588973
   -0.00152381
    0.06490478
   -0.11605166
    0.05430124
    0.05452624
    0.06173596
   -0.08638523
    0.17174197
    0.03674034
    0.07524197
    0.06789087
   -0.12566890
   -0.00152626
    0.06484196
