           1           2  0.63733717937909673     
           1           3  0.67823310572714046     
           1           4  0.67494609763773739     
           1           5  0.63217821530511786     
           2           6   1.2265162622893664     
           6           7   1.1806314253044308     
           7           8   1.4712005547002160     
           2           9   1.1932219048999841     
           8           9   1.1780319937040575     
           3          10   1.1626633179623513     
          10          11   1.2842427522644493     
          11          12   1.3161347386787998     
           3          13   1.2382067176181457     
          12          13   1.1423111729311308     
           4          14   1.1879013090402346     
          14          15   1.2810693273207321     
          15          16   1.3023735523641320     
           4          17   1.2123017288692768     
          16          17   1.1682826221567650     
           5          18   1.2467168624450200     
          18          19   1.1878619654242919     
          19          20   1.4512462634340364     
           5          21   1.1764147579536424     
          20          21   1.2063166999777888     
           6          22   1.2906066127275020     
          21          22   1.3204419398825755     
          22          23  0.95996136131314191     
           9          24   1.3327152262467816     
          10          24   1.2565306931205646     
          24          25  0.95722831568766598     
          13          26   1.3348592691429746     
          14          26   1.2443069837081597     
          26          27  0.95481595149386855     
          17          28   1.3247051485490109     
          18          28   1.2641537506242655     
          28          29  0.95748741666352888     
           8          30   1.0385132843569433     
          30          31  0.97817599806008326     
          30          32  0.96453151331925036     
          30          33  0.96816392553336583     
           7          34   1.0389696243133106     
          34          35  0.96434449464566563     
          34          36  0.96737489447862568     
          34          37  0.97827893224353724     
          11          38   1.0411792191324210     
          38          39  0.95897633343236299     
          38          40  0.97443594706637171     
          38          41  0.97073205389898520     
          12          42   1.1800802250878537     
          42          43  0.95511838419256223     
          42          44   1.7760583510298042     
          44          45  0.97312561715281465     
          44          46  0.97859666835730119     
          15          47   1.0425123257141853     
          47          48  0.95765484240246201     
          47          49  0.97427343886878770     
          47          50  0.97143340608705997     
          16          51   1.1741774493942774     
          51          52  0.95518038740001043     
          51          53   1.7846358091180612     
          53          54  0.97325512864865338     
          53          55  0.97867825767847638     
          19          56   1.0386232107560605     
          56          57  0.96787630605617281     
          56          58  0.96486549370148800     
          56          59  0.97828918183535463     
          20          60   1.0372077966562181     
          60          61  0.97843336051799856     
          60          62  0.96925308402114640     
          60          63  0.96526982814922968     
          64          65  0.96593391038794552     
          64          66  0.96597367240319221     
          64          67  0.97971218488389089     
          68          69  0.93431072689780370     
          64          70   1.0365420111944992     
          68          70   1.1925806910037051     
          68          71   1.2971054372477926     
          70          71  0.10442380536583035     
          71          72  0.94960939380394926     
           1          73  0.51397739016736532     
          71          73   1.4739724141914443     
          70          74   1.5569286316999034     
          73          74   1.2476202310988602     
          74          75  0.95546052146921367     
          76          77  0.96570533338865361     
          76          78  0.96571763565034929     
          76          79  0.97956700460752555     
          80          81  0.93397378806830345     
          76          82   1.0367277077307397     
          80          82   1.1938332737432904     
          80          83   1.2958891688830572     
          82          83  0.10464747716729546     
          83          84  0.95305945371466549     
           1          85  0.52180336205171174     
          83          85   1.4719740099061414     
          82          86   1.5556395603517870     
          85          86   1.2468103173400540     
          86          87  0.95827775654466529     
