           1           2  0.64942566226000165     
           1           3  0.64882322772416323     
           1           4  0.63122275630138702     
           1           5  0.64313889666458246     
           2           6   1.2376008581674383     
           6           7   1.1896913956735931     
           7           8   1.5032784735805862     
           2           9   1.1880193949390980     
           8           9   1.1844013499869355     
           3          10   1.2058252601811503     
          10          11   1.2683731033767909     
          11          12   1.3595103867889422     
           3          13   1.2139197160774458     
          12          13   1.1602514456144615     
           4          14   1.2148826765212508     
          14          15   1.2740778230774610     
          15          16   1.3485858489110309     
           4          17   1.2119251446239985     
          16          17   1.1743904888627614     
           5          18   1.2419944931582132     
          18          19   1.2039242485509525     
          19          20   1.4771743608568797     
           5          21   1.1862859453266417     
          20          21   1.2096521307381056     
           6          22   1.2864694657045148     
          21          22   1.3278277466096517     
          22          23  0.96291062539190020     
           9          24   1.3513204446594638     
          10          24   1.2442656312550029     
          24          25  0.95997010065204513     
          13          26   1.3540752821036506     
          14          26   1.2378531444318241     
          26          27  0.95714441341122791     
          17          28   1.3306612908279212     
          18          28   1.2646118348627768     
          28          29  0.95944742431445862     
           8          30   1.0286931280100984     
          30          31  0.98059111841749469     
          30          32  0.97244316521820429     
          30          33  0.97470931582358722     
           7          34   1.0285675069610205     
          34          35  0.97253633161655251     
          34          36  0.97464092283072801     
          34          37  0.98066341138995128     
          11          38   1.0319445889366532     
          38          39  0.96808767435678900     
          38          40  0.97714653526981687     
          38          41  0.97554338969061882     
          12          42   1.1556825165756388     
          42          43  0.95847675996642068     
          42          44   1.8135133520419937     
          44          45  0.97565776436247043     
          44          46  0.98047761563988822     
          15          47   1.0319345831146820     
          47          48  0.96785354635620235     
          47          49  0.97787611750456982     
          47          50  0.97601227930894174     
          16          51   1.1562864390699148     
          51          52  0.95792567483883317     
          51          53   1.8138176275236981     
          53          54  0.97560836590449973     
          53          55  0.98054463967932737     
          19          56   1.0282428669115879     
          56          57  0.97492407509485968     
          56          58  0.97273254718171298     
          56          59  0.98062417823063619     
          20          60   1.0283244772296425     
          60          61  0.98070088456937810     
          60          62  0.97512370457777386     
          60          63  0.97254923059164378     
          64          65  0.97010993769214582     
          64          66  0.97039637495629727     
          64          67  0.98138636618932895     
          68          69  0.93942430891791073     
          64          70   1.0326499840873975     
          68          70   1.1861955690196184     
          68          71   1.2814933797259667     
          70          71  0.10977529921772682     
          71          72  0.94798381485115613     
           1          73  0.49806996144992621     
          71          73   1.4860915173831590     
          70          74   1.5623665310963639     
          73          74   1.2510482039691109     
          74          75  0.95494922379353120     
          76          77  0.97013800955524110     
          76          78  0.96988856222140851     
          76          79  0.98125548688737985     
          80          81  0.93914900026804149     
          76          82   1.0328407218436921     
          80          82   1.1879112128462559     
          80          83   1.2791092105017361     
          82          83  0.11002858590753198     
          83          84  0.95324663069331339     
           1          85  0.50953668899076521     
          83          85   1.4821218875667657     
          82          86   1.5607045915406212     
          85          86   1.2495765248879624     
          86          87  0.95875080392293821     
