           1           2  0.59102163681803366     
           1           3  0.58956213641467325     
           1           4  0.58479809235773894     
           1           5  0.58657206488256974     
           2           6   1.2551930995884331     
           6           7   1.1287060332590035     
           7           8   1.6074757005450888     
           2           9   1.2460709933912615     
           8           9   1.1283296429032146     
           3          10   1.2444115385715182     
          10          11   1.1551787816287191     
          11          12   1.5316579571495148     
           3          13   1.2574555692351479     
          12          13   1.1137099284776570     
           4          14   1.2401997775454452     
          14          15   1.1603394577851729     
          15          16   1.5235014975330716     
           4          17   1.2591313623526927     
          16          17   1.1188160238400227     
           5          18   1.2479898386789257     
          18          19   1.1331034968001341     
          19          20   1.6015740620460706     
           5          21   1.2508107065699134     
          20          21   1.1331063621165094     
           6          22   1.3552033196630224     
          21          22   1.3554523407821364     
          22          23  0.96243294008571278     
           9          24   1.3632938707722251     
          10          24   1.3381781061251032     
          24          25  0.96102567197879596     
          13          26   1.3639048189217142     
          14          26   1.3426071512364093     
          26          27  0.95872422241869271     
          17          28   1.3488825727631730     
          18          28   1.3540180110504212     
          28          29  0.96058913868075768     
           8          30   1.0285055295416117     
          30          31  0.98060396052687104     
          30          32  0.97365272064656394     
          30          33  0.97357824678042792     
           7          34   1.0288579157255513     
          34          35  0.97330368691780422     
          34          36  0.97351736863410743     
          34          37  0.98062126314153175     
          11          38   1.0321393008825399     
          38          39  0.96841711189096624     
          38          40  0.97666623836384425     
          38          41  0.97761530226198756     
          12          42   1.1066504055610524     
          42          43  0.95847141225717414     
          42          44   1.8838320577309944     
          44          45  0.97590085142829475     
          44          46  0.97947279614817773     
          15          47   1.0325600304971139     
          47          48  0.96806213537320729     
          47          49  0.97652010165768255     
          47          50  0.97757591984312131     
          16          51   1.1081855313777313     
          51          52  0.95880872696556962     
          51          53   1.8815763857060397     
          53          54  0.97590827464900554     
          53          55  0.97952600806874413     
          19          56   1.0281805548925731     
          56          57  0.97390671961737862     
          56          58  0.97367972927348667     
          56          59  0.98060887551254927     
          20          60   1.0287796952892914     
          60          61  0.98064488851864184     
          60          62  0.97338866766078680     
          60          63  0.97350464410321069     
          64          65  0.97136167694582265     
          64          66  0.97168023117094782     
          64          67  0.98223038833465159     
          68          69  0.94195474286730108     
          64          70   1.0312452167344666     
          68          70   1.1868922866584550     
          68          71   1.2625845447341435     
          70          71  0.11257196205285561     
          71          72  0.95471952836174856     
           1          73  0.48964399547290499     
          71          73   1.4876211918194806     
          70          74   1.5616005463811922     
          73          74   1.2509781074437560     
          74          75  0.95990579084649386     
          76          77  0.97143804356036390     
          76          78  0.97159077581275566     
          76          79  0.98221998033726476     
          80          81  0.94198901038566363     
          76          82   1.0312570619268302     
          80          82   1.1868866008887713     
          80          83   1.2621360545971110     
          82          83  0.11263603824660925     
          83          84  0.95480482077355555     
           1          85  0.48988968125614074     
          83          85   1.4875149542242609     
          82          86   1.5616267365728898     
          85          86   1.2509617738581460     
          86          87  0.95991622176570790     
