    0.55134556
   -0.21002854
   -0.20958974
   -0.22111664
   -0.22124740
    0.06263733
   -0.01448079
   -0.01664169
    0.06105659
    0.06173856
   -0.00971469
   -0.01720768
    0.06483660
    0.06115964
   -0.00918026
   -0.02167844
    0.05781271
    0.05505178
   -0.01859150
   -0.01618778
    0.06136824
   -0.06453037
    0.06012586
   -0.06798282
    0.05709866
   -0.06325245
    0.05816159
   -0.07419644
    0.05461114
   -0.10786048
    0.05176009
    0.05004014
    0.05045215
   -0.10828355
    0.05131728
    0.05123687
    0.05184148
   -0.10921512
    0.05393742
    0.04743896
    0.05842956
   -0.02809684
    0.03803012
   -0.08560014
    0.04999224
    0.04670627
   -0.10902138
    0.05442220
    0.04804844
    0.05813809
   -0.02942860
    0.03612932
   -0.08653761
    0.04933922
    0.04606235
   -0.10709804
    0.04916025
    0.04902723
    0.05153767
   -0.10809687
    0.05134724
    0.05103275
    0.05098043
   -0.12425335
    0.07084291
    0.07067483
    0.07254268
   -0.07043121
    0.19157086
    0.04869420
    0.07977888
    0.07386541
   -0.14483875
   -0.00181049
    0.06878283
   -0.12429366
    0.07073335
    0.07084693
    0.07262195
   -0.07035340
    0.19160532
    0.04875255
    0.07974172
    0.07392211
   -0.14452718
   -0.00175249
    0.06873782
