           1           2  0.59099620735372849     
           1           3  0.58952425027433808     
           1           4  0.58481259119408902     
           1           5  0.58651631055159492     
           2           6   1.2551888735423535     
           6           7   1.1287084660600204     
           7           8   1.6074733896222964     
           2           9   1.2460675759256921     
           8           9   1.1283318589637510     
           3          10   1.2443966151145558     
          10          11   1.1551932796761801     
          11          12   1.5316372391474720     
           3          13   1.2574724944234625     
          12          13   1.1137252532294535     
           4          14   1.2401894559921971     
          14          15   1.1603199751641839     
          15          16   1.5235465771748284     
           4          17   1.2591116737745192     
          16          17   1.1188313101840857     
           5          18   1.2479841144106130     
          18          19   1.1331265421575181     
          19          20   1.6015470009694639     
           5          21   1.2508159698997887     
          20          21   1.1331256477994534     
           6          22   1.3552131827241616     
          21          22   1.3554380835330129     
          22          23  0.96243274254156763     
           9          24   1.3633012858670335     
          10          24   1.3381795529751421     
          24          25  0.96102103192949750     
          13          26   1.3638816419591180     
          14          26   1.3426333578518899     
          26          27  0.95872638327952098     
          17          28   1.3488881123079905     
          18          28   1.3540000371320808     
          28          29  0.96059857964633732     
           8          30   1.0285070063450821     
          30          31  0.98060227105340259     
          30          32  0.97364684547723024     
          30          33  0.97358359264290617     
           7          34   1.0288576388968673     
          34          35  0.97332401930239432     
          34          36  0.97349662272999560     
          34          37  0.98062033304121510     
          11          38   1.0321434237969727     
          38          39  0.96841280728228518     
          38          40  0.97666875464657477     
          38          41  0.97760770237296168     
          12          42   1.1066515098073819     
          42          43  0.95847288596739844     
          42          44   1.8838313473900012     
          44          45  0.97590086151276023     
          44          46  0.97947327128395201     
          15          47   1.0325610984948514     
          47          48  0.96806137574534978     
          47          49  0.97652186177081335     
          47          50  0.97757676216130096     
          16          51   1.1081164775956904     
          51          52  0.95880926028502445     
          51          53   1.8816503809936982     
          53          54  0.97591255230591722     
          53          55  0.97952502518922080     
          19          56   1.0281801081065332     
          56          57  0.97391942929622655     
          56          58  0.97366826312019739     
          56          59  0.98060909542793628     
          20          60   1.0287793764034912     
          60          61  0.98064578153242743     
          60          62  0.97341110181303991     
          60          63  0.97348201094751785     
          64          65  0.97136287316833414     
          64          66  0.97167907267729792     
          64          67  0.98223084929904292     
          68          69  0.94195480267064580     
          64          70   1.0312448319726919     
          68          70   1.1868946782601244     
          68          71   1.2625834844503532     
          70          71  0.11257340158840917     
          71          72  0.95471056506948604     
           1          73  0.48971300187760902     
          71          73   1.4875872547696771     
          70          74   1.5615946606875051     
          73          74   1.2509686713628101     
          74          75  0.95991154429685499     
          76          77  0.97150321552522367     
          76          78  0.97152407242481731     
          76          79  0.98222040287403523     
          80          81  0.94198993474723891     
          76          82   1.0312591804896263     
          80          82   1.1868904749409430     
          80          83   1.2621233984923332     
          82          83  0.11263825561706328     
          83          84  0.95480503324237986     
           1          85  0.49001120804777393     
          83          85   1.4874667113223428     
          82          86   1.5616197686244082     
          85          86   1.2509417376525149     
          86          87  0.95990865658500857     
