           1           2  0.57829737031628892     
           1           3  0.56867991901066772     
           1           4  0.56998487857248681     
           1           5  0.58150224113310856     
           2           6   1.2503279062217221     
           6           7   1.1300040915208298     
           7           8   1.6064673085403571     
           2           9   1.2435734179099138     
           8           9   1.1292934158169228     
           3          10   1.2356442279965711     
          10          11   1.1598555293441537     
          11          12   1.5295284055883520     
           3          13   1.2483055853073564     
          12          13   1.1222216275117716     
           4          14   1.2363852580457899     
          14          15   1.1540431452198834     
          15          16   1.5350611279693718     
           4          17   1.2555820043764643     
          16          17   1.1187020642234882     
           5          18   1.2501710352179736     
          18          19   1.1269866955593488     
          19          20   1.6087501039251053     
           5          21   1.2502863338039532     
          20          21   1.1276174412471547     
           6          22   1.3557836826111107     
          21          22   1.3606112064645794     
          22          23  0.96177038562777506     
           9          24   1.3681682747076482     
          10          24   1.3452769776606561     
          24          25  0.96031199808709122     
          13          26   1.3628191186962180     
          14          26   1.3517896151400515     
          26          27  0.95843356512027711     
          17          28   1.3573374451895712     
          18          28   1.3620701569471174     
          28          29  0.95985946684441814     
           8          30   1.0300314259536432     
          30          31  0.98024465625549484     
          30          32  0.97197070322715673     
          30          33  0.97323771194645115     
           7          34   1.0301462667788406     
          34          35  0.97281898473580741     
          34          36  0.97216271480490024     
          34          37  0.98030223412546724     
          11          38   1.0334910157368233     
          38          39  0.96724716186032322     
          38          40  0.97596255492711381     
          38          41  0.97726211458074463     
          12          42   1.1015770565379890     
          42          43  0.95845772633720772     
          42          44   1.8906529875157558     
          44          45  0.97558460432856775     
          44          46  0.97912287840252132     
          15          47   1.0338313828246968     
          47          48  0.97538824919788536     
          47          49  0.96737698849529008     
          47          50  0.97727221962284383     
          16          51   1.1009290374919862     
          51          52  0.95827514829613092     
          51          53   1.8915610369271807     
          53          54  0.97911416888805292     
          53          55  0.97563588532542345     
          19          56   1.0304859729929907     
          56          57  0.97251180395466796     
          56          58  0.97209856258471372     
          56          59  0.98024787483576914     
          20          60   1.0302188120929845     
          60          61  0.97264621409257246     
          60          62  0.98027455227661886     
          60          63  0.97235067390525431     
           1          64  0.27369060227717013     
          64          65  0.87932572288306443     
          64          66  0.88008661984560432     
          67          68  0.98108569955655744     
          67          69  0.97863526783398969     
          67          70  0.97399410040220880     
           1          71  0.44256734363490818     
          67          71  0.99283969874931044     
          71          72  0.94239168887985902     
