           1           2  0.58561428637931268     
           1           3  0.58170790547445550     
           1           4  0.59916941581932859     
           1           5  0.59699457148734403     
           2           6   1.2465578802107717     
           6           7   1.1374459934644718     
           7           8   1.5979819033090361     
           2           9   1.2362378755940790     
           8           9   1.1362384954069962     
           3          10   1.2374625829707149     
          10          11   1.1630638648040630     
          11          12   1.5295611980917572     
           3          13   1.2484825260557275     
          12          13   1.1237314441472781     
           4          14   1.2392457856785728     
          14          15   1.1506426121312536     
          15          16   1.5422628400772065     
           4          17   1.2603600236515946     
          16          17   1.1131781984413751     
           5          18   1.2493266664506830     
          18          19   1.1264228907006428     
          19          20   1.6096374097848498     
           5          21   1.2506787893850420     
          20          21   1.1266436776814355     
           6          22   1.3542958781967145     
          21          22   1.3608883300422119     
          22          23  0.96211800428135286     
           9          24   1.3665709808454651     
          10          24   1.3392350197164278     
          24          25  0.96235336106361957     
          13          26   1.3597890913705213     
          14          26   1.3517265320849958     
          26          27  0.95830387691681151     
          17          28   1.3533888349421384     
          18          28   1.3611291428688892     
          28          29  0.95823582069080859     
           8          30   1.0286912843971225     
          30          31  0.98047536008306313     
          30          32  0.97285023327245557     
          30          33  0.97404099979172076     
           7          34   1.0293070181458970     
          34          35  0.97312264507524704     
          34          36  0.97289523959781088     
          34          37  0.98053660903110018     
          11          38   1.0304173054437078     
          38          39  0.97383102106764141     
          38          40  0.97098410205841545     
          38          41  0.98220306871145246     
          12          42   1.0968941107044521     
          42          43  0.95792740468339055     
          42          44   1.8951000939441049     
          44          45  0.97518269491267950     
          44          46  0.97910945370848235     
          15          47   1.0316516214486906     
          47          48  0.97043381368897863     
          47          49  0.97269615677464660     
          47          50  0.98236356117694346     
          16          51   1.0965866692276920     
          51          52  0.95797559178771385     
          51          53   1.8957559349170179     
          53          54  0.97486649077120757     
          53          55  0.97907183421133070     
          19          56   1.0299450033465540     
          56          57  0.97187601876384622     
          56          58  0.97350647959227032     
          56          59  0.98048477339475770     
          20          60   1.0294430299975448     
          60          61  0.98048936701657841     
          60          62  0.97371443720298356     
          60          63  0.97248242459560741     
           1          64  0.26098568584933535     
          64          65  0.88353763337082392     
          64          66  0.88437145919515314     
          67          68  0.97099176763994333     
          67          69  0.97099281151591055     
          67          70  0.98187926331726083     
          71          72  0.94126356093220998     
          67          73   1.0316628627319304     
          71          73   1.1887842257262868     
          71          74   1.2615646321258538     
          73          74  0.11202752475518025     
          74          75  0.95540615129872064     
           1          76  0.50952088776810067     
          74          76   1.4796410941171023     
          73          77   1.5602567112778947     
          76          77   1.2455741530336040     
          77          78  0.95789931150498520     
