    0.42772105
   -0.21803585
   -0.22441107
   -0.22328561
   -0.21707962
    0.05488063
   -0.02843441
   -0.02999974
    0.05272679
    0.04975071
   -0.03309207
   -0.03081388
    0.05313703
    0.05539395
   -0.03389623
   -0.02409225
    0.05196244
    0.05696662
   -0.03472545
   -0.02475377
    0.05342105
   -0.06773945
    0.03617997
   -0.07416781
    0.03359734
   -0.07177414
    0.03180590
   -0.07285639
    0.03679882
   -0.09863485
    0.03472060
    0.03809586
    0.03401766
   -0.09813324
    0.03773333
    0.03289042
    0.03405194
   -0.09903784
    0.03645899
    0.03749117
    0.03592246
   -0.02634682
    0.02465554
   -0.09649731
    0.03183255
    0.02362213
   -0.09927694
    0.03584196
    0.03411712
    0.04132446
   -0.02731798
    0.02326286
   -0.09706636
    0.03375147
    0.02191830
   -0.09764713
    0.03304646
    0.03589835
    0.03453857
   -0.09786177
    0.03344684
    0.03279862
    0.03592984
   -0.11710868
    0.05580035
    0.05606230
    0.06327739
   -0.08488076
    0.17361800
    0.03777490
    0.07412997
    0.06953876
   -0.13027545
   -0.00203005
    0.06608453
   -0.10805147
    0.04532383
    0.05760888
    0.04836439
   -0.02074394
    0.05795754
    0.05064562
   -0.06093607
   -0.07201781
    0.06409818
    0.05906455
    0.07196321
