    0.44083232
   -0.23335378
   -0.20411886
   -0.20536596
   -0.23465988
    0.04502552
   -0.03374021
   -0.03117224
    0.04925658
    0.05386736
   -0.01993756
   -0.03083952
    0.05889292
    0.05619618
   -0.01973466
   -0.03096792
    0.05635507
    0.04892690
   -0.03100270
   -0.03404136
    0.04510288
   -0.08001291
    0.03202910
   -0.06938914
    0.03649683
   -0.06524287
    0.03745548
   -0.06972863
    0.03598616
   -0.09892120
    0.03577769
    0.03358844
    0.03600913
   -0.09801031
    0.03321688
    0.03483470
    0.03356831
   -0.10072115
    0.03693626
    0.03569528
    0.04348604
   -0.02668608
    0.02643314
   -0.09731658
    0.03400108
    0.02326670
   -0.10092146
    0.03723898
    0.03729084
    0.04349896
   -0.02654035
    0.02512874
   -0.09725688
    0.03442484
    0.02291446
   -0.09882820
    0.03613240
    0.03627828
    0.03350278
   -0.09794757
    0.03299892
    0.03363936
    0.03476570
   -0.48087680
    0.32132871
    0.32141277
   -0.11804872
    0.05700077
    0.05646829
    0.06415561
   -0.08440592
    0.17418474
    0.03878666
    0.07290455
    0.06951598
   -0.13164345
   -0.00319790
    0.06782145
