    0.46485050
   -0.21885083
   -0.22878466
   -0.24418722
   -0.23629666
    0.05509614
   -0.02778416
   -0.02811473
    0.05611073
    0.05506364
   -0.02081997
   -0.03149036
    0.05394138
    0.04853378
   -0.02211957
   -0.03141482
    0.05406181
    0.05195398
   -0.02809018
   -0.02771571
    0.05440820
   -0.06817278
    0.03944312
   -0.06802493
    0.03804190
   -0.07431082
    0.03559221
   -0.07204627
    0.03777568
   -0.10007863
    0.03606388
    0.03939133
    0.03629195
   -0.09998279
    0.03715615
    0.03873538
    0.03593656
   -0.10136183
    0.03790150
    0.04412404
    0.03709294
   -0.02746571
    0.02570246
   -0.09557446
    0.03549613
    0.02534328
   -0.10112305
    0.03573284
    0.04348780
    0.03921964
   -0.02752576
    0.02549406
   -0.09457265
    0.03700233
    0.02585585
   -0.09991603
    0.04013713
    0.03616691
    0.03608722
   -0.10010677
    0.03901294
    0.03615017
    0.03735684
   -0.47995558
    0.32516960
    0.32475911
   -0.07621504
    0.07112792
    0.07456796
    0.07592397
   -0.11056683
    0.16530785
