    0.39332292
   -0.20973541
   -0.20875147
   -0.20905945
   -0.21023468
    0.04902628
   -0.03348314
   -0.03107693
    0.05159046
    0.05207412
   -0.02231118
   -0.03591787
    0.05232647
    0.04958508
   -0.02498783
   -0.03334041
    0.05510770
    0.05179617
   -0.03072618
   -0.03390941
    0.04889048
   -0.07636700
    0.03000288
   -0.06866284
    0.03326203
   -0.07525086
    0.02959597
   -0.06829688
    0.03311274
   -0.09735981
    0.03211058
    0.03484739
    0.03360379
   -0.09671456
    0.03192385
    0.03375244
    0.03204175
   -0.09900252
    0.03360288
    0.03495497
    0.04098215
   -0.02730300
    0.02230484
   -0.09911230
    0.03186533
    0.02001534
   -0.09839427
    0.03185664
    0.04035328
    0.03531164
   -0.02656632
    0.02282884
   -0.09826975
    0.03281383
    0.02032892
   -0.09732122
    0.03459351
    0.03477990
    0.03201324
   -0.09663291
    0.03214256
    0.03360208
    0.03168566
   -0.11595587
    0.05443914
    0.05427191
    0.06146426
   -0.08630552
    0.17196119
    0.03663790
    0.07527808
    0.06802994
   -0.12583720
   -0.00156166
    0.06485243
   -0.11604516
    0.05458361
    0.05423428
    0.06208196
   -0.08651525
    0.17152440
    0.03688404
    0.07491911
    0.06766456
   -0.12564334
   -0.00122611
    0.06504279
