    0.43108852
   -0.22263016
   -0.22056436
   -0.21880505
   -0.21982344
    0.05197000
   -0.03040815
   -0.03162856
    0.05109937
    0.05234302
   -0.02265937
   -0.03533963
    0.05475115
    0.05280682
   -0.02386383
   -0.03221496
    0.05667013
    0.05345023
   -0.02959475
   -0.02976876
    0.05282207
   -0.07144970
    0.03549383
   -0.07164524
    0.03284677
   -0.07310878
    0.03013725
   -0.07028296
    0.03365754
   -0.09773447
    0.03368744
    0.03422873
    0.03539797
   -0.09827358
    0.03785951
    0.03329426
    0.03364966
   -0.09949258
    0.03592007
    0.03381188
    0.04158623
   -0.02754159
    0.02265355
   -0.09741056
    0.03332358
    0.02204525
   -0.09887074
    0.03596839
    0.03327627
    0.04117338
   -0.02683146
    0.02364383
   -0.09665305
    0.03418956
    0.02242457
   -0.09833705
    0.03760509
    0.03469046
    0.03396911
   -0.09842474
    0.03414557
    0.03320907
    0.03813498
   -0.11716287
    0.05591696
    0.05634000
    0.06342762
   -0.08451795
    0.17384779
    0.03799051
    0.07434606
    0.06932485
   -0.12974687
   -0.00158227
    0.06590597
   -0.10857279
    0.04593703
    0.05833514
    0.04856877
   -0.02002499
    0.05454788
    0.05072775
   -0.06072214
   -0.07221936
    0.06248445
    0.05880303
    0.07237787
