    0.44062528
   -0.21124283
   -0.20944940
   -0.22724340
   -0.22878742
    0.05244817
   -0.02908430
   -0.02983897
    0.05275106
    0.05332761
   -0.02111177
   -0.03147912
    0.05602371
    0.05063465
   -0.02212722
   -0.03480917
    0.05113384
    0.04821125
   -0.03232047
   -0.03073638
    0.04957316
   -0.07050401
    0.03637583
   -0.06930468
    0.03694805
   -0.06862267
    0.03601955
   -0.07600683
    0.03264713
   -0.09898216
    0.03451495
    0.03371614
    0.03838042
   -0.09899056
    0.03732972
    0.03513225
    0.03435611
   -0.10068875
    0.03720181
    0.03506996
    0.04362453
   -0.02648570
    0.02532911
   -0.09741968
    0.03347380
    0.02312566
   -0.10045923
    0.03498182
    0.03754368
    0.04219796
   -0.02776641
    0.02343909
   -0.09717035
    0.03441697
    0.02251874
   -0.09828913
    0.03479175
    0.03556326
    0.03361038
   -0.09891507
    0.03386746
    0.03572036
    0.03566183
   -0.48083700
    0.32132316
    0.32134531
   -0.11783297
    0.05673646
    0.05643424
    0.06387666
   -0.08379885
    0.17439097
    0.03832980
    0.07268588
    0.07011617
   -0.13162822
   -0.00286618
    0.06727318
