           1           2  0.59742430350153952     
           1           3  0.59664513112206430     
           1           4  0.58509659771271316     
           1           5  0.58617990087693450     
           2           6   1.2525222350272742     
           6           7   1.1278340584787390     
           7           8   1.6083599155907105     
           2           9   1.2449283614225202     
           8           9   1.1276445935831330     
           3          10   1.2438715895839294     
          10          11   1.1527287471371679     
          11          12   1.5348057108683029     
           3          13   1.2548850233198792     
          12          13   1.1131275118221928     
           4          14   1.2348974284040353     
          14          15   1.1608344326419373     
          15          16   1.5259537043571034     
           4          17   1.2534197751526004     
          16          17   1.1213403917187590     
           5          18   1.2427325545430967     
          18          19   1.1352588572694002     
          19          20   1.5992141942578302     
           5          21   1.2442983629900262     
          20          21   1.1360203812817184     
           6          22   1.3573121925741738     
          21          22   1.3584216759813086     
          22          23  0.96203206092937632     
           9          24   1.3673396004417240     
          10          24   1.3432681598024401     
          24          25  0.96057002647200140     
          13          26   1.3654628090647665     
          14          26   1.3466593472600867     
          26          27  0.95847649716532779     
          17          28   1.3531602410012666     
          18          28   1.3581947391709339     
          28          29  0.96023977439024133     
           8          30   1.0294212040570105     
          30          31  0.98041943386021690     
          30          32  0.97337959675153596     
          30          33  0.97268392661438230     
           7          34   1.0295512570869449     
          34          35  0.97271239071119076     
          34          36  0.97323566318413191     
          34          37  0.98042608257349240     
          11          38   1.0329865940538547     
          38          39  0.97609193912586856     
          38          40  0.96809738978650950     
          38          41  0.97724926976759752     
          12          42   1.1050570735075775     
          42          43  0.95832005493672678     
          42          44   1.8862664573981271     
          44          45  0.97583639336787531     
          44          46  0.97933553208954838     
          15          47   1.0331527464850376     
          47          48  0.97607956313882793     
          47          49  0.96756934812762752     
          47          50  0.97747782077038359     
          16          51   1.1044117020755346     
          51          52  0.95863287742618752     
          51          53   1.8865996001319649     
          53          54  0.97577989241036078     
          53          55  0.97934236579077538     
          19          56   1.0291986412367202     
          56          57  0.97327315157079664     
          56          58  0.97290859646127226     
          56          59  0.98044578419941042     
          20          60   1.0293305878993932     
          60          61  0.98048638565926438     
          60          62  0.97309315062462143     
          60          63  0.97296917033169006     
           1          64  0.26217611032451016     
          64          65  0.88391235688560210     
          64          66  0.88401855340283508     
          67          68  0.97102129373136747     
          67          69  0.97091248650011874     
          67          70  0.98185970744695794     
          71          72  0.94114448839882014     
          67          73   1.0317744255703354     
          71          73   1.1887148170080712     
          71          74   1.2626930282100883     
          73          74  0.11245745983116003     
          74          75  0.95288745604926661     
           1          76  0.50889902908559570     
          74          76   1.4787076659058636     
          73          77   1.5596259267567536     
          76          77   1.2469979270127438     
          77          78  0.95962595176608545     
