    0.44063254
   -0.21111486
   -0.20956373
   -0.22732583
   -0.22872067
    0.05252719
   -0.02905791
   -0.02983293
    0.05276337
    0.05330341
   -0.02112845
   -0.03149979
    0.05595594
    0.05055146
   -0.02215126
   -0.03479394
    0.05117224
    0.04817767
   -0.03233370
   -0.03072033
    0.04964199
   -0.07041101
    0.03641844
   -0.06931631
    0.03694532
   -0.06872030
    0.03599455
   -0.07599507
    0.03263867
   -0.09898045
    0.03451984
    0.03370562
    0.03838495
   -0.09899592
    0.03736374
    0.03513638
    0.03435587
   -0.10069363
    0.03720558
    0.03506409
    0.04361707
   -0.02648698
    0.02531402
   -0.09741309
    0.03347610
    0.02312487
   -0.10046715
    0.03495429
    0.03754509
    0.04219688
   -0.02775720
    0.02345214
   -0.09716030
    0.03440508
    0.02252030
   -0.09828760
    0.03478997
    0.03555085
    0.03361761
   -0.09892309
    0.03386797
    0.03572715
    0.03569390
   -0.48084744
    0.32134620
    0.32133991
   -0.11783546
    0.05677521
    0.05639368
    0.06387818
   -0.08378941
    0.17438960
    0.03833378
    0.07267990
    0.07011755
   -0.13164248
   -0.00287907
    0.06727923
