           1           2  0.59769364280024817     
           1           3  0.59717603339956837     
           1           4  0.58376721480249638     
           1           5  0.58446980837004003     
           2           6   1.2511359024775346     
           6           7   1.1278511241076690     
           7           8   1.6086826461385835     
           2           9   1.2464531435716180     
           8           9   1.1271140954596472     
           3          10   1.2460136001671320     
          10          11   1.1504489701001799     
          11          12   1.5375408872570342     
           3          13   1.2544562543800324     
          12          13   1.1112693041575044     
           4          14   1.2349082841521539     
          14          15   1.1606358748697168     
          15          16   1.5269259743090395     
           4          17   1.2540917959314930     
          16          17   1.1214707385652487     
           5          18   1.2426167024963282     
          18          19   1.1371615890528524     
          19          20   1.5967661510182860     
           5          21   1.2427560336377634     
          20          21   1.1382163871244557     
           6          22   1.3568246084686195     
          21          22   1.3554619868373561     
          22          23  0.96221138651612703     
           9          24   1.3680961388521451     
          10          24   1.3453357337588117     
          24          25  0.96043534126066632     
          13          26   1.3656048696415726     
          14          26   1.3443007610130782     
          26          27  0.95854090521310165     
          17          28   1.3553569450053149     
          18          28   1.3588870471016798     
          28          29  0.96008181052908048     
           8          30   1.0298457849443177     
          30          31  0.98042659224320738     
          30          32  0.97243009169986261     
          30          33  0.97309627693193956     
           7          34   1.0291511872638919     
          34          35  0.97340563980591932     
          34          36  0.97304855584021444     
          34          37  0.98042165587304286     
          11          38   1.0334787553332023     
          38          39  0.97625324895327270     
          38          40  0.96724772886333332     
          38          41  0.97744788440680708     
          12          42   1.1045227377916484     
          42          43  0.95829387283734280     
          42          44   1.8869106908529973     
          44          45  0.97572296449245122     
          44          46  0.97931816148872741     
          15          47   1.0328637665435583     
          47          48  0.97623111991385281     
          47          49  0.96774264723860659     
          47          50  0.97760791602435770     
          16          51   1.1035188180273476     
          51          52  0.95841416548606650     
          51          53   1.8877942024800234     
          53          54  0.97576591064501172     
          53          55  0.97931943116924591     
          19          56   1.0293363070642798     
          56          57  0.97298651516707957     
          56          58  0.97301546636082636     
          56          59  0.98045883649682808     
          20          60   1.0288808620392818     
          60          61  0.98049043525194501     
          60          62  0.97317916874792132     
          60          63  0.97342143081461086     
          64          65  0.97105964788245092     
          64          66  0.97085934238040572     
          64          67  0.98185925469434365     
          68          69  0.94125309445815364     
          64          70   1.0317541376929804     
          68          70   1.1886350275266424     
          68          71   1.2620304374971454     
          70          71  0.11215452987930245     
          71          72  0.95381559190590293     
           1          73  0.50995287009717571     
          71          73   1.4790852271324013     
          70          74   1.5600185400291116     
          73          74   1.2461362366808733     
          74          75  0.95873315079897892     
           1          76  0.26289937292110244     
          76          77  0.88422296409089496     
          76          78  0.88382366259191270     
