    0.44082129
   -0.21083374
   -0.20446689
   -0.22748420
   -0.23416429
    0.05037150
   -0.03062300
   -0.02805419
    0.05511184
    0.05622983
   -0.01896118
   -0.03181148
    0.05640309
    0.04972961
   -0.02336659
   -0.03394836
    0.05194964
    0.04789750
   -0.03190548
   -0.03312000
    0.04630682
   -0.07556793
    0.03440082
   -0.06432384
    0.03899935
   -0.07089400
    0.03497281
   -0.07387443
    0.03371777
   -0.09944431
    0.03444358
    0.03914261
    0.03514727
   -0.09851904
    0.03316172
    0.03720067
    0.03445928
   -0.10113554
    0.03490460
    0.03991051
    0.04273204
   -0.02673012
    0.02326599
   -0.09679927
    0.03573310
    0.02308325
   -0.10018507
    0.03418245
    0.03749197
    0.04201126
   -0.02745685
    0.02396459
   -0.09715795
    0.03446380
    0.02266801
   -0.09840587
    0.03521779
    0.03580115
    0.03344086
   -0.09838789
    0.03369016
    0.03587151
    0.03335025
   -0.11786494
    0.05665086
    0.05658189
    0.06386299
   -0.08420909
    0.17414457
    0.03851430
    0.07260095
    0.06992299
   -0.13145347
   -0.00302627
    0.06733448
   -0.48039460
    0.32126377
    0.32144276
