           1           2  0.58226315115633653     
           1           3  0.57686643714359775     
           1           4  0.56656437056869791     
           1           5  0.57347399220092710     
           2           6   1.2543612002135964     
           6           7   1.1267815133129857     
           7           8   1.6097343925337082     
           2           9   1.2460200583102321     
           8           9   1.1264126399087890     
           3          10   1.2412270336099998     
          10          11   1.1535020209337967     
          11          12   1.5357336389540268     
           3          13   1.2530979794967072     
          12          13   1.1163075473556208     
           4          14   1.2325356409326933     
          14          15   1.1596314418465972     
          15          16   1.5289955621530533     
           4          17   1.2524511404582219     
          16          17   1.1230818447095423     
           5          18   1.2446340988636140     
          18          19   1.1312940452096873     
          19          20   1.6040073582825556     
           5          21   1.2455050026364740     
          20          21   1.1319034447569709     
           6          22   1.3575434359759715     
          21          22   1.3618356691335260     
          22          23  0.96164074756804963     
           9          24   1.3685563200388349     
          10          24   1.3449263604283843     
          24          25  0.96047910805488745     
          13          26   1.3639764160923258     
          14          26   1.3490275816046273     
          26          27  0.95859907224048180     
          17          28   1.3557001338509229     
          18          28   1.3623226976963518     
          28          29  0.95966897436117282     
           8          30   1.0302657991094939     
          30          31  0.98025992899816750     
          30          32  0.97218758547430861     
          30          33  0.97274215245590379     
           7          34   1.0303287924901281     
          34          35  0.97294844302429617     
          34          36  0.97191636221916544     
          34          37  0.98026318877184226     
          11          38   1.0336534970158624     
          38          39  0.96743311796121345     
          38          40  0.97574237991890311     
          38          41  0.97727019408008120     
          12          42   1.1018323971886133     
          42          43  0.95812669711900655     
          42          44   1.8903125281338824     
          44          45  0.97571389444002654     
          44          46  0.97917381720011898     
          15          47   1.0335929590997304     
          47          48  0.97615724757157163     
          47          49  0.96716209049553192     
          47          50  0.97719606600309283     
          16          51   1.1013402917611104     
          51          52  0.95805605939760219     
          51          53   1.8911320988064446     
          53          54  0.97914409577357731     
          53          55  0.97564920169373071     
          19          56   1.0303528114727663     
          56          57  0.97155946322653075     
          56          58  0.97316447670698814     
          56          59  0.98021777057661463     
          20          60   1.0303567154124058     
          60          61  0.97229505098565117     
          60          62  0.98028561739043685     
          60          63  0.97248016192038578     
           1          64  0.27395595600170225     
          64          65  0.87964705296796819     
          64          66  0.87965080947617169     
          67          68  0.98107496693070351     
          67          69  0.97861434369487788     
          67          70  0.97431833010098245     
           1          71  0.44047798861194831     
          67          71  0.99300574113396123     
          71          72  0.94237269291102332     
