           1           2  0.58532225396606241     
           1           3  0.58392798415372860     
           1           4  0.59644472270040338     
           1           5  0.59753591644657944     
           2           6   1.2471033311683408     
           6           7   1.1373641948644111     
           7           8   1.5979451107448148     
           2           9   1.2372980159648905     
           8           9   1.1363339997310302     
           3          10   1.2350603391380210     
          10          11   1.1626219450669777     
          11          12   1.5244640766498472     
           3          13   1.2504473351804941     
          12          13   1.1226774405935442     
           4          14   1.2399405697046622     
          14          15   1.1497632538092044     
          15          16   1.5375806361461308     
           4          17   1.2618346951540269     
          16          17   1.1127895877528620     
           5          18   1.2507387674387422     
          18          19   1.1261508845868384     
          19          20   1.6099130693603823     
           5          21   1.2496891838978903     
          20          21   1.1263325418729475     
           6          22   1.3536454449905198     
          21          22   1.3622245704317490     
          22          23  0.96201368000389309     
           9          24   1.3652551051230719     
          10          24   1.3414086463511776     
          24          25  0.96076481047907658     
          13          26   1.3604405240006097     
          14          26   1.3518306076338384     
          26          27  0.95858343864863993     
          17          28   1.3544814112937125     
          18          28   1.3602428993211018     
          28          29  0.96004705650717193     
           8          30   1.0287510456843014     
          30          31  0.98044647469055124     
          30          32  0.97334869338994634     
          30          33  0.97342402429140895     
           7          34   1.0293589812154103     
          34          35  0.97281745303682399     
          34          36  0.97314724532515595     
          34          37  0.98049310134732548     
          11          38   1.0322861563128285     
          38          39  0.97672435892884413     
          38          40  0.96822456940946267     
          38          41  0.97729079475672931     
          12          42   1.1049330423191366     
          42          43  0.95834956425534634     
          42          44   1.8864130493414093     
          44          45  0.97578950018165955     
          44          46  0.97933447067008184     
          15          47   1.0332822636088868     
          47          48  0.97592126696606707     
          47          49  0.96777515177101814     
          47          50  0.97753369082870711     
          16          51   1.1034777927459976     
          51          52  0.95824622831529449     
          51          53   1.8880399363888007     
          53          54  0.97578969414741312     
          53          55  0.97928813389205560     
          19          56   1.0298904816132741     
          56          57  0.97249403012232016     
          56          58  0.97295494637148994     
          56          59  0.98042362757228863     
          20          60   1.0295372270572454     
          60          61  0.98042538667546586     
          60          62  0.97317196273235906     
          60          63  0.97284828157522774     
           1          64  0.26215029859174677     
          64          65  0.88388547407292328     
          64          66  0.88402787918316483     
          67          68  0.97095171704564975     
          67          69  0.97096263912621295     
          67          70  0.98184018544783225     
          71          72  0.94121308659004976     
          67          73   1.0317145786827768     
          71          73   1.1887772190850801     
          71          74   1.2621134648803283     
          73          74  0.11199452002937232     
          74          75  0.95478441596782737     
           1          76  0.50935206519332599     
          74          76   1.4798815970449224     
          73          77   1.5602997732348727     
          76          77   1.2457862099166972     
          77          78  0.95767449490717471     
