    0.44057584
   -0.21024274
   -0.21074152
   -0.22777622
   -0.22790288
    0.05288342
   -0.02892180
   -0.02975929
    0.05289359
    0.05315764
   -0.02134186
   -0.03171921
    0.05556163
    0.05002779
   -0.02233076
   -0.03486127
    0.05151625
    0.04794947
   -0.03242166
   -0.03056950
    0.05010686
   -0.06979395
    0.03659339
   -0.06931480
    0.03706810
   -0.06942631
    0.03583486
   -0.07608878
    0.03257697
   -0.09896160
    0.03455718
    0.03897433
    0.03309022
   -0.09902261
    0.03508876
    0.03755223
    0.03436895
   -0.10067027
    0.03289186
    0.04005372
    0.04216252
   -0.02682730
    0.02372034
   -0.09673025
    0.03579139
    0.02318646
   -0.10029500
    0.03473548
    0.03748618
    0.04213847
   -0.02770606
    0.02347790
   -0.09726065
    0.03436275
    0.02260050
   -0.09824278
    0.03493379
    0.03528068
    0.03362799
   -0.09895655
    0.03572363
    0.03387474
    0.03586398
   -0.11775654
    0.05650460
    0.05659353
    0.06369402
   -0.08388301
    0.17432338
    0.03829399
    0.07266671
    0.07002282
   -0.13140987
   -0.00289360
    0.06727724
   -0.48048708
    0.32124787
    0.32140170
