           1           2  0.59806240781712805     
           1           3  0.59741000717512049     
           1           4  0.58364787999915868     
           1           5  0.58472219666350922     
           2           6   1.2530200336186639     
           6           7   1.1259688287696370     
           7           8   1.6107151657214471     
           2           9   1.2463930858720507     
           8           9   1.1256459313515166     
           3          10   1.2457499724727950     
          10          11   1.1502763573363377     
          11          12   1.5375568988697408     
           3          13   1.2549176427352753     
          12          13   1.1112824496626481     
           4          14   1.2342242962437271     
          14          15   1.1633470367498155     
          15          16   1.5228969160106791     
           4          17   1.2518962458726761     
          16          17   1.1232585678408353     
           5          18   1.2412818445440099     
          18          19   1.1372676945901647     
          19          20   1.5968766057011663     
           5          21   1.2438240415641240     
          20          21   1.1378792276048941     
           6          22   1.3588987022135322     
          21          22   1.3568904232123187     
          22          23  0.96201967337646710     
           9          24   1.3677178852947993     
          10          24   1.3436878462956137     
          24          25  0.96054409915853156     
          13          26   1.3675358201993773     
          14          26   1.3446842822914464     
          26          27  0.95850604957080177     
          17          28   1.3527409743836432     
          18          28   1.3577203616839542     
          28          29  0.96029135894851003     
           8          30   1.0296899341831001     
          30          31  0.98042190666632856     
          30          32  0.97265056331527555     
          30          33  0.97308545150752757     
           7          34   1.0295759410645045     
          34          35  0.97313604994915393     
          34          36  0.97280975187409224     
          34          37  0.98042368987459227     
          11          38   1.0332833122299432     
          38          39  0.96780080020924131     
          38          40  0.97598631894169874     
          38          41  0.97731784107266551     
          12          42   1.1046454032695088     
          42          43  0.95833647709580772     
          42          44   1.8867317638065191     
          44          45  0.97579949110045716     
          44          46  0.97933008770121921     
          15          47   1.0331123208141300     
          47          48  0.96765287761863494     
          47          49  0.97601894327454652     
          47          50  0.97748338323707484     
          16          51   1.1048238924067801     
          51          52  0.95864346012129686     
          51          53   1.8859824734904862     
          53          54  0.97580901071276571     
          53          55  0.97936063860182077     
          19          56   1.0289449871896910     
          56          57  0.97320115989045664     
          56          58  0.97329701166625449     
          56          59  0.98045057970878913     
          20          60   1.0293242436126129     
          60          61  0.98049533320064652     
          60          62  0.97287904448577489     
          60          63  0.97315643211837943     
          64          65  0.97095905016350093     
          64          66  0.97098916974278771     
          64          67  0.98192564782848313     
          68          69  0.94113929107247296     
          64          70   1.0316687283608532     
          68          70   1.1888174905165514     
          68          71   1.2626276034253789     
          70          71  0.11177919640971380     
          71          72  0.95464789105919856     
           1          73  0.50931166733785105     
          71          73   1.4799242748257004     
          70          74   1.5602066285822072     
          73          74   1.2456765849270703     
          74          75  0.95779866920100365     
           1          76  0.26219458581053406     
          76          77  0.88383534052956048     
          76          78  0.88387818611407121     
