    0.39334844
   -0.20968988
   -0.20872349
   -0.20914174
   -0.21027525
    0.04903372
   -0.03347398
   -0.03106405
    0.05160787
    0.05209086
   -0.02229899
   -0.03591757
    0.05232804
    0.04959648
   -0.02498485
   -0.03334881
    0.05510243
    0.05178224
   -0.03073753
   -0.03391924
    0.04887720
   -0.07636901
    0.03000896
   -0.06863381
    0.03328249
   -0.07525997
    0.02959884
   -0.06831518
    0.03308354
   -0.09736306
    0.03211230
    0.03486974
    0.03359952
   -0.09671493
    0.03191228
    0.03377090
    0.03204356
   -0.09901132
    0.03360839
    0.03497134
    0.04098458
   -0.02730005
    0.02230600
   -0.09910537
    0.03187305
    0.02002106
   -0.09838789
    0.03186296
    0.04035627
    0.03530724
   -0.02658252
    0.02279360
   -0.09829900
    0.03283254
    0.02030781
   -0.09731624
    0.03458676
    0.03476517
    0.03201262
   -0.09663301
    0.03168488
    0.03213861
    0.03360282
   -0.11595598
    0.05443769
    0.05427462
    0.06146312
   -0.08630131
    0.17196315
    0.03663812
    0.07527756
    0.06803974
   -0.12583904
   -0.00156075
    0.06484542
   -0.11604591
    0.05463094
    0.05418985
    0.06208147
   -0.08651527
    0.17152571
    0.03688426
    0.07490313
    0.06767271
   -0.12561686
   -0.00123464
    0.06504390
