           1           2  0.58919086365221629     
           1           3  0.58841623331423232     
           1           4  0.58600407741818483     
           1           5  0.58810029321411705     
           2           6   1.2530894115168543     
           6           7   1.1308454347202197     
           7           8   1.6053141335924304     
           2           9   1.2464705464857746     
           8           9   1.1297770509625853     
           3          10   1.2442992619721720     
          10          11   1.1575075502393581     
          11          12   1.5280796349055206     
           3          13   1.2555348827828279     
          12          13   1.1155272893726280     
           4          14   1.2394353444463559     
          14          15   1.1577113744148684     
          15          16   1.5277725684183923     
           4          17   1.2623905392617190     
          16          17   1.1170777660827726     
           5          18   1.2507898322732127     
          18          19   1.1308758793042912     
          19          20   1.6037626774590297     
           5          21   1.2495107869844819     
          20          21   1.1317902997892539     
           6          22   1.3505919036352030     
          21          22   1.3533768764249823     
          22          23  0.96273378500762241     
           9          24   1.3663552863080242     
          10          24   1.3405772039039356     
          24          25  0.96090641426664181     
          13          26   1.3587983119820992     
          14          26   1.3413032638606526     
          26          27  0.95889135520959945     
          17          28   1.3523099589909826     
          18          28   1.3581642169898565     
          28          29  0.96026505797759698     
           8          30   1.0288393272339347     
          30          31  0.98060886635273614     
          30          32  0.97344307934061569     
          30          33  0.97337245348251500     
           7          34   1.0282565374131212     
          34          35  0.97383051751215288     
          34          36  0.97370526507630206     
          34          37  0.98062730936415177     
          11          38   1.0324057115622070     
          38          39  0.97653910616340922     
          38          40  0.96827714196559145     
          38          41  0.97763800037135307     
          12          42   1.1073421315685743     
          42          43  0.95858942588735463     
          42          44   1.8826130149841689     
          44          45  0.97596917755873336     
          44          46  0.97950449783396354     
          15          47   1.0320466388096676     
          47          48  0.97679941737869302     
          47          49  0.97755625736163632     
          47          50  0.96835037341781272     
          16          51   1.1069072026352982     
          51          52  0.95859729204074751     
          51          53   1.8836280707111770     
          53          54  0.97585118461232034     
          53          55  0.97947457324985598     
          19          56   1.0290219667921965     
          56          57  0.97353563796886278     
          56          58  0.97301750270133047     
          56          59  0.98060923743528050     
          20          60   1.0281828458620481     
          60          61  0.97400121632270231     
          60          62  0.98063570140778145     
          60          63  0.97363877985297087     
          64          65  0.97154863100996280     
          64          66  0.97155059104519104     
          64          67  0.98227493609095773     
          68          69  0.94191492146404576     
          64          70   1.0312057116900732     
          68          70   1.1869312348918304     
          68          71   1.2624189960059660     
          70          71  0.11261528550109220     
          71          72  0.95437872740482055     
           1          73  0.48945724797071788     
          71          73   1.4874940619146964     
          70          74   1.5616371426160067     
          73          74   1.2511139848659023     
          74          75  0.96019167583158538     
          76          77  0.97128205265029477     
          76          78  0.97170802543354051     
          76          79  0.98215945942778027     
          80          81  0.94205413209969513     
          76          82   1.0313102458886709     
          80          82   1.1867865428408737     
          80          83   1.2617662686009361     
          82          83  0.11277766396685618     
          83          84  0.95458587137823026     
           1          85  0.49042728859499696     
          83          85   1.4872073501527123     
          82          86   1.5617188813573550     
          85          86   1.2510205129229319     
          86          87  0.96013137732356357     
