    0.45189727
   -0.22664960
   -0.20681164
   -0.24024947
   -0.22905078
    0.04653602
   -0.03163669
   -0.02871941
    0.05217610
    0.05557418
   -0.01817059
   -0.03002848
    0.05970319
    0.05254838
   -0.02199655
   -0.03293091
    0.04955582
    0.05378503
   -0.02794613
   -0.03066011
    0.04872806
   -0.07782328
    0.03539753
   -0.06639565
    0.03982189
   -0.06765663
    0.03785033
   -0.07217793
    0.03746992
   -0.09993553
    0.03600576
    0.03516652
    0.03906134
   -0.09903090
    0.03425075
    0.03709983
    0.03511645
   -0.10166478
    0.03533131
    0.04088286
    0.04371886
   -0.02653413
    0.02441901
   -0.09573172
    0.03695097
    0.02472817
   -0.10123605
    0.03489119
    0.04072098
    0.04290088
   -0.02759449
    0.02494139
   -0.09574283
    0.03707325
    0.02461099
   -0.09971777
    0.03550694
    0.03988465
    0.03474780
   -0.09893651
    0.03362018
    0.03504870
    0.03735208
   -0.11817441
    0.05730512
    0.05694287
    0.06418922
   -0.08381117
    0.17471908
    0.03880517
    0.07264173
    0.06943133
   -0.13458798
   -0.00312895
    0.06673978
    0.34646188
   -0.24773430
   -0.31884585
    0.34900045
