           1           2  0.58875942293785211     
           1           3  0.59468229354723501     
           1           4  0.55934016518730734     
           1           5  0.58610756727954083     
           2           6   1.2473570301723691     
           6           7   1.1338237930556747     
           7           8   1.6011047162764074     
           2           9   1.2427277533501369     
           8           9   1.1332805470297762     
           3          10   1.2451821029268082     
          10          11   1.1475038027255511     
          11          12   1.5419313095615907     
           3          13   1.2545671028125827     
          12          13   1.1090992585795307     
           4          14   1.2291770955845236     
          14          15   1.1650841743759675     
          15          16   1.5226092477591722     
           4          17   1.2405745473725351     
          16          17   1.1277263654318552     
           5          18   1.2447088432018676     
          18          19   1.1313769042581461     
          19          20   1.6041428655231147     
           5          21   1.2445472326767995     
          20          21   1.1321657670239407     
           6          22   1.3526158161870470     
          21          22   1.3600143069325772     
          22          23  0.96210024148943718     
           9          24   1.3644301770687506     
          10          24   1.3491978527995721     
          24          25  0.96030896301914970     
          13          26   1.3679120910729441     
          14          26   1.3439973506972414     
          26          27  0.95810332363014894     
          17          28   1.3531322613409575     
          18          28   1.3626997489311168     
          28          29  0.95987700678663679     
           8          30   1.0300068617161313     
          30          31  0.97312670466194418     
          30          32  0.98038282751517880     
          30          33  0.97216111625281421     
           7          34   1.0293243493924440     
          34          35  0.97316986383158044     
          34          36  0.97302371874210158     
          34          37  0.98037630249768526     
          11          38   1.0338012027457506     
          38          39  0.97609582138825490     
          38          40  0.96699669557525858     
          38          41  0.97728973177255751     
          12          42   1.1034934739921181     
          42          43  0.95796065574566536     
          42          44   1.8885234331200378     
          44          45  0.97563462288312053     
          44          46  0.97922294339430649     
          15          47   1.0335452469446487     
          47          48  0.97617675636006873     
          47          49  0.96697920361641998     
          47          50  0.97745773754151677     
          16          51   1.1021850420301125     
          51          52  0.95860524899983623     
          51          53   1.8897476847129879     
          53          54  0.97553982750731794     
          53          55  0.97920653272484026     
          19          56   1.0301598421025939     
          56          57  0.97274095825364681     
          56          58  0.97218049660199912     
          56          59  0.98033183541729896     
          20          60   1.0293308401465187     
          60          61  0.97309580791378003     
          60          62  0.98035722576845674     
          60          63  0.97300686599909436     
          64          65  0.97067411615327837     
          64          66  0.97091850503819843     
          64          67  0.98179291601678431     
          68          69  0.94107219125052410     
          64          70   1.0319476493791160     
          68          70   1.1893172317261407     
          68          71   1.2631728911794307     
          70          71  0.11203707643111094     
          71          72  0.95483450345020182     
           1          73  0.50422778794067924     
          71          73   1.4796695273943470     
          70          74   1.5594498458493300     
          73          74   1.2468847854117031     
          74          75  0.95903439336342966     
           1          77  0.25548986036173088     
          76          77  0.86712970953611102     
          77          78  0.98493036859828931     
          78          79  0.83295907467334129     
