    0.43067310
   -0.22871006
   -0.21845271
   -0.21221127
   -0.22367655
    0.04876019
   -0.03456173
   -0.03215602
    0.05102031
    0.05166270
   -0.03174725
   -0.02984172
    0.05399390
    0.05886629
   -0.03061972
   -0.01980794
    0.05557925
    0.05543137
   -0.03317181
   -0.02473933
    0.05055653
   -0.07714009
    0.02957606
   -0.07183987
    0.03292761
   -0.06782381
    0.03574817
   -0.06898951
    0.03426608
   -0.09671350
    0.03230978
    0.03414397
    0.03264832
   -0.09778871
    0.03466433
    0.03455253
    0.03272320
   -0.09888465
    0.03614912
    0.03179691
    0.04079482
   -0.02715495
    0.02342161
   -0.09656916
    0.03434397
    0.02277275
   -0.10009372
    0.03928071
    0.03420348
    0.04242164
   -0.02640099
    0.02397359
   -0.09648573
    0.03548693
    0.02296574
   -0.09833541
    0.03776623
    0.03496153
    0.03354972
   -0.09775465
    0.03383146
    0.03482053
    0.03430907
   -0.11725382
    0.05622288
    0.05600358
    0.06343956
   -0.08517831
    0.17381398
    0.03824457
    0.07459219
    0.06847549
   -0.12970433
   -0.00189754
    0.06673626
   -0.10818162
    0.04559023
    0.05815418
    0.04885645
   -0.02043923
    0.05553358
    0.05042931
   -0.05968970
   -0.07257238
    0.06260447
    0.05877505
    0.07216247
