    0.39346752
   -0.20997849
   -0.20920417
   -0.20873186
   -0.20972163
    0.05149338
   -0.03084658
   -0.03387209
    0.04903423
    0.04945290
   -0.02502836
   -0.03346951
    0.05505758
    0.05215903
   -0.02533319
   -0.03546923
    0.05380200
    0.04902361
   -0.03315297
   -0.03120942
    0.05157346
   -0.06929268
    0.03321504
   -0.07602628
    0.02967266
   -0.06825537
    0.03286302
   -0.07577890
    0.03620505
   -0.09661912
    0.03202723
    0.03328726
    0.03213497
   -0.09738413
    0.03385096
    0.03461830
    0.03197967
   -0.09835101
    0.03319193
    0.03260376
    0.04086227
   -0.02655449
    0.02337339
   -0.09863259
    0.03168772
    0.02024973
   -0.09793432
    0.03572668
    0.03519189
    0.03520635
   -0.02562695
    0.02346495
   -0.09802343
    0.02749324
    0.02094191
   -0.09696422
    0.03443638
    0.03286648
    0.03212376
   -0.09734695
    0.03218202
    0.03387255
    0.03422463
   -0.11606728
    0.05423802
    0.05451143
    0.06195065
   -0.08648617
    0.17166480
    0.03677531
    0.07510189
    0.06771518
   -0.12562999
   -0.00134609
    0.06480863
   -0.11593914
    0.05417806
    0.05438004
    0.06149688
   -0.08636766
    0.17176622
    0.03656198
    0.07509737
    0.06851392
   -0.12583678
   -0.00156725
    0.06467044
