           1           2  0.58886205826601690     
           1           3  0.58660704422050247     
           1           4  0.58661470557275019     
           1           5  0.58931274713161874     
           2           6   1.2542679551107718     
           6           7   1.1306028839203357     
           7           8   1.6051895201508426     
           2           9   1.2450991220340732     
           8           9   1.1301511868472205     
           3          10   1.2432014425410913     
          10          11   1.1575165408436421     
          11          12   1.5285673265004145     
           3          13   1.2571673574110143     
          12          13   1.1155156178372492     
           4          14   1.2424337121752769     
          14          15   1.1584720772268922     
          15          16   1.5313696278552049     
           4          17   1.2587458228485007     
          16          17   1.1179376286873779     
           5          18   1.2477714631973711     
          18          19   1.1310389592156986     
          19          20   1.6041307269438803     
           5          21   1.2520385018108007     
          20          21   1.1312278526141339     
           6          22   1.3542794306773789     
          21          22   1.3560457681917280     
          22          23  0.96246915130356114     
           9          24   1.3626319156115811     
          10          24   1.3374518907290631     
          24          25  0.96106148131501457     
          13          26   1.3629192969604007     
          14          26   1.3428272878154499     
          26          27  0.96011398356806688     
          17          28   1.3479719681350055     
          18          28   1.3559926181244859     
          28          29  0.95887904585898320     
           8          30   1.0282417228175011     
          30          31  0.98061050665087546     
          30          32  0.97379518782683661     
          30          33  0.97375159736767913     
           7          34   1.0288107836163225     
          34          35  0.97334732469634533     
          34          36  0.97350539379908219     
          34          37  0.98063894586434353     
          11          38   1.0318573850712682     
          38          39  0.96869655026555612     
          38          40  0.97679527150222512     
          38          41  0.97749296716490586     
          12          42   1.1075892453184510     
          42          43  0.95848467524256364     
          42          44   1.8827926870107605     
          44          45  0.97591314574326438     
          44          46  0.97949508133248009     
          15          47   1.0308690675116672     
          47          48  0.97359452877143449     
          47          49  0.97071799753743115     
          47          50  0.98226145424243683     
          16          51   1.0993186699386497     
          51          52  0.95797818774684429     
          51          53   1.8911610890819117     
          53          54  0.97531227281573130     
          53          55  0.97927522172456904     
          19          56   1.0285824791569202     
          56          57  0.97371708895431430     
          56          58  0.97333004629335163     
          56          59  0.98064764239654389     
          20          60   1.0287212968026154     
          60          61  0.98068054055713283     
          60          62  0.97345144036119446     
          60          63  0.97355231466456771     
          64          65  0.97153544281317727     
          64          66  0.97150608975681541     
          64          67  0.98218618053787576     
          68          69  0.94201064559271908     
          64          70   1.0312645279075212     
          68          70   1.1868655113053996     
          68          71   1.2617522145673781     
          70          71  0.11278778030124324     
          71          72  0.95478600778302081     
           1          73  0.49004461683647060     
          71          73   1.4872921262097734     
          70          74   1.5617373647100152     
          73          74   1.2510396568401623     
          74          75  0.96019175493540931     
          76          77  0.97148160508711712     
          76          78  0.97162501419832736     
          76          79  0.98225756630890215     
          80          81  0.94198220955122880     
          76          82   1.0312217766684963     
          80          82   1.1868098957506810     
          80          83   1.2622418230198309     
          82          83  0.11264695403435125     
          83          84  0.95421446508660024     
           1          85  0.48964525392000641     
          83          85   1.4874146450861856     
          82          86   1.5617108076889583     
          85          86   1.2511492251473810     
          86          87  0.96003672207460600     
