    0.44086292
   -0.21070397
   -0.20449980
   -0.22762342
   -0.23416925
    0.05041250
   -0.03059546
   -0.02802661
    0.05514088
    0.05622904
   -0.01894598
   -0.03182221
    0.05637546
    0.04967429
   -0.02339465
   -0.03396073
    0.05195222
    0.04788765
   -0.03191642
   -0.03311405
    0.04634891
   -0.07552217
    0.03441644
   -0.06429685
    0.03902697
   -0.07094380
    0.03495496
   -0.07389902
    0.03369629
   -0.09945290
    0.03445086
    0.03915895
    0.03516950
   -0.09852633
    0.03317171
    0.03721617
    0.03447228
   -0.10113767
    0.03491811
    0.03990976
    0.04275027
   -0.02674252
    0.02325669
   -0.09682319
    0.03573116
    0.02306968
   -0.10018402
    0.03417888
    0.03747600
    0.04201204
   -0.02746458
    0.02394477
   -0.09716864
    0.03445853
    0.02265854
   -0.09839637
    0.03519334
    0.03580630
    0.03343717
   -0.09838868
    0.03332961
    0.03368886
    0.03589783
   -0.48039039
    0.32127124
    0.32145247
   -0.11786057
    0.05666775
    0.05655807
    0.06386111
   -0.08420475
    0.17414563
    0.03850994
    0.07259614
    0.06993247
   -0.13145443
   -0.00301908
    0.06731814
