           1           2  0.57913821164082313     
           1           3  0.57413498092174076     
           1           4  0.57835177028685303     
           1           5  0.58008145746909445     
           2           6   1.2555452115722476     
           6           7   1.1317316075225163     
           7           8   1.6004449294226224     
           2           9   1.2410241650857414     
           8           9   1.1303597512783530     
           3          10   1.2442741952321161     
          10          11   1.1497725129797793     
          11          12   1.5350872125863337     
           3          13   1.2602532667290778     
          12          13   1.1160650953862405     
           4          14   1.2450306295369840     
          14          15   1.1482888385662773     
          15          16   1.5370592412950916     
           4          17   1.2603004953852868     
          16          17   1.1139180494558805     
           5          18   1.2453439600073659     
          18          19   1.1290339417237041     
          19          20   1.6015422135603832     
           5          21   1.2532940164889788     
          20          21   1.1305453583508647     
           6          22   1.3561023306197293     
          21          22   1.3596131467639787     
          22          23  0.96075901604815273     
           9          24   1.3635750766049621     
          10          24   1.3429386671220287     
          24          25  0.96018803719214119     
          13          26   1.3616249784497154     
          14          26   1.3526569084225182     
          26          27  0.95737625479520427     
          17          28   1.3521676965932687     
          18          28   1.3581572209448676     
          28          29  0.95950828395499999     
           8          30   1.0314794332445396     
          30          31  0.97987100480928979     
          30          32  0.97063669827405019     
          30          33  0.97277820797948356     
           7          34   1.0313490946007986     
          34          35  0.97266393561460762     
          34          36  0.97090992072476412     
          34          37  0.97988678243000638     
          11          38   1.0349403733956644     
          38          39  0.96688255998812911     
          38          40  0.97502028005269070     
          38          41  0.97657303686211616     
          12          42   1.1008600364810439     
          42          43  0.95727302403852088     
          42          44   1.8926505812903014     
          44          45  0.97554920895138675     
          44          46  0.97891426161032447     
          15          47   1.0356912165515693     
          47          48  0.97536756617150933     
          47          49  0.96497956823130060     
          47          50  0.97700077570809030     
          16          51   1.1007604384014940     
          51          52  0.95811954398693588     
          51          53   1.8927970839414960     
          53          54  0.97506785907243820     
          53          55  0.97882073628227317     
          19          56   1.0319610081181450     
          56          57  0.97184763879555724     
          56          58  0.97087701476674815     
          56          59  0.97986760101264958     
          20          60   1.0313711244332580     
          60          61  0.97232830148999527     
          60          62  0.97987347649342227     
          60          63  0.97126536416155318     
          64          65  0.97050117872293828     
          64          66  0.97042583249125880     
          64          67  0.98173738855527692     
          68          69  0.94039118111843933     
          64          70   1.0324706713845599     
          68          70   1.1883852576810052     
          68          71   1.2728168361632939     
          70          71  0.11167647063698447     
          71          72  0.95815630492231463     
           1          73  0.32995274532327185     
          71          73   1.5201313310651066     
          70          74   1.5609651228918253     
          73          74   1.2703662748918114     
          74          75  0.96425907758972751     
           1          76   1.1684060148371920     
           1          77  0.67645935013011915     
          76          77   1.1842870678616331     
