    0.63827188
   -0.21346658
   -0.20620417
   -0.20119546
   -0.20912214
    0.06404497
   -0.02266923
   -0.02233358
    0.05921128
    0.06168045
   -0.01278209
   -0.02310061
    0.07678848
    0.07404186
   -0.01189636
   -0.02197608
    0.06703861
    0.06242276
   -0.02056610
   -0.02202260
    0.06488262
   -0.06491400
    0.04927508
   -0.06651770
    0.04571657
   -0.05485613
    0.04957523
   -0.06287129
    0.04671481
   -0.10163081
    0.04030319
    0.04561822
    0.03779729
   -0.10210952
    0.03907915
    0.04533434
    0.04008955
   -0.10295627
    0.03913934
    0.04333750
    0.04998579
   -0.02558301
    0.03514664
   -0.09486972
    0.03629955
    0.02946813
   -0.10390505
    0.03911695
    0.04955811
    0.04720314
   -0.02566981
    0.02804284
   -0.09217567
    0.04312566
    0.03017576
   -0.10190475
    0.03940435
    0.04637807
    0.04051369
   -0.10214095
    0.03939105
    0.04058560
    0.04491418
   -0.11739293
    0.05764250
    0.05802086
    0.06402177
   -0.08464784
    0.17573420
    0.03907511
    0.08485991
    0.06142131
   -0.18159940
    0.00414277
    0.05745216
   -0.16521869
   -0.29374478
