    0.42852283
   -0.21813469
   -0.22378066
   -0.22379552
   -0.21750375
    0.05494159
   -0.02827723
   -0.02981086
    0.05274228
    0.04972560
   -0.03311955
   -0.03086646
    0.05327378
    0.05541081
   -0.03384827
   -0.02452862
    0.05195762
    0.05538860
   -0.03481167
   -0.02181947
    0.05335084
   -0.06767411
    0.03622309
   -0.07375833
    0.03394327
   -0.07121149
    0.03204677
   -0.07263673
    0.03089653
   -0.09865400
    0.03467759
    0.03829566
    0.03418169
   -0.09822766
    0.03785928
    0.03302677
    0.03419191
   -0.09994651
    0.03737712
    0.03449351
    0.04183414
   -0.02721784
    0.02275934
   -0.09720510
    0.03414650
    0.02248000
   -0.09883245
    0.03558482
    0.03322939
    0.04123985
   -0.02729289
    0.02350204
   -0.09687288
    0.03364075
    0.02212990
   -0.09773357
    0.03614197
    0.03461198
    0.03310623
   -0.09792826
    0.03351781
    0.03278030
    0.03617013
   -0.11707423
    0.05590455
    0.05604901
    0.06326754
   -0.08476441
    0.17364563
    0.03782866
    0.07415189
    0.06962462
   -0.13037435
   -0.00192003
    0.06619851
   -0.10794591
    0.04536808
    0.05756612
    0.04853219
   -0.02086983
    0.05771033
    0.05078117
   -0.06028345
   -0.07231184
    0.06426501
    0.05930195
    0.07143507
