    0.43032034
   -0.23004435
   -0.21748475
   -0.21180211
   -0.22462266
    0.04881469
   -0.03407368
   -0.03266901
    0.05082274
    0.05235815
   -0.02337245
   -0.03313437
    0.05634405
    0.05595354
   -0.01981947
   -0.03042974
    0.05872647
    0.05214200
   -0.03081910
   -0.03289141
    0.05065458
   -0.07753850
    0.02996253
   -0.07139220
    0.03270739
   -0.06787368
    0.03527276
   -0.06841881
    0.03506097
   -0.09755264
    0.03276041
    0.03421292
    0.03457158
   -0.09681383
    0.03408618
    0.03263715
    0.03260207
   -0.09942589
    0.03604269
    0.03386379
    0.04190456
   -0.02685536
    0.02366126
   -0.09671874
    0.03399834
    0.02287794
   -0.10024705
    0.03996436
    0.03402862
    0.04227258
   -0.02624654
    0.02392214
   -0.09650726
    0.03581828
    0.02288117
   -0.09832131
    0.03701399
    0.03487522
    0.03325946
   -0.09718068
    0.03323361
    0.03236289
    0.03485104
   -0.11725697
    0.05599647
    0.05622045
    0.06354521
   -0.08526273
    0.17365509
    0.03825411
    0.07437587
    0.06867109
   -0.12981177
   -0.00181859
    0.06659997
   -0.10813449
    0.04521499
    0.04887769
    0.05809780
   -0.02087668
    0.05020596
    0.05675924
   -0.05952325
   -0.07249431
    0.05890055
    0.06356398
    0.07165345
