           1           2  0.61842843145660731     
           1           3  0.61311908497801759     
           1           4  0.61830782278899732     
           1           5  0.63422937206990337     
           2           6   1.2457147823694510     
           6           7   1.1348064794375690     
           7           8   1.5984721819482919     
           2           9   1.2318347112176800     
           8           9   1.1349449182591491     
           3          10   1.2239790859109685     
          10          11   1.1587980807523448     
          11          12   1.5314094758171830     
           3          13   1.2448035390295364     
          12          13   1.1223452479092637     
           4          14   1.2305048334572324     
          14          15   1.1541972718798219     
          15          16   1.5410334656092506     
           4          17   1.2506610827593594     
          16          17   1.1199622286149467     
           5          18   1.2423665132772368     
          18          19   1.1245807400000127     
          19          20   1.6100215000817184     
           5          21   1.2422475135035573     
          20          21   1.1255421138956538     
           6          22   1.3570089684504703     
          21          22   1.3687849770864662     
          22          23  0.96094395446687519     
           9          24   1.3652301639638638     
          10          24   1.3416447322195693     
          24          25  0.96002603836229672     
          13          26   1.3658599849285042     
          14          26   1.3554237809706684     
          26          27  0.95921368687561226     
          17          28   1.3565324082727561     
          18          28   1.3689956800556875     
          28          29  0.95717607264442284     
           8          30   1.0300182544721002     
          30          31  0.97190693539590411     
          30          32  0.98009645702705406     
          30          33  0.97303430255644829     
           7          34   1.0311011679029698     
          34          35  0.97089226118078420     
          34          36  0.97284233451211655     
          34          37  0.98010448985631138     
          11          38   1.0336475838216825     
          38          39  0.96690143759207992     
          38          40  0.97575437478032623     
          38          41  0.97727623204414127     
          12          42   1.0995845903069177     
          42          43  0.95803432703544866     
          42          44   1.8932861935786640     
          44          45  0.97545303138903916     
          44          46  0.97898215202690808     
          15          47   1.0323778630479181     
          47          48  0.97170274830229153     
          47          49  0.97024137057666371     
          47          50  0.98222115126866016     
          16          51   1.0906590759057575     
          51          52  0.95728585567769875     
          51          53   1.9030075494842262     
          53          54  0.97477636940362422     
          53          55  0.97870444014169222     
          19          56   1.0313872757110414     
          56          57  0.97250107747431602     
          56          58  0.97090323126474787     
          56          59  0.98003767953939658     
          20          60   1.0309576332920158     
          60          61  0.98010118623292408     
          60          62  0.97191007328851020     
          60          63  0.97214107934018335     
           1          64  0.36800733353507625     
          64          65  0.79131139297615949     
          64          66  0.88490569542172470     
          67          68  0.87719947441228951     
          67          69  0.90227205061657600     
