    0.44080311
   -0.21100635
   -0.23308084
   -0.22758909
   -0.20535569
    0.05521816
   -0.02783213
   -0.03091902
    0.05022754
    0.04658764
   -0.02481211
   -0.03447418
    0.05117941
    0.04911005
   -0.02318550
   -0.03390401
    0.05271844
    0.05351923
   -0.02916975
   -0.02746320
    0.05593135
   -0.06481078
    0.03912025
   -0.07522989
    0.03413219
   -0.07333614
    0.03371529
   -0.07129721
    0.03505537
   -0.09847150
    0.03454260
    0.03341000
    0.03679856
   -0.09949683
    0.03889168
    0.03556215
    0.03436539
   -0.10008746
    0.03474671
    0.03488806
    0.04212453
   -0.02746682
    0.02365855
   -0.09714617
    0.03349177
    0.02273652
   -0.10000717
    0.03376188
    0.03723750
    0.04204621
   -0.02774211
    0.02472292
   -0.09702102
    0.03428291
    0.02280628
   -0.09881932
    0.03725886
    0.03548150
    0.03458836
   -0.09949245
    0.03477524
    0.03569419
    0.03845043
   -0.48061167
    0.32141075
    0.32127034
   -0.11792604
    0.05677302
    0.05649969
    0.06394688
   -0.08410707
    0.17432417
    0.03854050
    0.07280091
    0.06982156
   -0.13160931
   -0.00309089
    0.06753304
