    0.39638222
   -0.20497262
   -0.20930061
   -0.21506984
   -0.21044857
    0.05206759
   -0.03124553
   -0.03166937
    0.05179431
    0.05140432
   -0.02673963
   -0.03447172
    0.05462909
    0.04881253
   -0.02450419
   -0.03574093
    0.05197350
    0.04949028
   -0.03242482
   -0.03214677
    0.05124094
   -0.07107377
    0.03209013
   -0.07101682
    0.03191444
   -0.07336747
    0.03676381
   -0.07351119
    0.03099639
   -0.09719284
    0.03214815
    0.03363385
    0.03387101
   -0.09726042
    0.03352996
    0.03427706
    0.03208374
   -0.09779570
    0.03426041
    0.03503464
    0.03502729
   -0.02637989
    0.02225967
   -0.09755673
    0.03226777
    0.02121974
   -0.09872685
    0.03255306
    0.03564177
    0.04044398
   -0.02729347
    0.02241632
   -0.09909987
    0.01990968
    0.03225951
   -0.09687223
    0.03453558
    0.03264374
    0.03205518
   -0.09714138
    0.03198513
    0.03371427
    0.03387615
   -0.11599025
    0.05426871
    0.05437118
    0.06157241
   -0.08652304
    0.17172879
    0.03673916
    0.07493609
    0.06692902
   -0.12561631
   -0.00150153
    0.06452365
   -0.11595851
    0.05410709
    0.05464629
    0.06155239
   -0.08636672
    0.17173517
    0.03681386
    0.07483957
    0.06755105
   -0.12533754
   -0.00127559
    0.06407104
