           1           2  0.58884218359459795     
           1           3  0.58651066310126321     
           1           4  0.58423289881310325     
           1           5  0.58691552758603349     
           2           6   1.2554940392739684     
           6           7   1.1287317584693248     
           7           8   1.6076638055744654     
           2           9   1.2458736546763096     
           8           9   1.1281215468672485     
           3          10   1.2458758562244066     
          10          11   1.1580535707881716     
          11          12   1.5335020753719297     
           3          13   1.2538235040489987     
          12          13   1.1161811511596136     
           4          14   1.2379188595664439     
          14          15   1.1602788749810804     
          15          16   1.5242959509562131     
           4          17   1.2612385422928800     
          16          17   1.1189445118023347     
           5          18   1.2494685728455359     
          18          19   1.1308902483713834     
          19          20   1.6042486631814370     
           5          21   1.2510136760669495     
          20          21   1.1311287265080274     
           6          22   1.3529424463763315     
          21          22   1.3551701680315777     
          22          23  0.96257763107251815     
           9          24   1.3670880614481256     
          10          24   1.3368789784955462     
          24          25  0.96249937580279721     
          13          26   1.3610647077278313     
          14          26   1.3423790348535523     
          26          27  0.95703527658985821     
          17          28   1.3493897033172650     
          18          28   1.3576676225477546     
          28          29  0.96058379588394727     
           8          30   1.0286293118068330     
          30          31  0.98065357815043885     
          30          32  0.97312361746759612     
          30          33  0.97400767198837634     
           7          34   1.0286641880319354     
          34          35  0.97345181609246911     
          34          36  0.97359267723010356     
          34          37  0.98067139341552934     
          11          38   1.0304402205444514     
          38          39  0.97406320188252016     
          38          40  0.97083788798611459     
          38          41  0.98226752541520823     
          12          42   1.0992236094601227     
          42          43  0.95804674675340784     
          42          44   1.8915735301212921     
          44          45  0.97509826921153553     
          44          46  0.97924656946397848     
          15          47   1.0322718359470411     
          47          48  0.97692012032313924     
          47          49  0.96805195644603570     
          47          50  0.97741752554778838     
          16          51   1.1079566449367446     
          51          52  0.95889976021954615     
          51          53   1.8821825409154747     
          53          54  0.97951299689653959     
          53          55  0.97587774166525543     
          19          56   1.0286051719600191     
          56          57  0.97318838730908630     
          56          58  0.97389847989188283     
          56          59  0.98063104690532166     
          20          60   1.0286024411475407     
          60          61  0.98063995484544675     
          60          62  0.97412297432971173     
          60          63  0.97303014046024061     
          64          65  0.97150164693496588     
          64          66  0.97162000055981368     
          64          67  0.98226056036400122     
          68          69  0.94201043382816807     
          64          70   1.0311819331051031     
          68          70   1.1870942282704231     
          68          71   1.2610495102811319     
          70          71  0.11275145859731008     
          71          72  0.95543401326946475     
           1          73  0.49312337794482342     
          71          73   1.4857906304393875     
          70          74   1.5614751655658285     
          73          74   1.2502847002672315     
          74          75  0.96074401939154952     
          76          77  0.97163197937722634     
          76          78  0.97144892823631734     
          76          79  0.98225460688872168     
          80          81  0.94201283522541424     
          76          82   1.0312128673958028     
          80          82   1.1871781386193825     
          80          83   1.2611497157028746     
          82          83  0.11267076060607242     
          83          84  0.95539213106134235     
           1          85  0.49408309416518936     
          83          85   1.4856260933748124     
          82          86   1.5613992638151795     
          85          86   1.2501617929222728     
          86          87  0.96085098729686291     
