           1           2  0.58928599453657438     
           1           3  0.58850569593681989     
           1           4  0.58618226561820452     
           1           5  0.58807560030317441     
           2           6   1.2530794701355883     
           6           7   1.1308478302825939     
           7           8   1.6053187153468245     
           2           9   1.2464455058405546     
           8           9   1.1297687483783694     
           3          10   1.2442652190797094     
          10          11   1.1575868955941915     
          11          12   1.5279452831470723     
           3          13   1.2555300758869981     
          12          13   1.1155728986605864     
           4          14   1.2394197250202079     
          14          15   1.1576467011656775     
          15          16   1.5278822250356996     
           4          17   1.2623650832800859     
          16          17   1.1170749784985055     
           5          18   1.2508110153358538     
          18          19   1.1308739246917963     
          19          20   1.6037621902133146     
           5          21   1.2495308874238560     
          20          21   1.1317817945415432     
           6          22   1.3505973878863879     
          21          22   1.3533968372915299     
          22          23  0.96273264810931580     
           9          24   1.3663839827895570     
          10          24   1.3405282055799670     
          24          25  0.96087847572674223     
          13          26   1.3587411189486858     
          14          26   1.3413620092975271     
          26          27  0.95889548103167099     
          17          28   1.3523130607309266     
          18          28   1.3581631351053378     
          28          29  0.96025822157843266     
           8          30   1.0288386022847096     
          30          31  0.98060867958151932     
          30          32  0.97342833756486158     
          30          33  0.97338918727667489     
           7          34   1.0282554780549387     
          34          35  0.97383310227471753     
          34          36  0.97370116435916931     
          34          37  0.98062735781338328     
          11          38   1.0324145745833651     
          38          39  0.97655796396074890     
          38          40  0.96825875151684071     
          38          41  0.97760591853311407     
          12          42   1.1074333741256777     
          42          43  0.95859381751537698     
          42          44   1.8825164399811896     
          44          45  0.97596972132751758     
          44          46  0.97950713424671554     
          15          47   1.0320465305187798     
          47          48  0.97679713949708158     
          47          49  0.97757383745777904     
          47          50  0.96835599432727038     
          16          51   1.1067895043479283     
          51          52  0.95857797027270386     
          51          53   1.8837556151082866     
          53          54  0.97586128064251232     
          53          55  0.97947140417564493     
          19          56   1.0290220303340796     
          56          57  0.97355506193315233     
          56          58  0.97299666916231731     
          56          59  0.98061071416847856     
          20          60   1.0281843730790396     
          60          61  0.98063797218276350     
          60          62  0.97365883531723241     
          60          63  0.97398124425903665     
          64          65  0.97160100831447171     
          64          66  0.97149855189647094     
          64          67  0.98227393414882247     
          68          69  0.94191441875367099     
          64          70   1.0312065624331248     
          68          70   1.1869284877063078     
          68          71   1.2624355815066781     
          70          71  0.11261686958952674     
          71          72  0.95437935541072738     
           1          73  0.48934404903695433     
          71          73   1.4875294742795637     
          70          74   1.5616361908559899     
          73          74   1.2511448941321988     
          74          75  0.96018910513410227     
          76          77  0.97129607938956597     
          76          78  0.97169375877059494     
          76          79  0.98215982178979055     
          80          81  0.94205267820275929     
          76          82   1.0313092455147987     
          80          82   1.1867799980675076     
          80          83   1.2617939384661150     
          82          83  0.11277536368467349     
          83          84  0.95461115860290158     
           1          85  0.49009944428987295     
          83          85   1.4873293822516180     
          82          86   1.5617307080679521     
          85          86   1.2510778551210631     
          86          87  0.96014193864468911     
