           1           2  0.59847989103468413     
           1           3  0.59478394736786389     
           1           4  0.58409748494292169     
           1           5  0.58704199509035027     
           2           6   1.2530528224739674     
           6           7   1.1271371311793033     
           7           8   1.6092102358204436     
           2           9   1.2451922713207588     
           8           9   1.1268960401256534     
           3          10   1.2435603750226221     
          10          11   1.1536580763872015     
          11          12   1.5346386914763404     
           3          13   1.2543167577328111     
          12          13   1.1138459767887501     
           4          14   1.2348932370425512     
          14          15   1.1607739257151026     
          15          16   1.5262597356865779     
           4          17   1.2535656483121547     
          16          17   1.1214252653453884     
           5          18   1.2428999383067041     
          18          19   1.1348060798240378     
          19          20   1.5996866888842658     
           5          21   1.2449380576653326     
          20          21   1.1355861803775684     
           6          22   1.3575281885414880     
          21          22   1.3583752327035288     
          22          23  0.96200748166621219     
           9          24   1.3678114933559498     
          10          24   1.3426852059160139     
          24          25  0.96051608907750552     
          13          26   1.3652306359642055     
          14          26   1.3467001513290029     
          26          27  0.95854229041213412     
          17          28   1.3535382898765260     
          18          28   1.3580432284719268     
          28          29  0.96009832583622323     
           8          30   1.0294231335154713     
          30          31  0.97327412020791049     
          30          32  0.98041717666532424     
          30          33  0.97279978438451131     
           7          34   1.0296011400289007     
          34          35  0.97330185037405803     
          34          36  0.97258685509026566     
          34          37  0.98043080684535022     
          11          38   1.0330181134192726     
          38          39  0.97649653907300882     
          38          40  0.96743039821422949     
          38          41  0.97751705686676205     
          12          42   1.1044002282606034     
          42          43  0.95833156433345823     
          42          44   1.8870279693813372     
          44          45  0.97568950413880606     
          44          46  0.97930651116790157     
          15          47   1.0330122379141338     
          47          48  0.97623963815891757     
          47          49  0.96765118788571403     
          47          50  0.97753903093111405     
          16          51   1.1040868317967041     
          51          52  0.95840899935185497     
          51          53   1.8871392882629523     
          53          54  0.97578443902516210     
          53          55  0.97933900681401109     
          19          56   1.0291612760812339     
          56          57  0.97282331937976430     
          56          58  0.97342316415556196     
          56          59  0.98044040982686853     
          20          60   1.0293931670550622     
          60          61  0.97314657342627786     
          60          62  0.98049433764886973     
          60          63  0.97284473604166433     
           1          64  0.26280352672751112     
          64          65  0.88455849877405657     
          64          66  0.88381304957573548     
          67          68  0.97117286522173063     
          67          69  0.97077726083268701     
          67          70  0.98189110322725237     
          71          72  0.94116904865021067     
          67          73   1.0317619339997952     
          71          73   1.1886521831629391     
          71          74   1.2625488086118239     
          73          74  0.11242284926030212     
          74          75  0.95292075628283701     
           1          76  0.50895970132479473     
          74          76   1.4787778072916553     
          73          77   1.5596215059812972     
          76          77   1.2469302368071387     
          77          78  0.95969681238812132     
