    0.39635296
   -0.21017310
   -0.21487755
   -0.20922960
   -0.20443071
    0.05134410
   -0.03183180
   -0.03289471
    0.04926798
    0.04888652
   -0.02775553
   -0.03519448
    0.05353358
    0.04935641
   -0.02690121
   -0.03394633
    0.05663822
    0.05167473
   -0.03097908
   -0.03169540
    0.05216087
   -0.07115948
    0.03195457
   -0.07447529
    0.03081803
   -0.07368921
    0.03704805
   -0.07037643
    0.03787309
   -0.09683775
    0.03202659
    0.03451632
    0.03148491
   -0.09717988
    0.03393894
    0.03393587
    0.03176595
   -0.09748480
    0.03298918
    0.03499703
    0.03487792
   -0.02574171
    0.02307395
   -0.09771717
    0.02781575
    0.02124450
   -0.09781545
    0.03582557
    0.03376277
    0.03529778
   -0.02566055
    0.02305440
   -0.09728110
    0.02131983
    0.03035858
   -0.09745957
    0.03446640
    0.03479099
    0.03223626
   -0.09721366
    0.03425690
    0.03226692
    0.03311519
   -0.11592014
    0.05435703
    0.05408581
    0.06140692
   -0.08651825
    0.17167452
    0.03657315
    0.07495781
    0.06765802
   -0.12612332
   -0.00164015
    0.06433151
   -0.11592787
    0.05408410
    0.05428456
    0.06203774
   -0.08681537
    0.17124843
    0.03679888
    0.07454473
    0.06694829
   -0.12599108
   -0.00134623
    0.06496481
