           1           2  0.58808255665201825     
           1           3  0.58423796864832112     
           1           4  0.58606684381834917     
           1           5  0.59104667648663711     
           2           6   1.2540027701988543     
           6           7   1.1302389535517716     
           7           8   1.6058051312768591     
           2           9   1.2452757745251342     
           8           9   1.1296817417443044     
           3          10   1.2443514416854964     
          10          11   1.1606870738265722     
          11          12   1.5301489871246730     
           3          13   1.2538363629615812     
          12          13   1.1185388957554239     
           4          14   1.2392969087082431     
          14          15   1.1580755655920960     
          15          16   1.5326887729911860     
           4          17   1.2614723082829014     
          16          17   1.1183647414551985     
           5          18   1.2479354729050234     
          18          19   1.1286644138557573     
          19          20   1.6067365930329465     
           5          21   1.2528999640037697     
          20          21   1.1293818003913707     
           6          22   1.3528150748412471     
          21          22   1.3546267146647379     
          22          23  0.96260385716040586     
           9          24   1.3660251446279810     
          10          24   1.3361910198663594     
          24          25  0.96262210209906984     
          13          26   1.3578599012590411     
          14          26   1.3443047122521943     
          26          27  0.95878769766252236     
          17          28   1.3465351005290058     
          18          28   1.3609249489977118     
          28          29  0.95874397365820152     
           8          30   1.0283786695597767     
          30          31  0.98066010928383007     
          30          32  0.97322573785635103     
          30          33  0.97420014475837335     
           7          34   1.0286455524240734     
          34          35  0.97413105868994676     
          34          36  0.97294043455953794     
          34          37  0.98065720762223263     
          11          38   1.0301076480574041     
          38          39  0.97355207350985384     
          38          40  0.97153050232019278     
          38          41  0.98256592707211343     
          12          42   1.0996963616176294     
          42          43  0.95818453553468341     
          42          44   1.8908895086738193     
          44          45  0.97532325027086475     
          44          46  0.97927431700551715     
          15          47   1.0304413054588555     
          47          48  0.97152648732998936     
          47          49  0.97301711309810290     
          47          50  0.98270596009970967     
          16          51   1.0983055354085265     
          51          52  0.95826757281459263     
          51          53   1.8929265936483686     
          53          54  0.97923212448629582     
          53          55  0.97518114377677767     
          19          56   1.0289778853947731     
          56          57  0.97239320718256483     
          56          58  0.97425537776926086     
          56          59  0.98064183216654022     
          20          60   1.0285597457485522     
          60          61  0.97330559117046800     
          60          62  0.98072495499790291     
          60          63  0.97391759513362697     
          64          65  0.97155563880745188     
          64          66  0.97161859226037461     
          64          67  0.98228395646480982     
          68          69  0.94202462519665398     
          64          70   1.0311593564855377     
          68          70   1.1870026808713841     
          68          71   1.2613689802700656     
          70          71  0.11273254957800918     
          71          72  0.95493456633150431     
           1          73  0.49229052574139126     
          71          73   1.4860882263943993     
          70          74   1.5615611759435550     
          73          74   1.2504540197916409     
          74          75  0.96037391915705306     
          76          77  0.97144256414980390     
          76          78  0.97165955977426677     
          76          79  0.98217114946162321     
          80          81  0.94215328533539588     
          76          82   1.0312512271413750     
          80          82   1.1867788989747277     
          80          83   1.2607924670405428     
          82          83  0.11292043135156969     
          83          84  0.95505944474251947     
           1          85  0.49241500529400378     
          83          85   1.4862108791576134     
          82          86   1.5617346216967385     
          85          86   1.2503270026319853     
          86          87  0.96022916810968195     
