           1           2  0.58972626625413715     
           1           3  0.58670563019438204     
           1           4  0.58337889948227051     
           1           5  0.58717390058185237     
           2           6   1.2550675730680221     
           6           7   1.1286973849426030     
           7           8   1.6077524034655724     
           2           9   1.2464581302335376     
           8           9   1.1279708219133320     
           3          10   1.2441459264201835     
          10          11   1.1577168651730110     
          11          12   1.5278541167843429     
           3          13   1.2560588398718444     
          12          13   1.1153820311133553     
           4          14   1.2390521215474970     
          14          15   1.1601134744170531     
          15          16   1.5248252239553546     
           4          17   1.2606511704146852     
          16          17   1.1191273313226735     
           5          18   1.2496173553805214     
          18          19   1.1307620598318557     
          19          20   1.6042790788107930     
           5          21   1.2510748445777231     
          20          21   1.1311524175502150     
           6          22   1.3532076746287680     
          21          22   1.3550960400294096     
          22          23  0.96253687826980605     
           9          24   1.3660270749807577     
          10          24   1.3385236304298784     
          24          25  0.96093777924330537     
          13          26   1.3615157504129369     
          14          26   1.3418849912514046     
          26          27  0.95873770935463654     
          17          28   1.3496468282404772     
          18          28   1.3575419925988255     
          28          29  0.96049699401307786     
           8          30   1.0286969889772910     
          30          31  0.98060641352834388     
          30          32  0.97337302819966998     
          30          33  0.97363633629784907     
           7          34   1.0286980525015641     
          34          35  0.97334770572255713     
          34          36  0.97366264454009444     
          34          37  0.98062741456682523     
          11          38   1.0323055008893558     
          38          39  0.97678539831719657     
          38          40  0.96820309871019994     
          38          41  0.97748092114554697     
          12          42   1.1080483386393869     
          42          43  0.95862096133538899     
          42          44   1.8820864516069569     
          44          45  0.97588200961602789     
          44          46  0.97951264939091887     
          15          47   1.0321451701211544     
          47          48  0.97661578318135045     
          47          49  0.96833414005162033     
          47          50  0.97772494087903161     
          16          51   1.1068768268941456     
          51          52  0.95868422287499511     
          51          53   1.8832387647305242     
          53          54  0.97948001505100568     
          53          55  0.97591355700739402     
          19          56   1.0286371452657586     
          56          57  0.97349332378958020     
          56          58  0.97354663311633005     
          56          59  0.98061493194686800     
          20          60   1.0286307549937339     
          60          61  0.97331634893260999     
          60          62  0.98064095250815997     
          60          63  0.97377713584711900     
          64          65  0.97155470196233740     
          64          66  0.97152789023052422     
          64          67  0.98225820023616528     
          68          69  0.94197643361133077     
          64          70   1.0312029706945425     
          68          70   1.1871851037717691     
          68          71   1.2611894248375022     
          70          71  0.11272561628292850     
          71          72  0.95543404122903808     
           1          73  0.49382361703967803     
          71          73   1.4857129973194760     
          70          74   1.5614394893908980     
          73          74   1.2502445508232498     
          74          75  0.96053515503432341     
          76          77  0.97175865087078006     
          76          78  0.97129915503821718     
          76          79  0.98223676139632665     
          80          81  0.94197984931698731     
          76          82   1.0312259221189874     
          80          82   1.1871421217129070     
          80          83   1.2615460372182470     
          82          83  0.11264346436507969     
          83          84  0.95526456175111851     
           1          85  0.49349065399780362     
          83          85   1.4858628198405981     
          82          86   1.5614342574666435     
          85          86   1.2502863358272132     
          86          87  0.96060220240223704     
