    0.39573507
   -0.20442862
   -0.20931895
   -0.21562243
   -0.21030520
    0.05207368
   -0.03120214
   -0.03153301
    0.05201005
    0.05186087
   -0.02330614
   -0.03487849
    0.05271195
    0.04916811
   -0.02470589
   -0.03565561
    0.05192337
    0.04956609
   -0.03231835
   -0.03202926
    0.05143445
   -0.07092354
    0.03233055
   -0.07049495
    0.03214245
   -0.07302477
    0.03110820
   -0.07355251
    0.03105482
   -0.09724037
    0.03228848
    0.03386045
    0.03389669
   -0.09730333
    0.03361035
    0.03432953
    0.03221914
   -0.09894799
    0.03320935
    0.03535303
    0.04047551
   -0.02672105
    0.02070285
   -0.09851345
    0.03281927
    0.02018085
   -0.09831016
    0.03174934
    0.03543485
    0.04045355
   -0.02720311
    0.02258636
   -0.09896693
    0.02010649
    0.03210430
   -0.09689098
    0.03451466
    0.03278647
    0.03216895
   -0.09720772
    0.03389258
    0.03210616
    0.03388567
   -0.11602739
    0.05431973
    0.05445613
    0.06156577
   -0.08641521
    0.17184067
    0.03677892
    0.07500972
    0.06716216
   -0.12543296
   -0.00159589
    0.06453093
   -0.11602277
    0.05410902
    0.05476954
    0.06168673
   -0.08633112
    0.17182456
    0.03685095
    0.07499531
    0.06740986
   -0.12567638
   -0.00146266
    0.06440479
