           1           2  0.57201160175728294     
           1           3  0.56630929950213005     
           1           4  0.57722137474957513     
           1           5  0.58531160873867649     
           2           6   1.2493143797267861     
           6           7   1.1360213639485375     
           7           8   1.5996166980741324     
           2           9   1.2378642519827125     
           8           9   1.1350548318026739     
           3          10   1.2323538119056279     
          10          11   1.1631708570166346     
          11          12   1.5257923827419009     
           3          13   1.2479020600797561     
          12          13   1.1252796334594224     
           4          14   1.2373447968119264     
          14          15   1.1503098357135870     
          15          16   1.5385186722760509     
           4          17   1.2611852521321698     
          16          17   1.1155336276941175     
           5          18   1.2533669848398290     
          18          19   1.1213293950923842     
          19          20   1.6154113849281608     
           5          21   1.2514545988372594     
          20          21   1.1216146269624290     
           6          22   1.3540546988853071     
          21          22   1.3656063379196974     
          22          23  0.96161828283684625     
           9          24   1.3662047150830681     
          10          24   1.3432277867236637     
          24          25  0.96063661241828446     
          13          26   1.3600636632986305     
          14          26   1.3528332359471744     
          26          27  0.95846449849439685     
          17          28   1.3555223490098987     
          18          28   1.3648809768740173     
          28          29  0.95959385194598557     
           8          30   1.0295787115816497     
          30          31  0.98027468676762153     
          30          32  0.97312692179814619     
          30          33  0.97254358492379467     
           7          34   1.0302084832480518     
          34          35  0.97274814452954428     
          34          36  0.97205785399833633     
          34          37  0.98032764892530910     
          11          38   1.0330024756373883     
          38          39  0.96752817345393050     
          38          40  0.97632670220721951     
          38          41  0.97731117293168035     
          12          42   1.1018319109283159     
          42          43  0.95813555438635856     
          42          44   1.8903158090419265     
          44          45  0.97567867951517950     
          44          46  0.97917626527651547     
          15          47   1.0337376157492315     
          47          48  0.96727980627143473     
          47          49  0.97579051186821142     
          47          50  0.97725518768328157     
          16          51   1.1011125569838320     
          51          52  0.95814319397178305     
          51          53   1.8915401481378682     
          53          54  0.97556085149673666     
          53          55  0.97907535686099956     
          19          56   1.0310877695360130     
          56          57  0.97186534421368409     
          56          58  0.97203464180360766     
          56          59  0.98020291978308316     
          20          60   1.0305415927262842     
          60          61  0.97253065585240861     
          60          62  0.98021027356072488     
          60          63  0.97224089552191562     
           1          64  0.27476574659032288     
          64          65  0.88076756049970195     
          64          66  0.87992610107143698     
          67          68  0.98090535642355547     
          67          69  0.97902191703189156     
          67          70  0.97501736147006757     
           1          71  0.43679566663760377     
          67          71  0.99328171008789845     
          71          72  0.94236201410678710     
