           1           2  0.58543518328892086     
           1           3  0.58379417802964073     
           1           4  0.59613218436370496     
           1           5  0.59788737633486433     
           2           6   1.2472442166078979     
           6           7   1.1372878490722029     
           7           8   1.5980194766573521     
           2           9   1.2372858480510660     
           8           9   1.1362532651138331     
           3          10   1.2351111663535890     
          10          11   1.1626255481445140     
          11          12   1.5245898001263916     
           3          13   1.2502942557229246     
          12          13   1.1227176699274408     
           4          14   1.2397902817462692     
          14          15   1.1500747764351804     
          15          16   1.5371945752375287     
           4          17   1.2617322458134252     
          16          17   1.1130303662713976     
           5          18   1.2508382532552185     
          18          19   1.1259190103695651     
          19          20   1.6101714157427194     
           5          21   1.2497839751812343     
          20          21   1.1261216507976171     
           6          22   1.3536111057560620     
          21          22   1.3623398579586894     
          22          23  0.96200751250819239     
           9          24   1.3652498507816799     
          10          24   1.3414493914676098     
          24          25  0.96079057268940582     
          13          26   1.3605112312900998     
          14          26   1.3516654079038948     
          26          27  0.95859051137596496     
          17          28   1.3543524547437147     
          18          28   1.3603736941288369     
          28          29  0.96003570529822713     
           8          30   1.0287475496670422     
          30          31  0.98044285682067811     
          30          32  0.97329355010522245     
          30          33  0.97348729212619833     
           7          34   1.0293785216763949     
          34          35  0.97282744938981325     
          34          36  0.97311563719024996     
          34          37  0.98049192575090216     
          11          38   1.0322731888874093     
          38          39  0.97668152031518507     
          38          40  0.96824996731855206     
          38          41  0.97735922114330698     
          12          42   1.1047019422491351     
          42          43  0.95834807951160528     
          42          44   1.8866412343829877     
          44          45  0.97580173164125517     
          44          46  0.97933026851505234     
          15          47   1.0332684490935329     
          47          48  0.97597032693234054     
          47          49  0.96776041725791861     
          47          50  0.97750479535897350     
          16          51   1.1036053854351036     
          51          52  0.95825725692904773     
          51          53   1.8879046575468439     
          53          54  0.97578536003437000     
          53          55  0.97929144728134565     
          19          56   1.0298968006553897     
          56          57  0.97248820368081224     
          56          58  0.97295656757977711     
          56          59  0.98042108267392636     
          20          60   1.0295550728856251     
          60          61  0.98042404600294675     
          60          62  0.97319124307530203     
          60          63  0.97281000918922422     
           1          64  0.26214946014142870     
          64          65  0.88376621911103048     
          64          66  0.88417554992499636     
          67          68  0.97104849917913927     
          67          69  0.97086615349628602     
          67          70  0.98183670993467875     
          71          72  0.94121349360737627     
          67          73   1.0317166899240968     
          71          73   1.1887698355142728     
          71          74   1.2620988037891003     
          73          74  0.11199281108000837     
          74          75  0.95480991497790002     
           1          76  0.50939113731285057     
          74          76   1.4798651631984063     
          73          77   1.5603113133580757     
          76          77   1.2457694234836039     
          77          78  0.95767187912119278     
