           1           2  0.58540786656552612     
           1           3  0.58390551965986270     
           1           4  0.59621023747704260     
           1           5  0.59783565166650277     
           2           6   1.2472545080984832     
           6           7   1.1372715049158404     
           7           8   1.5980357818046584     
           2           9   1.2373311422237132     
           8           9   1.1362474779043947     
           3          10   1.2350694079735725     
          10          11   1.1626526663257131     
          11          12   1.5244957455047279     
           3          13   1.2503073100416202     
          12          13   1.1226911012199066     
           4          14   1.2398018650742977     
          14          15   1.1500255822257466     
          15          16   1.5372775694107201     
           4          17   1.2617423875500628     
          16          17   1.1130219308881026     
           5          18   1.2508282944433737     
          18          19   1.1259494627459841     
          19          20   1.6101409504273818     
           5          21   1.2497768906197937     
          20          21   1.1261451732570711     
           6          22   1.3536210768400059     
          21          22   1.3623299876508792     
          22          23  0.96201243141590020     
           9          24   1.3652590444624486     
          10          24   1.3414384995095168     
          24          25  0.96079343084678004     
          13          26   1.3605091830267650     
          14          26   1.3516853839367058     
          26          27  0.95858246138288394     
          17          28   1.3543516582636086     
          18          28   1.3603511985534451     
          28          29  0.96004597780527456     
           8          30   1.0287478384921098     
          30          31  0.98044231968710827     
          30          32  0.97331269466104886     
          30          33  0.97346614934078790     
           7          34   1.0293782488484937     
          34          35  0.97282054757944303     
          34          36  0.97312678003079789     
          34          37  0.98048996307878966     
          11          38   1.0322721592892539     
          38          39  0.97667976604590079     
          38          40  0.96825121357924149     
          38          41  0.97734791292166001     
          12          42   1.1048467804423476     
          42          43  0.95835206067365086     
          42          44   1.8864887092767761     
          44          45  0.97578946009582057     
          44          46  0.97933345233907232     
          15          47   1.0332697341036343     
          47          48  0.97596920816570976     
          47          49  0.96776363675119381     
          47          50  0.97750783149446652     
          16          51   1.1035203876324056     
          51          52  0.95825615004413423     
          51          53   1.8879924329177626     
          53          54  0.97579164026741716     
          53          55  0.97928948282026207     
          19          56   1.0298935965592397     
          56          57  0.97249140157593361     
          56          58  0.97295538415789562     
          56          59  0.98042132378423141     
          20          60   1.0295537038722102     
          60          61  0.98042390151348768     
          60          62  0.97317910494637849     
          60          63  0.97282525223829408     
           1          64  0.26214344898915698     
          64          65  0.88382458368787586     
          64          66  0.88415903177588995     
          67          68  0.97102456951319849     
          67          69  0.97088990721801061     
          67          70  0.98183730524969148     
          71          72  0.94121341316453488     
          67          73   1.0317169964474724     
          71          73   1.1887712204850018     
          71          74   1.2620998723201333     
          73          74  0.11199089936435282     
          74          75  0.95481277458416070     
           1          76  0.50930989132170335     
          74          76   1.4799071774096457     
          73          77   1.5603142339502667     
          76          77   1.2457803473706410     
          77          78  0.95766465300097303     
