    0.44066385
   -0.23348348
   -0.23296132
   -0.20515576
   -0.20567623
    0.04921693
   -0.03097773
   -0.03401018
    0.04504463
    0.04555751
   -0.02559580
   -0.03360371
    0.05235726
    0.05369850
   -0.02000706
   -0.03083669
    0.05895365
    0.05587742
   -0.02810553
   -0.02861351
    0.05348554
   -0.07006200
    0.03659004
   -0.07954632
    0.03184151
   -0.06922220
    0.03592709
   -0.06573786
    0.03760198
   -0.09795505
    0.03361404
    0.03343584
    0.03448386
   -0.09896407
    0.03628743
    0.03559036
    0.03351694
   -0.09965982
    0.03367005
    0.03464927
    0.04202398
   -0.02745284
    0.02478883
   -0.09698600
    0.03343429
    0.02301284
   -0.10050640
    0.03561663
    0.03739651
    0.04346390
   -0.02678753
    0.02677885
   -0.09731819
    0.03410775
    0.02317275
   -0.09930691
    0.03873224
    0.03580702
    0.03459006
   -0.09902232
    0.03476917
    0.03532994
    0.03698693
   -0.48075779
    0.32133917
    0.32125552
   -0.11803947
    0.05686990
    0.05657639
    0.06403295
   -0.08433258
    0.17430372
    0.03873645
    0.07303918
    0.06958805
   -0.13165622
   -0.00324421
    0.06776804
