    0.39553514
   -0.21566387
   -0.20978031
   -0.20365727
   -0.20979969
    0.04868499
   -0.03303470
   -0.03341956
    0.04856733
    0.04968826
   -0.02404494
   -0.03436929
    0.05471761
    0.05224466
   -0.02598589
   -0.03325875
    0.05727037
    0.05116548
   -0.03157602
   -0.03307585
    0.04923620
   -0.07423433
    0.03121918
   -0.07409981
    0.03094226
   -0.07031358
    0.03172482
   -0.07012126
    0.03810269
   -0.09679645
    0.03189920
    0.03370945
    0.03245537
   -0.09688409
    0.03413042
    0.03238596
    0.03180885
   -0.09857121
    0.03338418
    0.03320221
    0.04087425
   -0.02664518
    0.02261303
   -0.09859933
    0.03178734
    0.02025154
   -0.09781738
    0.03576249
    0.03431352
    0.03529859
   -0.02542402
    0.02362362
   -0.09722540
    0.03013467
    0.02131288
   -0.09744334
    0.03488536
    0.03461577
    0.03198596
   -0.09686278
    0.03224213
    0.03143920
    0.03440672
   -0.11602320
    0.05420892
    0.05440792
    0.06194598
   -0.08671999
    0.17135221
    0.03681734
    0.07463937
    0.06699330
   -0.12575904
   -0.00146119
    0.06454454
   -0.11597052
    0.05402737
    0.05452145
    0.06201776
   -0.08662158
    0.17144948
    0.03687169
    0.07476464
    0.06703009
   -0.12560016
   -0.00136173
    0.06500797
