    0.46568733
   -0.21734008
   -0.24622208
   -0.24456880
   -0.21935236
    0.05719822
   -0.02684544
   -0.02863986
    0.05491295
    0.05072442
   -0.02330165
   -0.03390127
    0.04923186
    0.04838996
   -0.02221909
   -0.03103011
    0.05407743
    0.05487815
   -0.02615260
   -0.02539567
    0.05909209
   -0.06402937
    0.04144351
   -0.07139780
    0.03629936
   -0.07777306
    0.03390899
   -0.07075995
    0.03882170
   -0.09979161
    0.03613682
    0.03863523
    0.03602287
   -0.10035287
    0.03734428
    0.03999113
    0.03602378
   -0.10101555
    0.03711824
    0.03636202
    0.04308502
   -0.02847409
    0.02498030
   -0.09532619
    0.03565409
    0.02508652
   -0.10071217
    0.03578297
    0.03792584
    0.04387967
   -0.02774005
    0.02771834
   -0.09526855
    0.03579339
    0.02581865
   -0.10015039
    0.03939114
    0.03796895
    0.03674744
   -0.10052381
    0.03676235
    0.03934115
    0.03892351
   -0.47912600
    0.32495903
    0.32528907
   -0.07593851
    0.07096302
    0.07425297
    0.07606295
   -0.11176346
    0.16642573
