           1           2  0.58281682593414108     
           1           3  0.56863942169349557     
           1           4  0.56592073828846123     
           1           5  0.58205766810897419     
           2           6   1.2565160314179264     
           6           7   1.1259066900578607     
           7           8   1.6107546300204696     
           2           9   1.2448461899512278     
           8           9   1.1254262631618104     
           3          10   1.2352533194409034     
          10          11   1.1618768863185258     
          11          12   1.5271828654651716     
           3          13   1.2476955142722985     
          12          13   1.1234172400827775     
           4          14   1.2322332698294074     
          14          15   1.1590361405700844     
          15          16   1.5294175416002003     
           4          17   1.2535548340688174     
          16          17   1.1232664133025503     
           5          18   1.2495758542759106     
          18          19   1.1243588180867696     
          19          20   1.6119055108789289     
           5          21   1.2513417918346454     
          20          21   1.1247180471041349     
           6          22   1.3567298606932696     
          21          22   1.3634481657658288     
          22          23  0.96150215685745610     
           9          24   1.3699505720767144     
          10          24   1.3423688283320987     
          24          25  0.96043999765745736     
          13          26   1.3614417917850958     
          14          26   1.3502784368334724     
          26          27  0.95855766006711729     
          17          28   1.3544673904323443     
          18          28   1.3643376990226044     
          28          29  0.95968368195914366     
           8          30   1.0301248383203423     
          30          31  0.98024198934841966     
          30          32  0.97239707937057729     
          30          33  0.97275146588018158     
           7          34   1.0305595003495598     
          34          35  0.97299250669988036     
          34          36  0.97155854564870692     
          34          37  0.98026244310450661     
          11          38   1.0333504644758094     
          38          39  0.96737702931716629     
          38          40  0.97607256185549252     
          38          41  0.97724594428921630     
          12          42   1.1020736145897596     
          42          43  0.95828453552576731     
          42          44   1.8898927216483226     
          44          45  0.97568788762753555     
          44          46  0.97919044860785864     
          15          47   1.0334908918780095     
          47          48  0.97607491438239080     
          47          49  0.96733922496607572     
          47          50  0.97720131873959115     
          16          51   1.1011936436382741     
          51          52  0.95811528160756199     
          51          53   1.8913336513178785     
          53          54  0.97563042516125786     
          53          55  0.97913026046876617     
          19          56   1.0306017076234544     
          56          57  0.97167766126240451     
          56          58  0.97286831436456489     
          56          59  0.98018699106751073     
          20          60   1.0307004584756305     
          60          61  0.98024911149872862     
          60          62  0.97205503030755525     
          60          63  0.97241546952175373     
           1          64  0.27482104260536622     
          64          65  0.88027363283645710     
          64          66  0.88058678209919572     
          67          68  0.98101931156487199     
          67          69  0.97870925121018848     
          67          70  0.97451192152293964     
           1          71  0.43850069353279508     
          67          71  0.99320994235739635     
          71          72  0.94206030182584533     
