    0.63801772
   -0.20918680
   -0.20587062
   -0.20658816
   -0.20887892
    0.06471736
   -0.02272409
   -0.02022852
    0.06233249
    0.06344971
   -0.01213156
   -0.02451542
    0.07336549
    0.07208258
   -0.01318557
   -0.02202453
    0.06707771
    0.06240673
   -0.01997065
   -0.02277327
    0.06452965
   -0.06607145
    0.04831510
   -0.06211440
    0.04778672
   -0.05855061
    0.04817183
   -0.06215902
    0.04712544
   -0.10211868
    0.04055785
    0.03949746
    0.04586848
   -0.10196291
    0.04506859
    0.03872661
    0.04033332
   -0.10349350
    0.04836052
    0.03804240
    0.04710109
   -0.02585663
    0.02686824
   -0.09275437
    0.04209239
    0.02965026
   -0.10343386
    0.04632466
    0.03894216
    0.04974368
   -0.02534531
    0.03328775
   -0.09430043
    0.03743108
    0.02969693
   -0.10208262
    0.04579802
    0.04045503
    0.04050419
   -0.10198531
    0.04503411
    0.04048417
    0.03877828
   -0.16511035
   -0.29375868
   -0.11738237
    0.05797183
    0.05779702
    0.06379099
   -0.08407566
    0.17621174
    0.03898371
    0.08598064
    0.06200939
   -0.18174752
    0.00413106
    0.05747965
