    0.46683938
   -0.21874001
   -0.21456898
   -0.24473992
   -0.25063659
    0.05439656
   -0.02871182
   -0.02709419
    0.05679132
    0.05935160
   -0.01965191
   -0.02780923
    0.06054728
    0.05136492
   -0.01995617
   -0.03304116
    0.05104563
    0.04633012
   -0.03162522
   -0.03193457
    0.04878689
   -0.07326224
    0.03597751
   -0.06354546
    0.04133564
   -0.06879059
    0.04494655
   -0.07823751
    0.03387119
   -0.10034769
    0.03717167
    0.03598315
    0.04002098
   -0.09972149
    0.03573887
    0.03858833
    0.03596450
   -0.10121863
    0.03952841
    0.04104705
    0.03968431
   -0.02529063
    0.02921667
   -0.09487376
    0.03303668
    0.02698535
   -0.10210134
    0.04128485
    0.03691916
    0.04372701
   -0.02815015
    0.02467905
   -0.09542356
    0.03707978
    0.02521199
   -0.09891209
    0.03641089
    0.03606253
    0.03475964
   -0.09929016
    0.03491537
    0.03707103
    0.03549497
   -0.48007763
    0.32493710
    0.32539434
   -0.07587646
    0.07418135
    0.07070203
    0.07615507
   -0.11225246
    0.16634492
