    0.46518451
   -0.21904282
   -0.22862482
   -0.24435360
   -0.23622460
    0.05504146
   -0.02781716
   -0.02817095
    0.05608812
    0.05513395
   -0.02077816
   -0.03142511
    0.05409292
    0.04851612
   -0.02195560
   -0.03155082
    0.05422669
    0.05176811
   -0.02824803
   -0.02771561
    0.05434962
   -0.06809153
    0.03947763
   -0.06794820
    0.03811678
   -0.07430110
    0.03564276
   -0.07226683
    0.03750912
   -0.10008084
    0.03628785
    0.03605930
    0.03939877
   -0.09998218
    0.03718531
    0.03872169
    0.03593321
   -0.10137373
    0.03706897
    0.03796913
    0.04412908
   -0.02766131
    0.02637289
   -0.09558532
    0.03543406
    0.02532401
   -0.10097556
    0.03604081
    0.03856100
    0.04395702
   -0.02775689
    0.02731608
   -0.09542915
    0.03587254
    0.02565386
   -0.09986332
    0.03954919
    0.03658558
    0.03606649
   -0.10013289
    0.03616187
    0.03731867
    0.03911074
   -0.47988856
    0.32524700
    0.32464399
   -0.07612499
    0.07110694
    0.07459193
    0.07584152
   -0.11065675
    0.16536912
