           1           2  0.57378359788776612     
           1           3  0.57748001989189590     
           1           4  0.57550959061119322     
           1           5  0.57588126450774091     
           2           6   1.2431455546291021     
           6           7   1.1304553449527719     
           7           8   1.6045752042462469     
           2           9   1.2528171611013332     
           8           9   1.1315452505237684     
           3          10   1.2501170772483630     
          10          11   1.1291582018639903     
          11          12   1.6070486606060650     
           3          13   1.2489252827461266     
          12          13   1.1285118059364894     
           4          14   1.2612596155334126     
          14          15   1.1185560179265919     
          15          16   1.5311804776153646     
           4          17   1.2370145071598471     
          16          17   1.1557540051976620     
           5          18   1.2542308248349876     
          18          19   1.1160813012118889     
          19          20   1.5298001377355692     
           5          21   1.2424154891841179     
          20          21   1.1578888668458824     
           6          22   1.3663434444840696     
          21          22   1.3410770882723508     
          22          23  0.96093546744287739     
           9          24   1.3526717414025089     
          10          24   1.3581974101394232     
          24          25  0.96224556384419813     
          13          26   1.3604985436457646     
          14          26   1.3476285380468729     
          26          27  0.96050052961135424     
          17          28   1.3442471041091741     
          18          28   1.3615110892595192     
          28          29  0.95884475181203266     
           7          30   1.0291693926175787     
          30          31  0.97372289464216177     
          30          32  0.97269671428928239     
          30          33  0.98051493256713063     
           8          34   1.0292626170739541     
          34          35  0.97319007487874531     
          34          36  0.97305057160274122     
          34          37  0.98054923236467462     
          20          38   1.0327018540434039     
          38          39  0.96785594701527788     
          38          40  0.97652225865204534     
          38          41  0.97754652704674483     
          19          42   1.1053681934649922     
          42          43  0.95826515088748709     
          42          44   1.8855931453121331     
          44          45  0.97588819743937927     
          44          46  0.97939734837938497     
          16          47   1.0325843002424553     
          47          48  0.96817615221743236     
          47          49  0.97602308242581604     
          47          50  0.97783771438175471     
          15          51   1.1031076932525476     
          51          52  0.95868217779826748     
          51          53   1.8880854229906969     
          53          54  0.97579498007586407     
          53          55  0.97931770810317798     
          12          56   1.0296046829746768     
          56          57  0.98051372034725659     
          56          58  0.97246111479994590     
          56          59  0.97337535452918156     
          11          60   1.0293178650298940     
          60          61  0.98051346155998653     
          60          62  0.97289444769877609     
          60          63  0.97334989167423847     
          64          65  0.97113943346486054     
          64          66  0.97095263482986194     
          64          67  0.98192421290798515     
          68          69  0.94130160784208128     
          64          70   1.0317165612663319     
          68          70   1.1883518783326188     
          68          71   1.2630659830751703     
          70          71  0.11250602977018026     
          71          72  0.95475919390912822     
           1          73  0.49526952990213657     
          71          73   1.4803470381331281     
          70          74   1.5594101797774913     
          73          74   1.2480013487730528     
          74          75  0.95983447385567522     
          76          77  0.98018311079540832     
          76          78  0.97692332905747659     
          76          79  0.98635114747061070     
          76          80   1.0260486536634135     
          80          81  0.96984825369636052     
          80          82  0.97326606605392196     
           1          83  0.40190696887596788     
          80          83  0.96115335340847063     
          83          84  0.99501417651033641     
          84          85  0.97890142812843939     
          84          86  0.98120217100077445     
          84          87  0.97425484964990638     
