    0.43116660
   -0.22263932
   -0.21982646
   -0.21885956
   -0.22052977
    0.05111213
   -0.03160048
   -0.03040961
    0.05197197
    0.05285870
   -0.02973734
   -0.02961903
    0.05342822
    0.05668170
   -0.03222063
   -0.02388774
    0.05276161
    0.05476172
   -0.03531886
   -0.02266466
    0.05232607
   -0.07168311
    0.03284406
   -0.07142073
    0.03550298
   -0.07029975
    0.03365991
   -0.07308990
    0.03012727
   -0.09773598
    0.03421110
    0.03542833
    0.03368357
   -0.09827517
    0.03786581
    0.03327533
    0.03365406
   -0.09950794
    0.03591878
    0.03381166
    0.04158085
   -0.02751446
    0.02267242
   -0.09739875
    0.03331256
    0.02206207
   -0.09886134
    0.03596851
    0.03325459
    0.04116707
   -0.02683910
    0.02364683
   -0.09665942
    0.03417405
    0.02241182
   -0.09833955
    0.03397416
    0.03757372
    0.03471560
   -0.09843757
    0.03415975
    0.03324120
    0.03813665
   -0.11716652
    0.05598403
    0.05627580
    0.06343104
   -0.08452553
    0.17384365
    0.03799455
    0.07432320
    0.06931105
   -0.12968739
   -0.00161042
    0.06593527
   -0.10861426
    0.04591471
    0.05838963
    0.04856807
   -0.02000125
    0.05450553
    0.05073542
   -0.06075775
   -0.07221415
    0.06244799
    0.05881386
    0.07237622
