    0.39339590
   -0.20990445
   -0.20810598
   -0.20911495
   -0.21056224
    0.04901404
   -0.03355325
   -0.03113606
    0.05161166
    0.05195777
   -0.02539720
   -0.03550659
    0.05384374
    0.04955064
   -0.02465589
   -0.03350643
    0.05498951
    0.05162521
   -0.03079679
   -0.03386864
    0.04899054
   -0.07648186
    0.02986129
   -0.06891321
    0.03317475
   -0.07519561
    0.03596009
   -0.06860287
    0.03292928
   -0.09736808
    0.03198294
    0.03474680
    0.03365374
   -0.09666157
    0.03183377
    0.03369406
    0.03193161
   -0.09807616
    0.03516385
    0.03504515
    0.03520501
   -0.02563099
    0.02357398
   -0.09784646
    0.02694079
    0.02113366
   -0.09875716
    0.03549969
    0.03251643
    0.04051853
   -0.02660147
    0.02269167
   -0.09847189
    0.03274333
    0.02016927
   -0.09727357
    0.03450558
    0.03468364
    0.03197303
   -0.09661826
    0.03207908
    0.03355215
    0.03174509
   -0.11591560
    0.05441353
    0.05411065
    0.06136046
   -0.08634056
    0.17187950
    0.03653255
    0.07528944
    0.06831114
   -0.12587009
   -0.00164631
    0.06484695
   -0.11606898
    0.05464907
    0.05409869
    0.06208400
   -0.08655905
    0.17152784
    0.03683191
    0.07498417
    0.06762001
   -0.12562465
   -0.00128507
    0.06489074
