           1           2  0.58830296097885870     
           1           3  0.58833524327769615     
           1           4  0.58675034966864792     
           1           5  0.58798396396338237     
           2           6   1.2536021458801230     
           6           7   1.1306710389200223     
           7           8   1.6054718068405223     
           2           9   1.2461079971643734     
           8           9   1.1297093086893371     
           3          10   1.2458623381552387     
          10          11   1.1583161175939654     
          11          12   1.5328358507790927     
           3          13   1.2539499222733883     
          12          13   1.1163892717636563     
           4          14   1.2377796223160060     
          14          15   1.1578550001838699     
          15          16   1.5274101939673954     
           4          17   1.2632772721270327     
          16          17   1.1172198622596898     
           5          18   1.2502906640728069     
          18          19   1.1307870363525112     
          19          20   1.6039652647206615     
           5          21   1.2497770392189205     
          20          21   1.1315940274121385     
           6          22   1.3504218766902418     
          21          22   1.3533961343533516     
          22          23  0.96275307692955869     
           9          24   1.3674481553062319     
          10          24   1.3387480061879020     
          24          25  0.96240088249960587     
          13          26   1.3571938873346165     
          14          26   1.3428372552806525     
          26          27  0.95714168467994176     
          17          28   1.3513337492133179     
          18          28   1.3588635596372018     
          28          29  0.96014643346530504     
           8          30   1.0288073318925057     
          30          31  0.98064807084353589     
          30          32  0.97321431478037312     
          30          33  0.97366157645929696     
           7          34   1.0282282263536164     
          34          35  0.97394377923822073     
          34          36  0.97361906878940352     
          34          37  0.98064818907334628     
          11          38   1.0306081266628764     
          38          39  0.97354695037655192     
          38          40  0.97104610690099569     
          38          41  0.98244453958394629     
          12          42   1.0991230617943484     
          42          43  0.95802040585698578     
          42          44   1.8912204531184975     
          44          45  0.97539552277850960     
          44          46  0.97926741503466708     
          15          47   1.0323106223055003     
          47          48  0.96817579461011027     
          47          49  0.97650307889347165     
          47          50  0.97751750120972625     
          16          51   1.1072051461971122     
          51          52  0.95848482844286287     
          51          53   1.8832575355615608     
          53          54  0.97586232146252150     
          53          55  0.97948324884055060     
          19          56   1.0289909958560148     
          56          57  0.97326662587598967     
          56          58  0.97331739035045139     
          56          59  0.98062459409667579     
          20          60   1.0281855517682750     
          60          61  0.98064049349148485     
          60          62  0.97393689492795232     
          60          63  0.97370804321815241     
          64          65  0.97146288548502946     
          64          66  0.97167824635127842     
          64          67  0.98228693507451559     
          68          69  0.94194432964283670     
          64          70   1.0311896203188780     
          68          70   1.1868654609132594     
          68          71   1.2623388895039307     
          70          71  0.11268229967468908     
          71          72  0.95431393818910282     
           1          73  0.48926314192911791     
          71          73   1.4875052887882583     
          70          74   1.5616712895620137     
          73          74   1.2512332227160963     
          74          75  0.96004931179827679     
          76          77  0.97133393789869671     
          76          78  0.97168886209113048     
          76          79  0.98216075938484892     
          80          81  0.94205569510141851     
          76          82   1.0312851418284419     
          80          82   1.1868025956080639     
          80          83   1.2616168681745972     
          82          83  0.11280532842641759     
          83          84  0.95481445119990105     
           1          85  0.49021003295595905     
          83          85   1.4872339025179047     
          82          86   1.5617498844504831     
          85          86   1.2510171155251406     
          86          87  0.96014441865601441     
