           1           2  0.58234801412883830     
           1           3  0.56739789012501896     
           1           4  0.56648213395063296     
           1           5  0.58241469806082125     
           2           6   1.2565240833593545     
           6           7   1.1262546491724930     
           7           8   1.6104198023057019     
           2           9   1.2443938272020196     
           8           9   1.1257141847983114     
           3          10   1.2344709320867617     
          10          11   1.1627428392362706     
          11          12   1.5263270348380240     
           3          13   1.2471636145415292     
          12          13   1.1240924534314272     
           4          14   1.2318842964049863     
          14          15   1.1592685080429088     
          15          16   1.5291724707500753     
           4          17   1.2534662570470789     
          16          17   1.1235441871189733     
           5          18   1.2502050732702690     
          18          19   1.1233573836812609     
          19          20   1.6131105742031489     
           5          21   1.2519979454619972     
          20          21   1.1236833185609751     
           6          22   1.3565135433694435     
          21          22   1.3637807200526366     
          22          23  0.96148772894231749     
           9          24   1.3699971050757167     
          10          24   1.3420669166546850     
          24          25  0.96041242290981810     
          13          26   1.3614928304922915     
          14          26   1.3501883154342456     
          26          27  0.95846533432727088     
          17          28   1.3540596135950949     
          18          28   1.3650604227003935     
          28          29  0.95970039729009804     
           8          30   1.0300894192941774     
          30          31  0.98023450282700453     
          30          32  0.97252480131916452     
          30          33  0.97266702905423175     
           7          34   1.0305696939251641     
          34          35  0.97284457809232761     
          34          36  0.97167617181720056     
          34          37  0.98026672499854317     
          11          38   1.0333010643614020     
          38          39  0.96740761425996802     
          38          40  0.97602589495732961     
          38          41  0.97729379324934951     
          12          42   1.1020397594327680     
          42          43  0.95825452447099924     
          42          44   1.8899445548140019     
          44          45  0.97569394580819757     
          44          46  0.97918967647756805     
          15          47   1.0335289046543037     
          47          48  0.96717175788375354     
          47          49  0.97601360712901997     
          47          50  0.97726833666123514     
          16          51   1.1012655484928204     
          51          52  0.95841245406995068     
          51          53   1.8911676888573350     
          53          54  0.97554000670610053     
          53          55  0.97909966708145735     
          19          56   1.0307058687441175     
          56          57  0.97193393389243576     
          56          58  0.97247357500634934     
          56          59  0.98019212897082375     
          20          60   1.0307151101594190     
          60          61  0.98023396570952759     
          60          62  0.97200111895802777     
          60          63  0.97246893217710739     
           1          64  0.27445378194365305     
          64          65  0.87997509942628205     
          64          66  0.88004506277214234     
          67          68  0.97456470930475381     
          67          69  0.98097934148268551     
          67          70  0.97868403311853380     
           1          71  0.43979509261600003     
          67          71  0.99306843151942525     
          71          72  0.94186030681287503     
