    0.63866721
   -0.20799053
   -0.20566456
   -0.20830984
   -0.20891732
    0.06378130
   -0.01960731
   -0.02148472
    0.07182871
    0.07104640
   -0.01679406
   -0.02229730
    0.06709068
    0.06289941
   -0.01172487
   -0.02541749
    0.06799672
    0.06439980
   -0.02243482
   -0.02044136
    0.06228998
   -0.06332615
    0.04770835
   -0.05912890
    0.04891862
   -0.06121119
    0.05276744
   -0.06530882
    0.04749719
   -0.10203820
    0.04011488
    0.03699550
    0.04821018
   -0.10190838
    0.04642118
    0.03878120
    0.04023864
   -0.10264475
    0.04854100
    0.03821977
    0.04296298
   -0.02475962
    0.03529122
   -0.09428700
    0.03470389
    0.03089545
   -0.10369882
    0.04403694
    0.04209246
    0.04980410
   -0.02613621
    0.03212509
   -0.09502789
    0.03778867
    0.02913364
   -0.10192850
    0.04518854
    0.03947295
    0.04031593
   -0.10210739
    0.04052816
    0.03969208
    0.04555246
   -0.16583869
   -0.29514870
   -0.11747817
    0.05793608
    0.05773373
    0.06434071
   -0.08423410
    0.17594619
    0.03912417
    0.08587969
    0.06154523
   -0.18143584
    0.00428161
    0.05794536
