    0.39509211
   -0.21049753
   -0.21453745
   -0.20923804
   -0.20462854
    0.05140088
   -0.03184881
   -0.03288382
    0.04926604
    0.04883151
   -0.02788138
   -0.03511391
    0.05369803
    0.04986443
   -0.02365874
   -0.03446157
    0.05474386
    0.05222270
   -0.03109850
   -0.03147106
    0.05213947
   -0.07116339
    0.03212376
   -0.07435602
    0.03099689
   -0.07307151
    0.03722648
   -0.07031681
    0.03195334
   -0.09685943
    0.03208418
    0.03167041
    0.03442820
   -0.09719142
    0.03393190
    0.03392685
    0.03184596
   -0.09752728
    0.03496582
    0.03298272
    0.03496313
   -0.02556097
    0.02332283
   -0.09738588
    0.02761622
    0.02153764
   -0.09889591
    0.03259098
    0.03594716
    0.04064460
   -0.02690846
    0.02267376
   -0.09864160
    0.03269353
    0.02016350
   -0.09720400
    0.03436882
    0.03432078
    0.03218790
   -0.09720810
    0.03343997
    0.03229573
    0.03414446
   -0.11610300
    0.05441949
    0.05415998
    0.06217875
   -0.08669920
    0.17137704
    0.03684435
    0.07452906
    0.06697642
   -0.12571122
   -0.00140229
    0.06467204
   -0.11596061
    0.05414279
    0.05441820
    0.06145274
   -0.08642112
    0.17180781
    0.03664858
    0.07508146
    0.06760357
   -0.12554411
   -0.00164440
    0.06447725
