           1           2  0.58594134098884365     
           1           3  0.58430404684908521     
           1           4  0.59703108271236893     
           1           5  0.59641362304923851     
           2           6   1.2455439034473155     
           6           7   1.1375543016518501     
           7           8   1.5979110066988920     
           2           9   1.2385428896762258     
           8           9   1.1362657041033777     
           3          10   1.2373872945670013     
          10          11   1.1601460646557753     
          11          12   1.5273514094842999     
           3          13   1.2507634595664505     
          12          13   1.1207509884867182     
           4          14   1.2393071248462588     
          14          15   1.1499956806473153     
          15          16   1.5370413472128259     
           4          17   1.2619696864712966     
          16          17   1.1128665411705567     
           5          18   1.2508507946754519     
          18          19   1.1278162506398397     
          19          20   1.6075555757946265     
           5          21   1.2481050406559311     
          20          21   1.1284377521015889     
           6          22   1.3528447360757128     
          21          22   1.3596023729890654     
          22          23  0.96221049161406191     
           9          24   1.3662398352066649     
          10          24   1.3442780400236396     
          24          25  0.96068545584345810     
          13          26   1.3597961909047531     
          14          26   1.3499163386679893     
          26          27  0.95879251400362220     
          17          28   1.3564793674899760     
          18          28   1.3603494337384960     
          28          29  0.95988462086204507     
           8          30   1.0291480846468490     
          30          31  0.98045083016197443     
          30          32  0.97334189057746057     
          30          33  0.97293452969265926     
           7          34   1.0289445569946987     
          34          35  0.97309254348830487     
          34          36  0.97340436873604808     
          34          37  0.98047615043851422     
          11          38   1.0326692258795822     
          38          39  0.97649602790839674     
          38          40  0.96795489232719589     
          38          41  0.97742280261174785     
          12          42   1.1043543889589322     
          42          43  0.95855115598798224     
          42          44   1.8869361346623810     
          44          45  0.97575735359056914     
          44          46  0.97932545405293026     
          15          47   1.0331496448396933     
          47          48  0.96778445289777693     
          47          49  0.97628940440806966     
          47          50  0.97723931746694259     
          16          51   1.1042407752214038     
          51          52  0.95825055176565255     
          51          53   1.8874416268848049     
          53          54  0.97576725879470427     
          53          55  0.97931090869975213     
          19          56   1.0300114048933802     
          56          57  0.97338046994696026     
          56          58  0.97191353053525709     
          56          59  0.98043574772841802     
          20          60   1.0291028869001226     
          60          61  0.98045321149810283     
          60          62  0.97296436983451284     
          60          63  0.97357392353790817     
           1          64  0.26259186736703449     
          64          65  0.88374024837755916     
          64          66  0.88439376626485289     
          67          68  0.97080434808877902     
          67          69  0.97111056503628035     
          67          70  0.98186296331049450     
          71          72  0.94124074034044658     
          67          73   1.0317507913184070     
          71          73   1.1886547790541875     
          71          74   1.2621401050878667     
          73          74  0.11218685894702865     
          74          75  0.95386124935349814     
           1          76  0.50992605448541295     
          74          76   1.4789794765800865     
          73          77   1.5599602133277182     
          76          77   1.2461661178988921     
          77          78  0.95874953160160103     
