    0.63702773
   -0.21315330
   -0.21363871
   -0.20168882
   -0.20204484
    0.06206765
   -0.02081325
   -0.02391335
    0.06126475
    0.06163480
   -0.01650430
   -0.02382396
    0.06456142
    0.06424457
   -0.01096054
   -0.02322172
    0.07720695
    0.07465038
   -0.02003939
   -0.01872883
    0.06449637
   -0.06260988
    0.04817090
   -0.06881255
    0.04693393
   -0.06148984
    0.04715039
   -0.05602229
    0.04962872
   -0.10155754
    0.03674629
    0.04033222
    0.04535222
   -0.10213466
    0.03965458
    0.04596448
    0.04013430
   -0.10313051
    0.03626671
    0.04705935
    0.04663796
   -0.02586534
    0.02816411
   -0.09263304
    0.04189601
    0.03022663
   -0.10337374
    0.03810661
    0.04886393
    0.04769641
   -0.02549760
    0.02810360
   -0.09263111
    0.04209112
    0.02980045
   -0.10225197
    0.03874869
    0.04862482
    0.04040415
   -0.10206424
    0.03946865
    0.04082884
    0.04614422
   -0.11741887
    0.05768966
    0.05796679
    0.06426482
   -0.08413792
    0.17583939
    0.03901921
    0.08561193
    0.06166138
   -0.18179703
    0.00446923
    0.05765447
   -0.16480828
   -0.29376439
