           1           2  0.58001149407382202     
           1           3  0.57293288312167057     
           1           4  0.57765500900634881     
           1           5  0.58073888629671155     
           2           6   1.2496642241676559     
           6           7   1.1317468446452839     
           7           8   1.5990453691249309     
           2           9   1.2462257856886263     
           8           9   1.1323622975872039     
           3          10   1.2463314240312831     
          10          11   1.1540042032241293     
          11          12   1.5328570804995481     
           3          13   1.2529477882054381     
          12          13   1.1178958103466796     
           4          14   1.2408707662809340     
          14          15   1.1482536753387222     
          15          16   1.5353171559665320     
           4          17   1.2641086183073544     
          16          17   1.1157096462135561     
           5          18   1.2518996460603518     
          18          19   1.1264176589140340     
          19          20   1.6057549126964534     
           5          21   1.2513756275287344     
          20          21   1.1246215978819156     
           6          22   1.3526375472585745     
          21          22   1.3592965059053281     
          22          23  0.96117752503384790     
           9          24   1.3654430420693240     
          10          24   1.3446330586771971     
          24          25  0.95957434083305171     
          13          26   1.3587078091012323     
          14          26   1.3493849484941420     
          26          27  0.95800021069189112     
          17          28   1.3538057445986869     
          18          28   1.3630732626981097     
          28          29  0.95861805418025137     
           8          30   1.0310005011283776     
          30          31  0.97272480755605939     
          30          32  0.97985789000079349     
          30          33  0.97133563913147036     
           7          34   1.0318095527294895     
          34          35  0.97240376159633191     
          34          36  0.97054053129728490     
          34          37  0.97989977493163472     
          11          38   1.0345697131126588     
          38          39  0.97600173659562539     
          38          40  0.96591646760901728     
          38          41  0.97703315301612859     
          12          42   1.1010125074128936     
          42          43  0.95809282492082193     
          42          44   1.8923997884627322     
          44          45  0.97515492585608499     
          44          46  0.97883048765347203     
          15          47   1.0359404915521351     
          47          48  0.97567853799127613     
          47          49  0.96475141310286927     
          47          50  0.97662736060606403     
          16          51   1.1014649118148103     
          51          52  0.95801312350890566     
          51          53   1.8918128200777522     
          53          54  0.97513848287332494     
          53          55  0.97886852386256473     
          19          56   1.0319745761425527     
          56          57  0.97214743171225382     
          56          58  0.97045572788590839     
          56          59  0.97989351633803023     
          20          60   1.0320483571597381     
          60          61  0.97237936662837121     
          60          62  0.97990078723466290     
          60          63  0.97031721756416700     
          64          65  0.97041299451285046     
          64          66  0.97044926388033470     
          64          67  0.98168496234077285     
          68          69  0.94031205041948041     
          64          70   1.0325596028299338     
          68          70   1.1872488079203376     
          68          71   1.2756478293244322     
          70          71  0.11144813855463677     
          71          72  0.95909102266178037     
           1          73  0.32202049163778257     
          71          73   1.5233082542461893     
          70          74   1.5617109590015401     
          73          74   1.2720049945339351     
          74          75  0.96549011236100313     
           1          76   1.1711955690327913     
           1          77  0.67770350171597937     
          76          77   1.1831818293437939     
