    0.44065386
   -0.21114624
   -0.20955110
   -0.22731168
   -0.22873989
    0.05250134
   -0.02906433
   -0.02982954
    0.05276787
    0.05330364
   -0.02113573
   -0.03149621
    0.05597107
    0.05056958
   -0.02214446
   -0.03479749
    0.05116201
    0.04817821
   -0.03233235
   -0.03072918
    0.04962462
   -0.07044074
    0.03640631
   -0.06931875
    0.03694841
   -0.06869049
    0.03599774
   -0.07599639
    0.03264135
   -0.09898336
    0.03451683
    0.03372007
    0.03838597
   -0.09899456
    0.03734425
    0.03514068
    0.03436065
   -0.10069136
    0.03720562
    0.03505693
    0.04361584
   -0.02648344
    0.02531769
   -0.09741467
    0.03346966
    0.02312454
   -0.10046525
    0.03496209
    0.03754183
    0.04219821
   -0.02775928
    0.02344569
   -0.09716316
    0.03440757
    0.02251761
   -0.09828785
    0.03478297
    0.03555802
    0.03361431
   -0.09892049
    0.03386573
    0.03573249
    0.03567748
   -0.48082530
    0.32133098
    0.32136261
   -0.11783669
    0.05674664
    0.05642474
    0.06387941
   -0.08378553
    0.17439249
    0.03833572
    0.07267482
    0.07011919
   -0.13162666
   -0.00287612
    0.06728295
