           1           2  0.57766586603713266     
           1           3  0.56616261766464715     
           1           4  0.57190088581478915     
           1           5  0.58152073418655303     
           2           6   1.2505835871561111     
           6           7   1.1295317134596981     
           7           8   1.6070782290805921     
           2           9   1.2435735706176105     
           8           9   1.1290346962887696     
           3          10   1.2372552244752664     
          10          11   1.1595726622772480     
          11          12   1.5373443978527466     
           3          13   1.2472093665814297     
          12          13   1.1229359458854424     
           4          14   1.2349220837320389     
          14          15   1.1545449569470991     
          15          16   1.5341666952180999     
           4          17   1.2565921250615579     
          16          17   1.1192030360880076     
           5          18   1.2494011894754313     
          18          19   1.1267715605377524     
          19          20   1.6089616218573917     
           5          21   1.2510594581243062     
          20          21   1.1274460026129527     
           6          22   1.3565110309584936     
          21          22   1.3597447802922935     
          22          23  0.96178079761206314     
           9          24   1.3690677557589230     
          10          24   1.3442918235124774     
          24          25  0.96182563005361177     
          13          26   1.3620434077721815     
          14          26   1.3522888670285078     
          26          27  0.95644375308413232     
          17          28   1.3558517409318105     
          18          28   1.3632941504276173     
          28          29  0.95972882064706289     
           8          30   1.0300130846146947     
          30          31  0.98027917506079554     
          30          32  0.97228192821875892     
          30          33  0.97294615069337653     
           7          34   1.0301382003988944     
          34          35  0.97279458618961967     
          34          36  0.97220097526748828     
          34          37  0.98029916882318580     
          11          38   1.0314295174175026     
          38          39  0.97047650772347993     
          38          40  0.97277998819162970     
          38          41  0.98248500163012698     
          12          42   1.0903443013918412     
          42          43  0.95752680568651072     
          42          44   1.9028373598387278     
          44          45  0.97879776083467696     
          44          46  0.97490964605414820     
          15          47   1.0339647050019669     
          47          48  0.97511854196021841     
          47          49  0.96728733801118194     
          47          50  0.97726828701825097     
          16          51   1.1011377037794350     
          51          52  0.95815177488090053     
          51          53   1.8912781710235382     
          53          54  0.97564291618904431     
          53          55  0.97912183333519021     
          19          56   1.0304878770667834     
          56          57  0.97279568998010379     
          56          58  0.97181460215376725     
          56          59  0.98025124189155655     
          20          60   1.0301792687904396     
          60          61  0.98028387642956460     
          60          62  0.97209371920945609     
          60          63  0.97295869900726184     
           1          64  0.27361735374253238     
          64          65  0.87928663152667585     
          64          66  0.88026232840634377     
          67          68  0.97416338079941489     
          67          69  0.98111408681647905     
          67          70  0.97863854911020232     
           1          71  0.44066404296670592     
          67          71  0.99294611397893728     
          71          72  0.94275514479541678     
