           1           2  0.57804426300881495     
           1           3  0.57536936309385611     
           1           4  0.57743080853606665     
           1           5  0.58133515284577297     
           2           6   1.2559846262824945     
           6           7   1.1312813376087425     
           7           8   1.6011032619471097     
           2           9   1.2410350494843210     
           8           9   1.1299496738351666     
           3          10   1.2433611720741904     
          10          11   1.1511048622360329     
          11          12   1.5339985488709031     
           3          13   1.2601463068793477     
          12          13   1.1164679334090972     
           4          14   1.2449867688534519     
          14          15   1.1476954752684883     
          15          16   1.5380816138501028     
           4          17   1.2606142596467547     
          16          17   1.1133330986340997     
           5          18   1.2452621060826474     
          18          19   1.1295598539442906     
          19          20   1.6008499441901660     
           5          21   1.2527852199422345     
          20          21   1.1310424295549459     
           6          22   1.3561738339385387     
          21          22   1.3595658841846601     
          22          23  0.96076663176076860     
           9          24   1.3640567446251202     
          10          24   1.3422804094969183     
          24          25  0.95993212499942171     
          13          26   1.3608568195847996     
          14          26   1.3533308467840433     
          26          27  0.95735237983886934     
          17          28   1.3525731853479408     
          18          28   1.3577204828006519     
          28          29  0.95950378279742998     
           8          30   1.0314657747327858     
          30          31  0.97989044821988691     
          30          32  0.97086774183519620     
          30          33  0.97256301766901532     
           7          34   1.0313429634381319     
          34          35  0.97256932759285775     
          34          36  0.97101380783558011     
          34          37  0.97990487547241467     
          11          38   1.0352957927371802     
          38          39  0.97608628388290430     
          38          40  0.96514145480965086     
          38          41  0.97677673980296253     
          12          42   1.1013446489522376     
          42          43  0.95796096345036641     
          42          44   1.8919299554578732     
          44          45  0.97514832435529353     
          44          46  0.97886152643164448     
          15          47   1.0357159186263178     
          47          48  0.97530759547866075     
          47          49  0.96494676745715979     
          47          50  0.97713228606367286     
          16          51   1.1004143412781513     
          51          52  0.95807347369636608     
          51          53   1.8931241569202204     
          53          54  0.97506618820525326     
          53          55  0.97881106475565227     
          19          56   1.0319300843802226     
          56          57  0.97195928309601509     
          56          58  0.97079274521975945     
          56          59  0.97987525429316036     
          20          60   1.0313442729625881     
          60          61  0.97987611470388991     
          60          62  0.97121312473813171     
          60          63  0.97240653595316218     
           1          64   1.1682855428203662     
           1          65  0.67710635773060446     
          64          65   1.1845102846328650     
          66          67  0.97050484512525459     
          66          68  0.97044733969324393     
          66          69  0.98173874285840934     
          70          71  0.94041729926059525     
          66          72   1.0324638633994583     
          70          72   1.1883546570784236     
          70          73   1.2726766595417569     
          72          73  0.11171557845918721     
          73          74  0.95821461481103676     
           1          75  0.32921307467952238     
          73          75   1.5203567117121226     
          72          76   1.5609602275325896     
          75          76   1.2704742270179206     
          76          77  0.96423404369622090     
