    0.63780662
   -0.21360115
   -0.20620697
   -0.20141509
   -0.20898937
    0.06408527
   -0.02264345
   -0.02230232
    0.05933041
    0.06152671
   -0.01320983
   -0.02305510
    0.07624241
    0.07438594
   -0.01172076
   -0.02197338
    0.06712573
    0.06233492
   -0.02061661
   -0.02206189
    0.06474011
   -0.06496130
    0.04920879
   -0.06646705
    0.04591137
   -0.05444778
    0.05025376
   -0.06299910
    0.04662840
   -0.10158343
    0.04032235
    0.04605358
    0.03721641
   -0.10208108
    0.03904166
    0.04530482
    0.04007389
   -0.10306742
    0.03620433
    0.04841524
    0.04705584
   -0.02543593
    0.02805913
   -0.09255074
    0.04200928
    0.02986614
   -0.10382965
    0.03851695
    0.05007878
    0.04718002
   -0.02565450
    0.02799353
   -0.09216424
    0.04317474
    0.03012952
   -0.10188910
    0.03939455
    0.04632535
    0.04046792
   -0.10212030
    0.04054854
    0.04486839
    0.03936507
   -0.16496219
   -0.29356261
   -0.11736356
    0.05759422
    0.05793010
    0.06400274
   -0.08474561
    0.17565542
    0.03903320
    0.08486714
    0.06124745
   -0.18154007
    0.00413757
    0.05750726
