    0.44087170
   -0.21071445
   -0.20447889
   -0.22762386
   -0.23418491
    0.05040827
   -0.03059602
   -0.02802480
    0.05514117
    0.05622689
   -0.01894383
   -0.03182048
    0.05638154
    0.04967531
   -0.02339887
   -0.03396348
    0.05194945
    0.04789528
   -0.03191488
   -0.03311550
    0.04634440
   -0.07553105
    0.03441605
   -0.06429454
    0.03902877
   -0.07093505
    0.03495844
   -0.07389630
    0.03369062
   -0.09945411
    0.03445043
    0.03916158
    0.03516959
   -0.09852599
    0.03317034
    0.03721946
    0.03446977
   -0.10113899
    0.03491823
    0.03991228
    0.04275213
   -0.02674148
    0.02325795
   -0.09682300
    0.03572947
    0.02306949
   -0.10018402
    0.03417835
    0.03747662
    0.04200856
   -0.02746416
    0.02394245
   -0.09716741
    0.03445862
    0.02265907
   -0.09839475
    0.03518395
    0.03581190
    0.03343608
   -0.09838712
    0.03368527
    0.03589580
    0.03332918
   -0.48038714
    0.32126428
    0.32146148
   -0.11786053
    0.05669538
    0.05653086
    0.06386156
   -0.08420696
    0.17414523
    0.03851053
    0.07259890
    0.06992123
   -0.13145352
   -0.00302132
    0.06732351
