    0.44088255
   -0.21064177
   -0.20457165
   -0.22768529
   -0.23411192
    0.05045111
   -0.03058285
   -0.02802501
    0.05514290
    0.05622017
   -0.01894964
   -0.03183656
    0.05633664
    0.04962821
   -0.02340765
   -0.03395834
    0.05197106
    0.04787959
   -0.03191604
   -0.03309632
    0.04639934
   -0.07546605
    0.03444259
   -0.06429978
    0.03902280
   -0.07100750
    0.03492862
   -0.07389519
    0.03369870
   -0.09945262
    0.03445697
    0.03915520
    0.03516709
   -0.09853032
    0.03317007
    0.03723452
    0.03447641
   -0.10113840
    0.03491859
    0.03990636
    0.04275028
   -0.02674851
    0.02325364
   -0.09682811
    0.03572390
    0.02306705
   -0.10017636
    0.03417200
    0.03745802
    0.04201599
   -0.02747356
    0.02394052
   -0.09717710
    0.03445800
    0.02264996
   -0.09839620
    0.03519193
    0.03580822
    0.03344232
   -0.09839345
    0.03333575
    0.03369090
    0.03591592
   -0.48038428
    0.32126618
    0.32146458
   -0.11786034
    0.05666880
    0.05655751
    0.06386161
   -0.08420215
    0.17414687
    0.03850880
    0.07259069
    0.06993813
   -0.13144755
   -0.00301767
    0.06731113
