    0.42851338
   -0.21813224
   -0.22384827
   -0.22370917
   -0.21742123
    0.05498589
   -0.02823194
   -0.02985677
    0.05269500
    0.04968818
   -0.03309260
   -0.03081136
    0.05328755
    0.05543265
   -0.03384443
   -0.02453341
    0.05196502
    0.05535551
   -0.03482284
   -0.02173812
    0.05345837
   -0.06756709
    0.03630799
   -0.07394590
    0.03382130
   -0.07130003
    0.03199105
   -0.07257934
    0.03097576
   -0.09867414
    0.03469466
    0.03834354
    0.03418377
   -0.09821126
    0.03781228
    0.03301128
    0.03419257
   -0.09997373
    0.03746234
    0.03450887
    0.04183864
   -0.02721589
    0.02277125
   -0.09719197
    0.03417495
    0.02249661
   -0.09885054
    0.03559936
    0.03323777
    0.04125960
   -0.02729111
    0.02350700
   -0.09688468
    0.03362335
    0.02212470
   -0.09771127
    0.03607782
    0.03462522
    0.03309788
   -0.09791017
    0.03351806
    0.03276031
    0.03610066
   -0.11707193
    0.05592689
    0.05600996
    0.06325884
   -0.08477700
    0.17363109
    0.03782052
    0.07411886
    0.06964000
   -0.13040724
   -0.00195756
    0.06622408
   -0.10798476
    0.04538640
    0.05761148
    0.04850242
   -0.02083002
    0.05761771
    0.05076991
   -0.06027395
   -0.07232617
    0.06418207
    0.05928812
    0.07148962
