           1           2  0.58988487787363897     
           1           3  0.58945749187188579     
           1           4  0.58526965089818517     
           1           5  0.58661429877431193     
           2           6   1.2555515172934153     
           6           7   1.1286202524845788     
           7           8   1.6074957625758199     
           2           9   1.2459753425426074     
           8           9   1.1284012218731694     
           3          10   1.2460719271566352     
          10          11   1.1551042430267728     
          11          12   1.5384739467263979     
           3          13   1.2557557053489607     
          12          13   1.1144535944287357     
           4          14   1.2388232455973953     
          14          15   1.1607587095392840     
          15          16   1.5227796652222481     
           4          17   1.2600938021813657     
          16          17   1.1190258329241811     
           5          18   1.2475985805793401     
          18          19   1.1329851797841588     
          19          20   1.6017650818181468     
           5          21   1.2510539784269308     
          20          21   1.1329453502099880     
           6          22   1.3551843686214446     
          21          22   1.3553223833256083     
          22          23  0.96245342841655446     
           9          24   1.3638751269577993     
          10          24   1.3369646875058518     
          24          25  0.96261703002403243     
          13          26   1.3626855518304231     
          14          26   1.3435372630782878     
          26          27  0.95694719078423085     
          17          28   1.3478281788217490     
          18          28   1.3546854242339241     
          28          29  0.96047132768922716     
           8          30   1.0284656355822646     
          30          31  0.98064276014498430     
          30          32  0.97354309369683401     
          30          33  0.97375941828320811     
           7          34   1.0288358675586653     
          34          35  0.97334966320288352     
          34          36  0.97349806917547410     
          34          37  0.98063925032043842     
          11          38   1.0301914817220188     
          38          39  0.97395383497119237     
          38          40  0.97118309879501763     
          38          41  0.98252110478969334     
          12          42   1.0964019303715022     
          42          43  0.95788654139369300     
          42          44   1.8948884642115396     
          44          45  0.97529884083524765     
          44          46  0.97918165799228207     
          15          47   1.0327943736461234     
          47          48  0.96791441063725525     
          47          49  0.97620009985986700     
          47          50  0.97748368447471023     
          16          51   1.1086787615463989     
          51          52  0.95870531523637736     
          51          53   1.8810127109617796     
          53          54  0.97592044940034328     
          53          55  0.97954177417513189     
          19          56   1.0281602157509127     
          56          57  0.97370494408462094     
          56          58  0.97390430522221005     
          56          59  0.98061407060974926     
          20          60   1.0287648105609621     
          60          61  0.98064499824251294     
          60          62  0.97358884712359117     
          60          63  0.97332691319816866     
          64          65  0.97146541091328453     
          64          66  0.97165556265356723     
          64          67  0.98226738622524634     
          68          69  0.94198584471454005     
          64          70   1.0311933498731882     
          68          70   1.1867889428384393     
          68          71   1.2625160150196533     
          70          71  0.11257409730755677     
          71          72  0.95450202270256768     
           1          73  0.48904953903013848     
          71          73   1.4877221288801588     
          70          74   1.5616670238242396     
          73          74   1.2509820972939329     
          74          75  0.95973606621925600     
          76          77  0.97159606031549384     
          76          78  0.97144538621618226     
          76          79  0.98223762313312091     
          80          81  0.94200096983588810     
          76          82   1.0312498715834679     
          80          82   1.1869307522953854     
          80          83   1.2619643075727476     
          82          83  0.11266411011712196     
          83          84  0.95496356517199998     
           1          85  0.49054796000611128     
          83          85   1.4873095678341208     
          82          86   1.5615676709739130     
          85          86   1.2509097145890544     
          86          87  0.96011760309106020     
