    0.39303431
   -0.20445929
   -0.20283921
   -0.21482564
   -0.21552221
    0.05223044
   -0.03026738
   -0.03267274
    0.05175456
    0.05199438
   -0.02703164
   -0.03235194
    0.05740129
    0.05146139
   -0.02272033
   -0.03731195
    0.04934781
    0.04637971
   -0.03470301
   -0.03158768
    0.05102534
   -0.06923166
    0.03321896
   -0.07288177
    0.03075606
   -0.06800611
    0.03880593
   -0.07921741
    0.02875832
   -0.09699900
    0.03205492
    0.03355250
    0.03330106
   -0.09741502
    0.03420582
    0.03417631
    0.03217478
   -0.09772970
    0.03412903
    0.03457341
    0.03519157
   -0.02547405
    0.02366038
   -0.09691801
    0.03082840
    0.02164158
   -0.09920982
    0.03557199
    0.03456613
    0.04072017
   -0.02751178
    0.02063422
   -0.09945075
    0.03209496
    0.01958501
   -0.09624260
    0.03272601
    0.03213282
    0.03190781
   -0.09728618
    0.03186083
    0.03410353
    0.03424752
   -0.11595521
    0.05450773
    0.05412164
    0.06151007
   -0.08641729
    0.17174922
    0.03658428
    0.07530572
    0.06801536
   -0.12611899
   -0.00175728
    0.06479368
   -0.11598100
    0.05415028
    0.05464695
    0.06161764
   -0.08636794
    0.17170804
    0.03675187
    0.07521514
    0.06795191
   -0.12531225
   -0.00129893
    0.06463700
