           1           2  0.58529709956502696     
           1           3  0.58389082911268109     
           1           4  0.59615966639164464     
           1           5  0.59787838470763988     
           2           6   1.2472418818848101     
           6           7   1.1372984966729101     
           7           8   1.5980097204522381     
           2           9   1.2373496323177819     
           8           9   1.1362681914152737     
           3          10   1.2350265252737915     
          10          11   1.1626683454330269     
          11          12   1.5244553380021570     
           3          13   1.2503273948004865     
          12          13   1.1226899297606390     
           4          14   1.2398065452447444     
          14          15   1.1500543534523302     
          15          16   1.5371629593569700     
           4          17   1.2618107718134912     
          16          17   1.1129804340100808     
           5          18   1.2507771515375250     
          18          19   1.1259634374257903     
          19          20   1.6101224286235543     
           5          21   1.2497497738744971     
          20          21   1.1261611940666876     
           6          22   1.3536057269165869     
          21          22   1.3623321895794009     
          22          23  0.96200727663558139     
           9          24   1.3652506954950201     
          10          24   1.3414332962481663     
          24          25  0.96078851822197886     
          13          26   1.3605156573039390     
          14          26   1.3516774387160355     
          26          27  0.95855662109878592     
          17          28   1.3543599765067400     
          18          28   1.3603641362773364     
          28          29  0.96002043931627745     
           8          30   1.0287518525576103     
          30          31  0.98044306752199595     
          30          32  0.97333943625028274     
          30          33  0.97343806033433022     
           7          34   1.0293766022581310     
          34          35  0.97279009905908054     
          34          36  0.97315631696301985     
          34          37  0.98049022771075212     
          11          38   1.0322742752060190     
          38          39  0.97670102342473708     
          38          40  0.96824158298251684     
          38          41  0.97732761696674464     
          12          42   1.1049006060215232     
          42          43  0.95835613397832087     
          42          44   1.8864345530458171     
          44          45  0.97578900565655613     
          44          46  0.97933457424449222     
          15          47   1.0332821368955578     
          47          48  0.97597189334247392     
          47          49  0.96774948432890140     
          47          50  0.97748058325395049     
          16          51   1.1037111834215143     
          51          52  0.95825172721440710     
          51          53   1.8877946294849712     
          53          54  0.97578391202379722     
          53          55  0.97929353984122580     
          19          56   1.0298952637427965     
          56          57  0.97248071553612236     
          56          58  0.97296327208464972     
          56          59  0.98042105082569753     
          20          60   1.0295534003933136     
          60          61  0.98042411947113783     
          60          62  0.97317266130045987     
          60          63  0.97282886814351055     
           1          64  0.26213809430092694     
          64          65  0.88378860346295540     
          64          66  0.88414957069073907     
          67          68  0.97091533600520319     
          67          69  0.97099673104662365     
          67          70  0.98183967744094425     
          71          72  0.94121144394332257     
          67          73   1.0317168176957723     
          71          73   1.1887702213696247     
          71          74   1.2621110842194914     
          73          74  0.11199152297544795     
          74          75  0.95479870450267379     
           1          76  0.50944081224649485     
          74          76   1.4798434829211851     
          73          77   1.5603083646877072     
          76          77   1.2457608527715232     
          77          78  0.95767038059789211     
