           1           2  0.58610932911927349     
           1           3  0.59596835934898085     
           1           4  0.59667234305411698     
           1           5  0.58396862985181741     
           2           6   1.2443131864882977     
           6           7   1.1370848577346275     
           7           8   1.5980019196115287     
           2           9   1.2396721550392247     
           8           9   1.1366239387612853     
           3          10   1.2440265811343632     
          10          11   1.1501931677174222     
          11          12   1.5377815036978251     
           3          13   1.2572976765818358     
          12          13   1.1118593118377365     
           4          14   1.2414160545246280     
          14          15   1.1505243917487169     
          15          16   1.5362965644055258     
           4          17   1.2597916219251144     
          16          17   1.1127306339491716     
           5          18   1.2436072972600847     
          18          19   1.1378133511716280     
          19          20   1.5964609849674360     
           5          21   1.2419156254105936     
          20          21   1.1380298602977081     
           6          22   1.3541337532893540     
          21          22   1.3561526952564136     
          22          23  0.96234262404404380     
           9          24   1.3651056254883274     
          10          24   1.3470951686760684     
          24          25  0.96056180446729444     
          13          26   1.3628524846283920     
          14          26   1.3484136029123901     
          26          27  0.95855045274226625     
          17          28   1.3581155529182025     
          18          28   1.3575062802579276     
          28          29  0.96010463596923756     
           8          30   1.0293794902995277     
          30          31  0.98046919652035025     
          30          32  0.97301661109437143     
          30          33  0.97292009674596391     
           7          34   1.0287257666915803     
          34          35  0.97312125624201551     
          34          36  0.97369131473561199     
          34          37  0.98045810006571110     
          11          38   1.0331990883064290     
          38          39  0.97634777883081569     
          38          40  0.96754638165905127     
          38          41  0.97738493077128064     
          12          42   1.1044099436333772     
          42          43  0.95842478105777551     
          42          44   1.8871397772849585     
          44          45  0.97568740191672132     
          44          46  0.97929468484016846     
          15          47   1.0334562110756582     
          47          48  0.96763783902979716     
          47          49  0.97594956521304055     
          47          50  0.97722239318737070     
          16          51   1.1046934331318772     
          51          52  0.95847153811054864     
          51          53   1.8867372736674162     
          53          54  0.97577408412037869     
          53          55  0.97933600159968126     
          19          56   1.0295305571624753     
          56          57  0.97335086231541224     
          56          58  0.97238819551396949     
          56          59  0.98047838438719748     
          20          60   1.0286800317743683     
          60          61  0.97352078723192992     
          60          62  0.98049172754216229     
          60          63  0.97337609702787498     
           1          64  0.26253536610702499     
          64          65  0.88380249439019043     
          64          66  0.88394881802936054     
          67          68  0.97091934469089658     
          67          69  0.97097386405774988     
          67          70  0.98184665370967117     
          71          72  0.94126292993814165     
          67          73   1.0317301921162920     
          71          73   1.1886931079307037     
          71          74   1.2619469657352043     
          73          74  0.11196246485231150     
          74          75  0.95484741084859193     
           1          76  0.50968406873274985     
          74          76   1.4797870693496060     
          73          77   1.5602910515084405     
          76          77   1.2456668564925761     
          77          78  0.95772826736184280     
