           1           2  0.58490478537360580     
           1           3  0.59417018602234573     
           1           4  0.59963843751422696     
           1           5  0.58483107325178385     
           2           6   1.2461406464396168     
           6           7   1.1371491537973319     
           7           8   1.5978422509667303     
           2           9   1.2373028686918177     
           8           9   1.1369015361179982     
           3          10   1.2437071223456939     
          10          11   1.1536080104588891     
          11          12   1.5400337034036617     
           3          13   1.2552218806044693     
          12          13   1.1147440622886906     
           4          14   1.2402678472120470     
          14          15   1.1503094973461547     
          15          16   1.5361201191220533     
           4          17   1.2599425975801475     
          16          17   1.1123913839838249     
           5          18   1.2436691839705243     
          18          19   1.1357728683883510     
          19          20   1.5992366823970638     
           5          21   1.2440320942031140     
          20          21   1.1356248500772157     
           6          22   1.3548470080586146     
          21          22   1.3590000267987430     
          22          23  0.96218507286126331     
           9          24   1.3656715850050856     
          10          24   1.3424817463532377     
          24          25  0.96221269776130280     
          13          26   1.3616978137615110     
          14          26   1.3513232795174925     
          26          27  0.95649911144573962     
          17          28   1.3556592281128834     
          18          28   1.3573922237954450     
          28          29  0.96031303320269912     
           8          30   1.0289035955962267     
          30          31  0.98049522011217105     
          30          32  0.97298423366036113     
          30          33  0.97357882317404387     
           7          34   1.0291008344941102     
          34          35  0.97328101387115962     
          34          36  0.97303623550315999     
          34          37  0.98050738796455938     
          11          38   1.0308717794330677     
          38          39  0.97330160610269967     
          38          40  0.97105048261434612     
          38          41  0.98221696971631811     
          12          42   1.0966064585705431     
          42          43  0.95774029326902932     
          42          44   1.8955629119225417     
          44          45  0.97506546446732068     
          44          46  0.97906390909683716     
          15          47   1.0338025880920148     
          47          48  0.97599409979901064     
          47          49  0.96723453899085277     
          47          50  0.97706831135526073     
          16          51   1.1053667689586777     
          51          52  0.95869037975527571     
          51          53   1.8859010784351284     
          53          54  0.97575083307484300     
          53          55  0.97935577359952797     
          19          56   1.0293842452595718     
          56          57  0.97264504719110412     
          56          58  0.97330363888181604     
          56          59  0.98049089885082530     
          20          60   1.0291094948386361     
          60          61  0.98049123509987446     
          60          62  0.97347047597362746     
          60          63  0.97294417625673724     
           1          64  0.26191196482208107     
          64          65  0.88363368357667094     
          64          66  0.88400038871372943     
          67          68  0.97105750812050506     
          67          69  0.97091069608089076     
          67          70  0.98186058135797816     
          71          72  0.94123565853960756     
          67          73   1.0317170278444199     
          71          73   1.1887337827597664     
          71          74   1.2618570133445250     
          73          74  0.11225414943283810     
          74          75  0.95429219460393333     
           1          76  0.51027724428192156     
          74          76   1.4788713274306140     
          73          77   1.5599954248644852     
          76          77   1.2460322088536926     
          77          78  0.95866421868989105     
