           1           2  0.58530237449932931     
           1           3  0.58387690040206641     
           1           4  0.59642106236247572     
           1           5  0.59754860907362672     
           2           6   1.2471018746217266     
           6           7   1.1373861529430207     
           7           8   1.5979089028090121     
           2           9   1.2372735824336136     
           8           9   1.1363627494507249     
           3          10   1.2351335313717990     
          10          11   1.1625548709840450     
          11          12   1.5245959562113864     
           3          13   1.2504203510497605     
          12          13   1.1226242083806659     
           4          14   1.2399212357706686     
          14          15   1.1499026765962290     
          15          16   1.5372739393842967     
           4          17   1.2618217845276976     
          16          17   1.1128252098801350     
           5          18   1.2507698132968414     
          18          19   1.1261395782531245     
          19          20   1.6099212320218177     
           5          21   1.2496705340342857     
          20          21   1.1263302295457929     
           6          22   1.3536255868440863     
          21          22   1.3622441074360305     
          22          23  0.96201690542714524     
           9          24   1.3652307470357183     
          10          24   1.3414366311164141     
          24          25  0.96077450797924779     
          13          26   1.3605317998802724     
          14          26   1.3517212517418187     
          26          27  0.95854147814206736     
          17          28   1.3544878979639146     
          18          28   1.3602325376288411     
          28          29  0.96003345598425294     
           8          30   1.0287504542443859     
          30          31  0.97345938505310559     
          30          32  0.98044406435236864     
          30          33  0.97331382151147250     
           7          34   1.0293614818144949     
          34          35  0.97284562049549284     
          34          36  0.97311715535668264     
          34          37  0.98049127820806015     
          11          38   1.0322783249583400     
          38          39  0.97669619753760317     
          38          40  0.96824069181280548     
          38          41  0.97733171757853277     
          12          42   1.1048422357451075     
          42          43  0.95833412740663548     
          42          44   1.8865108141284472     
          44          45  0.97579596696128967     
          44          46  0.97933251177911995     
          15          47   1.0332978967104285     
          47          48  0.97600339819118054     
          47          49  0.96772814445582223     
          47          50  0.97744685103077500     
          16          51   1.1038053552369060     
          51          52  0.95827586103770379     
          51          53   1.8876940580181458     
          53          54  0.97578141183993117     
          53          55  0.97929614598708725     
          19          56   1.0298920577022446     
          56          57  0.97247672487164638     
          56          58  0.97297053070866246     
          56          59  0.98042144713013035     
          20          60   1.0295373323266745     
          60          61  0.97283326174192741     
          60          62  0.98042379054242401     
          60          63  0.97318909335540016     
           1          64  0.26214022505834433     
          64          65  0.88386225876356139     
          64          66  0.88407055765674691     
          67          68  0.97107617622050812     
          67          69  0.97083896701326555     
          67          70  0.98183692640169884     
          71          72  0.94121363934998015     
          67          73   1.0317171528951918     
          71          73   1.1887752730530063     
          71          74   1.2620949706202107     
          73          74  0.11199482891292718     
          74          75  0.95478994474886369     
           1          76  0.50952036892583230     
          74          76   1.4798177419839829     
          73          77   1.5603005370990062     
          76          77   1.2457525256649848     
          77          78  0.95766481160338968     
