    0.44062678
   -0.23234303
   -0.23354311
   -0.20667715
   -0.20460207
    0.04985305
   -0.03076398
   -0.03405793
    0.04481014
    0.04575566
   -0.02563483
   -0.03388452
    0.05179178
    0.05315845
   -0.02034849
   -0.03089912
    0.05876573
    0.05595651
   -0.02805739
   -0.02842711
    0.05393773
   -0.06927687
    0.03685967
   -0.07959441
    0.03179867
   -0.07017234
    0.03554229
   -0.06572601
    0.03777593
   -0.09792744
    0.03366309
    0.03500396
    0.03281585
   -0.09901438
    0.03556597
    0.03655879
    0.03353508
   -0.09963237
    0.03224996
    0.03625147
    0.04141582
   -0.02749217
    0.02413897
   -0.09680136
    0.03430082
    0.02312811
   -0.10052151
    0.04267852
    0.03443437
    0.03894843
   -0.02656078
    0.02430906
   -0.09640980
    0.03563231
    0.02334231
   -0.09927214
    0.03517308
    0.03930319
    0.03463372
   -0.09906814
    0.03534939
    0.03478338
    0.03719194
   -0.48037794
    0.32131827
    0.32142443
   -0.11795508
    0.05649324
    0.05686197
    0.06383762
   -0.08442150
    0.17423877
    0.03867536
    0.07300039
    0.06951974
   -0.13143513
   -0.00325809
    0.06774646
