    0.42839162
   -0.21808693
   -0.22388125
   -0.22358415
   -0.21738046
    0.05501380
   -0.02821103
   -0.02990777
    0.05265460
    0.04968014
   -0.03306032
   -0.03076948
    0.05328952
    0.05546083
   -0.03383027
   -0.02450794
    0.05200186
    0.05531581
   -0.03485473
   -0.02168996
    0.05354786
   -0.06747578
    0.03636195
   -0.07408786
    0.03372742
   -0.07137270
    0.03196199
   -0.07255127
    0.03103102
   -0.09868345
    0.03469687
    0.03837564
    0.03417570
   -0.09819275
    0.03777324
    0.03298116
    0.03418454
   -0.09998942
    0.03752673
    0.03451349
    0.04182489
   -0.02721013
    0.02277589
   -0.09716578
    0.03419007
    0.02251760
   -0.09885849
    0.03562602
    0.03324304
    0.04127598
   -0.02728911
    0.02350430
   -0.09689490
    0.03362833
    0.02211766
   -0.09769599
    0.03309478
    0.03602282
    0.03464132
   -0.09789554
    0.03351661
    0.03275243
    0.03604896
   -0.11706854
    0.05592513
    0.05599243
    0.06325079
   -0.08479587
    0.17361653
    0.03781141
    0.07410761
    0.06962755
   -0.13044673
   -0.00198992
    0.06624877
   -0.10801809
    0.04540853
    0.05760892
    0.04851357
   -0.02081288
    0.05755848
    0.05077566
   -0.06024748
   -0.07232456
    0.06411419
    0.05928250
    0.07154294
