           1           2  0.59847344559730220     
           1           3  0.59489544565209274     
           1           4  0.58418574903122200     
           1           5  0.58695580739396680     
           2           6   1.2529788179879389     
           6           7   1.1272133280960284     
           7           8   1.6091226487023254     
           2           9   1.2451379798609095     
           8           9   1.1269718982048087     
           3          10   1.2436498150616193     
          10          11   1.1535390783072823     
          11          12   1.5347369415618062     
           3          13   1.2543838448322135     
          12          13   1.1137343227689662     
           4          14   1.2349185597728138     
          14          15   1.1607711144521231     
          15          16   1.5262179053312381     
           4          17   1.2535654732862098     
          16          17   1.1213805538361830     
           5          18   1.2428670697560784     
          18          19   1.1348834447502560     
          19          20   1.5996003252939159     
           5          21   1.2448588075896028     
          20          21   1.1356632412858718     
           6          22   1.3575063163828449     
          21          22   1.3583533208679550     
          22          23  0.96201437109328092     
           9          24   1.3677763160410059     
          10          24   1.3427184921699433     
          24          25  0.96052072621020279     
          13          26   1.3652853550339878     
          14          26   1.3466874952408725     
          26          27  0.95851743562439073     
          17          28   1.3535649552937745     
          18          28   1.3580363338013488     
          28          29  0.96008732760742632     
           8          30   1.0294234008759737     
          30          31  0.98042006540399684     
          30          32  0.97281286785557231     
          30          33  0.97325799418784442     
           7          34   1.0295911866926795     
          34          35  0.97325223164430508     
          34          36  0.97264800042075961     
          34          37  0.98043530705864068     
          11          38   1.0330230937565539     
          38          39  0.97650569034969648     
          38          40  0.96742527744693774     
          38          41  0.97750629023682589     
          12          42   1.1044563639222997     
          42          43  0.95833578369576289     
          42          44   1.8869720576623221     
          44          45  0.97568421049722853     
          44          46  0.97930667284233319     
          15          47   1.0330281764219638     
          47          48  0.97623736398817007     
          47          49  0.96763210054948323     
          47          50  0.97751805973412920     
          16          51   1.1041790430218736     
          51          52  0.95840648641307902     
          51          53   1.8870413541439346     
          53          54  0.97577818567278607     
          53          55  0.97934066755673943     
          19          56   1.0291622509967389     
          56          57  0.97282115540443237     
          56          58  0.97342240132184921     
          56          59  0.98044276823911836     
          20          60   1.0293831076396411     
          60          61  0.97317222253415925     
          60          62  0.98049592348492443     
          60          63  0.97283142608065765     
           1          64  0.26275983069793857     
          64          65  0.88455101322458296     
          64          66  0.88379547661920066     
          67          68  0.97097888848026392     
          67          69  0.97097376787813694     
          67          70  0.98189554966113679     
          71          72  0.94116712018493809     
          67          73   1.0317532774713214     
          71          73   1.1886671220844176     
          71          74   1.2625554425349006     
          73          74  0.11242575794491552     
          74          75  0.95291890237798227     
           1          76  0.50885062679672100     
          74          76   1.4788071229823687     
          73          77   1.5596116480656181     
          76          77   1.2469597239536880     
          77          78  0.95971456849267989     
