           1           2  0.59106405588705635     
           1           3  0.58962586182367482     
           1           4  0.58480219271761513     
           1           5  0.58659646655021713     
           2           6   1.2551775102769636     
           6           7   1.1287209455399203     
           7           8   1.6074557685144080     
           2           9   1.2460599373971792     
           8           9   1.1283492597939013     
           3          10   1.2443856668268938     
          10          11   1.1551639055372545     
          11          12   1.5316642913243230     
           3          13   1.2574866084102581     
          12          13   1.1137150928638344     
           4          14   1.2401907868405895     
          14          15   1.1602952811061524     
          15          16   1.5236104366133876     
           4          17   1.2591296212963532     
          16          17   1.1188202297378589     
           5          18   1.2479853454533931     
          18          19   1.1331216029199935     
          19          20   1.6015487579748442     
           5          21   1.2507898552602215     
          20          21   1.1331260957204448     
           6          22   1.3552059416311570     
          21          22   1.3554543985705909     
          22          23  0.96243227387966424     
           9          24   1.3632842527906901     
          10          24   1.3382064471705706     
          24          25  0.96103527002557954     
          13          26   1.3638504891679659     
          14          26   1.3426674686490652     
          26          27  0.95873913260741439     
          17          28   1.3488842045192957     
          18          28   1.3539951553050087     
          28          29  0.96058729611788640     
           8          30   1.0285012452576978     
          30          31  0.98060458422179797     
          30          32  0.97361865915287882     
          30          33  0.97361493565479995     
           7          34   1.0288546595472441     
          34          35  0.97335373331489172     
          34          36  0.97346885550781548     
          34          37  0.98062250334050183     
          11          38   1.0321385356562156     
          38          39  0.96841372302012518     
          38          40  0.97668214440120149     
          38          41  0.97760566015280159     
          12          42   1.1066436347677369     
          42          43  0.95849026971119278     
          42          44   1.8838354225688574     
          44          45  0.97589887692755128     
          44          46  0.97947254065634404     
          15          47   1.0325667278846040     
          47          48  0.96807011911821506     
          47          49  0.97647580524460864     
          47          50  0.97760550623332343     
          16          51   1.1080366416304832     
          51          52  0.95878739681390512     
          51          53   1.8817321276875159     
          53          54  0.97591268144574228     
          53          55  0.97952357483274322     
          19          56   1.0281776465258505     
          56          57  0.97388600263959502     
          56          58  0.97370191828768304     
          56          59  0.98060997849969711     
          20          60   1.0287793961570859     
          60          61  0.98064547401928925     
          60          62  0.97343647024581481     
          60          63  0.97345612742244148     
          64          65  0.97135863160030012     
          64          66  0.97168346261317651     
          64          67  0.98223030862647509     
          68          69  0.94195393037722142     
          64          70   1.0312451574750405     
          68          70   1.1868921704745243     
          68          71   1.2625942692377818     
          70          71  0.11257167240628102     
          71          72  0.95471375751775944     
           1          73  0.48956753985170298     
          71          73   1.4876428807391919     
          70          74   1.5615985466018074     
          73          74   1.2509934118229096     
          74          75  0.95991598201253048     
          76          77  0.97149549952461767     
          76          78  0.97153256636134566     
          76          79  0.98222185912339710     
          80          81  0.94198943743970309     
          76          82   1.0312562503767853     
          80          82   1.1868890948290520     
          80          83   1.2621321374664065     
          82          83  0.11263380675815715     
          83          84  0.95480026545065055     
           1          85  0.48984510974961060     
          83          85   1.4875399695602272     
          82          86   1.5616271009512968     
          85          86   1.2509646559749952     
          86          87  0.95992184745308584     
