    0.44066264
   -0.20997762
   -0.21104626
   -0.22798346
   -0.22756950
    0.05303709
   -0.02882126
   -0.02968518
    0.05298488
    0.05298114
   -0.02146242
   -0.03187519
    0.05533093
    0.04977397
   -0.02242934
   -0.03484684
    0.05128007
    0.04813909
   -0.03229079
   -0.03045777
    0.05031853
   -0.06966428
    0.03664265
   -0.06935815
    0.03704447
   -0.06949252
    0.03565046
   -0.07597475
    0.03262553
   -0.09897081
    0.03457537
    0.03900862
    0.03313731
   -0.09904479
    0.03509855
    0.03760227
    0.03441422
   -0.10064013
    0.03286116
    0.03994749
    0.04214403
   -0.02710425
    0.02423449
   -0.09682228
    0.03569419
    0.02310127
   -0.10052724
    0.03723728
    0.03529117
    0.04207700
   -0.02783929
    0.02340962
   -0.09714532
    0.03441641
    0.02245507
   -0.09827067
    0.03547620
    0.03483932
    0.03364154
   -0.09895261
    0.03388439
    0.03598347
    0.03564267
   -0.48052018
    0.32108573
    0.32155768
   -0.11781918
    0.05641136
    0.05666073
    0.06386455
   -0.08387537
    0.17433169
    0.03831382
    0.07264743
    0.06999838
   -0.13152042
   -0.00291036
    0.06738230
