    0.46578637
   -0.21736923
   -0.24634229
   -0.24460361
   -0.21924488
    0.05719500
   -0.02684456
   -0.02863808
    0.05489766
    0.05064205
   -0.02334108
   -0.03391429
    0.04923274
    0.04839338
   -0.02222786
   -0.03103775
    0.05406915
    0.05493456
   -0.02612913
   -0.02537712
    0.05911160
   -0.06401580
    0.04145962
   -0.07142329
    0.03629441
   -0.07777664
    0.03389135
   -0.07072738
    0.03883139
   -0.09979266
    0.03613502
    0.03862881
    0.03603232
   -0.10035407
    0.03735287
    0.03999005
    0.03602679
   -0.10102095
    0.03711436
    0.03635322
    0.04307389
   -0.02847145
    0.02500186
   -0.09531435
    0.03563284
    0.02509609
   -0.10069310
    0.03576634
    0.03792216
    0.04387990
   -0.02774974
    0.02770044
   -0.09527627
    0.03580399
    0.02581612
   -0.10015164
    0.03939766
    0.03798064
    0.03675318
   -0.10052837
    0.03677082
    0.03934842
    0.03893370
   -0.47913760
    0.32496596
    0.32528609
   -0.07592211
    0.07095661
    0.07426066
    0.07605672
   -0.11176571
    0.16641417
