    0.41971480
   -0.23276113
   -0.22435358
   -0.21195201
   -0.21898663
    0.05004827
   -0.03132842
   -0.03404742
    0.04789232
    0.04925789
   -0.03346975
   -0.03004202
    0.05334960
    0.05952760
   -0.03021381
   -0.01972702
    0.05641343
    0.05782363
   -0.03140729
   -0.02158301
    0.05207828
   -0.07258022
    0.03349213
   -0.07865707
    0.03014222
   -0.06667209
    0.03567187
   -0.06739103
    0.03585521
   -0.09780300
    0.03469471
    0.03529438
    0.03310042
   -0.09709116
    0.03407187
    0.03272930
    0.03312684
   -0.09981577
    0.03425783
    0.04227618
    0.03721304
   -0.02644981
    0.02387904
   -0.09596471
    0.03516667
    0.02360187
   -0.10017279
    0.04023357
    0.03404611
    0.04249497
   -0.02629503
    0.02427306
   -0.09608808
    0.03605483
    0.02328890
   -0.09819452
    0.03707177
    0.03553841
    0.03336781
   -0.09742127
    0.03361531
    0.03283024
    0.03455826
   -0.11742147
    0.05623341
    0.05648007
    0.06366674
   -0.08486804
    0.17393126
    0.03844834
    0.07356913
    0.06980778
   -0.12870752
   -0.00249214
    0.06732435
   -0.06981283
    0.07392828
    0.06641805
    0.07176785
   -0.12124105
    0.16538377
