           1           2  0.57270435371600892     
           1           3  0.57615142542878450     
           1           4  0.57883664689311387     
           1           5  0.57447023923288887     
           2           6   1.2443120302612245     
           6           7   1.1342526809069451     
           7           8   1.6007226571882798     
           2           9   1.2469377625383875     
           8           9   1.1353328391310520     
           3          10   1.2471179877469245     
          10          11   1.1333553625238835     
          11          12   1.6024903344894148     
           3          13   1.2507100715707054     
          12          13   1.1322851296495580     
           4          14   1.2621181236008103     
          14          15   1.1121067933233855     
          15          16   1.5390306456910268     
           4          17   1.2423072162741842     
          16          17   1.1494919301368776     
           5          18   1.2561786851337964     
          18          19   1.1157339906737567     
          19          20   1.5344628768736595     
           5          21   1.2425460807687987     
          20          21   1.1536879120259691     
           6          22   1.3636747462039132     
          21          22   1.3455997908828314     
          22          23  0.96066262684836168     
           9          24   1.3509917728307870     
          10          24   1.3550341948898135     
          24          25  0.96255413709898618     
          13          26   1.3572687155246577     
          14          26   1.3579362954330945     
          26          27  0.96007257150968106     
          17          28   1.3485700483030159     
          18          28   1.3602117674698810     
          28          29  0.95863010508305901     
           7          30   1.0292989208282908     
          30          31  0.97285741997728126     
          30          32  0.97320794353178719     
          30          33  0.98047338544788776     
           8          34   1.0286570755223388     
          34          35  0.97331201558781588     
          34          36  0.97355484906801604     
          34          37  0.98049645341686253     
          20          38   1.0330020106915101     
          38          39  0.97625370877729001     
          38          40  0.97745964714333311     
          38          41  0.96776447297993540     
          19          42   1.1037142600478296     
          42          43  0.95844971743906604     
          42          44   1.8879408836505014     
          44          45  0.97573241777260422     
          44          46  0.97927745697343260     
          16          47   1.0334797642497615     
          47          48  0.96719884821794821     
          47          49  0.97613817656554536     
          47          50  0.97754337254186341     
          15          51   1.1033136643542012     
          51          52  0.95839110272929640     
          51          53   1.8884350643600647     
          53          54  0.97566888271252283     
          53          55  0.97927308155948556     
          12          56   1.0297413722424325     
          56          57  0.97296329751146371     
          56          58  0.97255151914257509     
          56          59  0.98047488879423961     
          11          60   1.0287148338036713     
          60          61  0.98049158987524843     
          60          62  0.97356077235792937     
          60          63  0.97332963573662645     
          64          65  0.97110614863912337     
          64          66  0.97089940946011988     
          64          67  0.98188588557605927     
          68          69  0.94129675597898710     
          64          70   1.0317086444629260     
          68          70   1.1882969321736427     
          68          71   1.2622768133559990     
          70          71  0.11225330504047476     
          71          72  0.95326377991565270     
           1          73  0.50411156940512647     
          71          73   1.4792918566448316     
          70          74   1.5601770524326282     
          73          74   1.2455069364703737     
          74          75  0.95829143231544944     
          76          77  0.97534899107745332     
          76          78  0.98225085355857800     
          76          79  0.97968768233241510     
           1          80  0.37580856501110443     
          76          80  0.99720440086624684     
          80          81  0.94687677046257945     
