           1           2  0.58535146810206407     
           1           3  0.58508362684625925     
           1           4  0.59689712533156436     
           1           5  0.59630186386590356     
           2           6   1.2455356900398067     
           6           7   1.1376964458629311     
           7           8   1.5977889755943224     
           2           9   1.2387128357186310     
           8           9   1.1364044490161844     
           3          10   1.2372068926326529     
          10          11   1.1600668899587325     
          11          12   1.5274549809406845     
           3          13   1.2507738512682487     
          12          13   1.1206175419220195     
           4          14   1.2399615096513630     
          14          15   1.1495536508318915     
          15          16   1.5377098843545285     
           4          17   1.2621127874838571     
          16          17   1.1124287491338991     
           5          18   1.2505990339548243     
          18          19   1.1283073154753074     
          19          20   1.6070235352690605     
           5          21   1.2475611430441795     
          20          21   1.1288828171572152     
           6          22   1.3526882712307133     
          21          22   1.3595780215490789     
          22          23  0.96222100139252587     
           9          24   1.3662811381788518     
          10          24   1.3442362959229039     
          24          25  0.96061364639856761     
          13          26   1.3598822849664876     
          14          26   1.3499014065812718     
          26          27  0.95880453241134611     
          17          28   1.3567633171334050     
          18          28   1.3601573978221051     
          28          29  0.95985707452607283     
           8          30   1.0291556123436689     
          30          31  0.98046238401854380     
          30          32  0.97307570798404941     
          30          33  0.97318272510253911     
           7          34   1.0288952573795536     
          34          35  0.97325247947116589     
          34          36  0.97330124522041683     
          34          37  0.98048994613765106     
          11          38   1.0327315015294245     
          38          39  0.96784723910872494     
          38          40  0.97643005576871555     
          38          41  0.97747899620171452     
          12          42   1.1041739379927991     
          42          43  0.95843612783797183     
          42          44   1.8870510753280476     
          44          45  0.97578698770897432     
          44          46  0.97932213273655244     
          15          47   1.0331692437704176     
          47          48  0.96782172265527266     
          47          49  0.97611448746138074     
          47          50  0.97739770007468452     
          16          51   1.1039633038272003     
          51          52  0.95817396583406877     
          51          53   1.8876997137585949     
          53          54  0.97575751177243075     
          53          55  0.97930059967658512     
          19          56   1.0300185155420070     
          56          57  0.97314459282158416     
          56          58  0.97212651431992680     
          56          59  0.98043310695118446     
          20          60   1.0290744830025524     
          60          61  0.98043378121289348     
          60          62  0.97320729896932123     
          60          63  0.97336122593358199     
           1          64  0.26238032011405826     
          64          65  0.88396308177579264     
          64          66  0.88413344275188022     
          67          68  0.97064231151241886     
          67          69  0.97127952557363539     
          67          70  0.98182310206623846     
          71          72  0.94124195903333197     
          67          73   1.0317578590979959     
          71          73   1.1886860016968444     
          71          74   1.2620586858436653     
          73          74  0.11222812787252839     
          74          75  0.95397271794534333     
           1          76  0.51000167525751039     
          74          76   1.4789755104414992     
          73          77   1.5600149017428520     
          76          77   1.2461900330074376     
          77          78  0.95852486560539019     
