    0.44058811
   -0.23416141
   -0.22683799
   -0.20393228
   -0.21194407
    0.04594453
   -0.03298610
   -0.03224749
    0.04783152
    0.04882073
   -0.02329667
   -0.03387928
    0.05289969
    0.05405778
   -0.02064911
   -0.02978726
    0.05925105
    0.05519782
   -0.02777928
   -0.03104828
    0.05002011
   -0.07603732
    0.03424340
   -0.07404095
    0.03397703
   -0.07054708
    0.03506974
   -0.06400602
    0.03857534
   -0.09843257
    0.03345624
    0.03475424
    0.03536212
   -0.09840961
    0.03350365
    0.03580806
    0.03355275
   -0.10017199
    0.03675932
    0.03365822
    0.04201539
   -0.02765682
    0.02448843
   -0.09701064
    0.03415147
    0.02290003
   -0.10044446
    0.03699543
    0.03589216
    0.04345913
   -0.02645354
    0.02668727
   -0.09715513
    0.03424479
    0.02318239
   -0.09938364
    0.03609894
    0.03899585
    0.03435120
   -0.09843395
    0.03456262
    0.03695584
    0.03299521
   -0.48047033
    0.32139739
    0.32119850
   -0.11793388
    0.05690141
    0.05636297
    0.06406683
   -0.08421039
    0.17417489
    0.03858009
    0.07264829
    0.06972909
   -0.13156482
   -0.00303273
    0.06757802
