    0.40414583
   -0.22402166
   -0.21856995
   -0.20441550
   -0.21406088
    0.04828272
   -0.03176868
   -0.03306595
    0.04672744
    0.04754797
   -0.03261159
   -0.03081206
    0.05094629
    0.05677112
   -0.03113390
   -0.02381861
    0.05176055
    0.05459857
   -0.03404358
   -0.02257678
    0.04922842
   -0.07277531
    0.03333434
   -0.07693499
    0.03218791
   -0.06860822
    0.03270387
   -0.07106988
    0.03251424
   -0.09783305
    0.03419112
    0.03508418
    0.03288684
   -0.09752625
    0.03478150
    0.03287560
    0.03289764
   -0.09946327
    0.03580422
    0.03364137
    0.04162638
   -0.02715431
    0.02289950
   -0.09756532
    0.03353197
    0.02183713
   -0.09923744
    0.03601505
    0.03327332
    0.04113406
   -0.02596983
    0.02267612
   -0.09615762
    0.03421027
    0.02177757
   -0.09801895
    0.03667214
    0.03428889
    0.03292840
   -0.09758605
    0.03326226
    0.03247263
    0.03496048
   -0.11701833
    0.05541121
    0.05560161
    0.06301006
   -0.08544614
    0.17275802
    0.03772427
    0.07338494
    0.06822609
   -0.12537102
   -0.00238894
    0.06599691
   -0.10304912
    0.03525778
    0.03996667
    0.03221357
   -0.05378555
    0.03757820
    0.02649248
   -0.07321397
    0.02947451
    0.06838495
    0.00743096
    0.05933628
    0.02256050
   -0.24866454
    0.17731005
    0.18114024
