           1           2  0.58225746477422946     
           1           3  0.57691174384137056     
           1           4  0.56657157448846251     
           1           5  0.57340730730778966     
           2           6   1.2543114123018442     
           6           7   1.1268296537157112     
           7           8   1.6096729652148600     
           2           9   1.2459952183163336     
           8           9   1.1264698127677384     
           3          10   1.2412361400132601     
          10          11   1.1534925479053368     
          11          12   1.5356496321700985     
           3          13   1.2531740941588307     
          12          13   1.1162698228084276     
           4          14   1.2325450003704359     
          14          15   1.1596324984167041     
          15          16   1.5289448294363517     
           4          17   1.2524486983358258     
          16          17   1.1230273822211465     
           5          18   1.2446546732674664     
          18          19   1.1313361516512623     
          19          20   1.6039624311139091     
           5          21   1.2454476041406810     
          20          21   1.1319431658480228     
           6          22   1.3575299338174767     
          21          22   1.3618436767708986     
          22          23  0.96164247583483142     
           9          24   1.3685148527984885     
          10          24   1.3449434734661072     
          24          25  0.96044496963909920     
          13          26   1.3639800431243978     
          14          26   1.3490390066399478     
          26          27  0.95857835278980996     
          17          28   1.3557484971561564     
          18          28   1.3622829685009199     
          28          29  0.95964865312773795     
           8          30   1.0302645009176350     
          30          31  0.98026139479146446     
          30          32  0.97212533389475697     
          30          33  0.97280171491130663     
           7          34   1.0303284480024455     
          34          35  0.97301856962150635     
          34          36  0.97185301953898529     
          34          37  0.98025853745615432     
          11          38   1.0336722370294904     
          38          39  0.96740190111500379     
          38          40  0.97578950133003328     
          38          41  0.97720662657668789     
          12          42   1.1019955542961133     
          42          43  0.95813161738496844     
          42          44   1.8901447838773537     
          44          45  0.97571171938665369     
          44          46  0.97917756943288992     
          15          47   1.0336018469448105     
          47          48  0.97616227744898554     
          47          49  0.96714822849847049     
          47          50  0.97718083881885331     
          16          51   1.1014626542318264     
          51          52  0.95805122845001844     
          51          53   1.8910049708618406     
          53          54  0.97564409922982165     
          53          55  0.97914683293379490     
          19          56   1.0303532925421324     
          56          57  0.97155463253664676     
          56          58  0.97316538747576198     
          56          59  0.98021716764075606     
          20          60   1.0303523402675092     
          60          61  0.97228549562850486     
          60          62  0.98028524498851544     
          60          63  0.97249663462420077     
           1          64  0.27398034916150621     
          64          65  0.87967647280637251     
          64          66  0.87958288371120852     
          67          68  0.97429738789299281     
          67          69  0.98107688838693385     
          67          70  0.97862716986434761     
           1          71  0.44030733052070015     
          67          71  0.99302428298651002     
          71          72  0.94238371722177183     
