           1           2  0.58615390467343009     
           1           3  0.58302132104068283     
           1           4  0.59444857811544249     
           1           5  0.59856606904038601     
           2           6   1.2476690875869298     
           6           7   1.1369869816836762     
           7           8   1.5983351755258326     
           2           9   1.2374627868296462     
           8           9   1.1359504458509497     
           3          10   1.2352340708516829     
          10          11   1.1626540343217591     
          11          12   1.5251769987055293     
           3          13   1.2503021917889883     
          12          13   1.1228740378373496     
           4          14   1.2396188602495839     
          14          15   1.1506055499787942     
          15          16   1.5366445188396698     
           4          17   1.2616302506484707     
          16          17   1.1134521249961615     
           5          18   1.2509624302279745     
          18          19   1.1254820272934503     
          19          20   1.6106527934938728     
           5          21   1.2500667058962291     
          20          21   1.1257367779859255     
           6          22   1.3535596760566275     
          21          22   1.3624706665802691     
          22          23  0.96199812471684554     
           9          24   1.3652445022708499     
          10          24   1.3415229460098570     
          24          25  0.96069351340473208     
          13          26   1.3603187893863096     
          14          26   1.3515919301598722     
          26          27  0.95854245422117312     
          17          28   1.3542320582040193     
          18          28   1.3605473152271736     
          28          29  0.95990436016091030     
           8          30   1.0287279420142839     
          30          31  0.98044029155040291     
          30          32  0.97327102998962178     
          30          33  0.97354208220737060     
           7          34   1.0294120730734042     
          34          35  0.97271527609825381     
          34          36  0.97319403289247353     
          34          37  0.98049646355659004     
          11          38   1.0322635309427477     
          38          39  0.96813095363817459     
          38          40  0.97659352783434539     
          38          41  0.97751728868240972     
          12          42   1.1039548513950872     
          42          43  0.95849460098537731     
          42          44   1.8873781767823465     
          44          45  0.97574462310666477     
          44          46  0.97930767669812779     
          15          47   1.0333324146729901     
          47          48  0.96749199979036593     
          47          49  0.97607722098228822     
          47          50  0.97745444873280252     
          16          51   1.1039757455065264     
          51          52  0.95840295966374101     
          51          53   1.8876375796235152     
          53          54  0.97567709059099894     
          53          55  0.97928579232004287     
          19          56   1.0298793123114600     
          56          57  0.97262474515729580     
          56          58  0.97284202672864173     
          56          59  0.98041688748209010     
          20          60   1.0295825080253791     
          60          61  0.98042865106601351     
          60          62  0.97323737882839201     
          60          63  0.97273119589185475     
           1          64  0.26282972431160639     
          64          65  0.88377105501295750     
          64          66  0.88455152176529539     
          67          68  0.97096075486726119     
          67          69  0.97097580280447982     
          67          70  0.98187245597007911     
          71          72  0.94123928334198403     
          67          73   1.0316977745775300     
          71          73   1.1887148196781616     
          71          74   1.2619249442794100     
          73          74  0.11196932976159940     
          74          75  0.95481055245129842     
           1          76  0.50968630830848627     
          74          76   1.4798425485015532     
          73          77   1.5602988864219416     
          76          77   1.2456669085001291     
          77          78  0.95771841287417669     
