    0.44065665
   -0.23356292
   -0.23291361
   -0.20510474
   -0.20571101
    0.04917660
   -0.03099498
   -0.03401147
    0.04505105
    0.04555588
   -0.02559281
   -0.03359723
    0.05238817
    0.05373691
   -0.01998217
   -0.03083564
    0.05895888
    0.05588098
   -0.02810322
   -0.02862261
    0.05346282
   -0.07011670
    0.03657573
   -0.07954628
    0.03182554
   -0.06917423
    0.03595619
   -0.06573780
    0.03760445
   -0.09795333
    0.03361033
    0.03342034
    0.03449499
   -0.09895905
    0.03628882
    0.03557971
    0.03350890
   -0.09965322
    0.03366714
    0.03465904
    0.04202522
   -0.02746067
    0.02478952
   -0.09698546
    0.03345393
    0.02301459
   -0.10050506
    0.03562429
    0.03740225
    0.04348528
   -0.02679521
    0.02675778
   -0.09733967
    0.03411640
    0.02316196
   -0.09930692
    0.03874416
    0.03580234
    0.03458777
   -0.09902135
    0.03476893
    0.03532618
    0.03698484
   -0.48074963
    0.32136366
    0.32122639
   -0.11803904
    0.05689344
    0.05654973
    0.06403139
   -0.08432719
    0.17430382
    0.03872994
    0.07303529
    0.06961076
   -0.13166103
   -0.00324330
    0.06775861
