    0.49036812
   -0.22595259
   -0.20843708
   -0.23256179
   -0.25779072
    0.05388474
   -0.02871431
   -0.02688199
    0.05790602
    0.05903582
   -0.01792578
   -0.02855503
    0.06046741
    0.05454069
   -0.01933634
   -0.03228667
    0.05107882
    0.04432974
   -0.03215002
   -0.03237546
    0.04689569
   -0.07406711
    0.03692470
   -0.06325571
    0.04212576
   -0.06487883
    0.04099707
   -0.07787602
    0.03591181
   -0.10001158
    0.03477618
    0.04012938
    0.03871844
   -0.09887830
    0.03725230
    0.03802221
    0.03476345
   -0.10230342
    0.03680302
    0.04110819
    0.04498505
   -0.02692473
    0.02771264
   -0.09563023
    0.03707960
    0.02575309
   -0.10236107
    0.04128996
    0.03740254
    0.04383721
   -0.02781528
    0.02456439
   -0.09552546
    0.03732924
    0.02511835
   -0.09946179
    0.03706739
    0.03614224
    0.03488758
   -0.09929396
    0.03499847
    0.03641860
    0.03582140
   -0.48331346
    0.32400773
    0.32449524
   -0.11044670
    0.05337224
    0.04325995
    0.04484133
    0.01276530
   -0.03722697
    0.04007115
   -0.04730594
    0.05979776
    0.13954155
   -0.33248656
    0.33107607
   -0.03786815
    0.03802816
   -0.06256925
    0.03476448
