    0.44108838
   -0.21079725
   -0.20440967
   -0.22760484
   -0.23432068
    0.05038693
   -0.03054192
   -0.02798113
    0.05519471
    0.05613851
   -0.01898517
   -0.03185719
    0.05638133
    0.04962135
   -0.02335309
   -0.03393555
    0.05173100
    0.04802752
   -0.03188614
   -0.03316309
    0.04624704
   -0.07565049
    0.03435846
   -0.06433065
    0.03902136
   -0.07074257
    0.03487242
   -0.07371784
    0.03377575
   -0.09946701
    0.03446740
    0.03917208
    0.03519234
   -0.09853428
    0.03325052
    0.03716255
    0.03449329
   -0.10112002
    0.03492504
    0.03984967
    0.04275605
   -0.02697609
    0.02380980
   -0.09687138
    0.03568294
    0.02301871
   -0.10041766
    0.03674215
    0.03548840
    0.04203953
   -0.02754240
    0.02347831
   -0.09700978
    0.03449262
    0.02248777
   -0.09837546
    0.03567329
    0.03531845
    0.03338839
   -0.09836186
    0.03320169
    0.03366674
    0.03591627
   -0.48053160
    0.32110826
    0.32160607
   -0.11785492
    0.05688559
    0.05641651
    0.06386301
   -0.08417336
    0.17417954
    0.03855990
    0.07270160
    0.06982049
   -0.13159497
   -0.00298553
    0.06743385
