           1           2  0.59839284927672753     
           1           3  0.59680633549941520     
           1           4  0.58498389000464046     
           1           5  0.58395519488607195     
           2           6   1.2508877387094774     
           6           7   1.1276872305129677     
           7           8   1.6088876514278674     
           2           9   1.2462825920265634     
           8           9   1.1269907800519239     
           3          10   1.2461233240319278     
          10          11   1.1505462895816263     
          11          12   1.5373176805888036     
           3          13   1.2545607219896291     
          12          13   1.1113299228713094     
           4          14   1.2344611005129955     
          14          15   1.1610002728267195     
          15          16   1.5255289071626361     
           4          17   1.2537968404942141     
          16          17   1.1215493670911094     
           5          18   1.2426484685945991     
          18          19   1.1373422586560971     
          19          20   1.5965618799827002     
           5          21   1.2428422818806071     
          20          21   1.1383880166095042     
           6          22   1.3572006783348800     
          21          22   1.3551017328150750     
          22          23  0.96221682331065217     
           9          24   1.3684017852287520     
          10          24   1.3450465512019614     
          24          25  0.96049124603919989     
          13          26   1.3654614320653409     
          14          26   1.3443638560749922     
          26          27  0.95849551309822700     
          17          28   1.3553354507294448     
          18          28   1.3588286688555495     
          28          29  0.96012030345925459     
           8          30   1.0298569376481215     
          30          31  0.98042895495641480     
          30          32  0.97252742146117366     
          30          33  0.97298012402333067     
           7          34   1.0291645919698003     
          34          35  0.97319780086164576     
          34          36  0.97324562888352872     
          34          37  0.98041957890699916     
          11          38   1.0334516738482871     
          38          39  0.97642215912900698     
          38          40  0.96722400128910180     
          38          41  0.97736860741728093     
          12          42   1.1047821914349218     
          42          43  0.95836426736657387     
          42          44   1.8866242960601121     
          44          45  0.97570501224382700     
          44          46  0.97932403860368811     
          15          47   1.0329593916191775     
          47          48  0.96764779024660263     
          47          49  0.97640587071771479     
          47          50  0.97724240614293700     
          16          51   1.1050447573459279     
          51          52  0.95866279073975746     
          51          53   1.8861447993007239     
          53          54  0.97574491814960174     
          53          55  0.97935981284993900     
          19          56   1.0293294105785997     
          56          57  0.97337124305058254     
          56          58  0.97265729302493487     
          56          59  0.98046386661876483     
          20          60   1.0288608359908289     
          60          61  0.97354180915797761     
          60          62  0.98050970068349763     
          60          63  0.97308915276447294     
           1          64  0.26264934581716448     
          64          65  0.88426452615329676     
          64          66  0.88375009631034651     
          67          68  0.97073397943857587     
          67          69  0.97118261961213270     
          67          70  0.98186255631682839     
          71          72  0.94123897567596437     
          67          73   1.0317524574025014     
          71          73   1.1886605319095447     
          71          74   1.2621821776205706     
          73          74  0.11217280036571772     
          74          75  0.95386814730327396     
           1          76  0.50971751495629725     
          74          76   1.4790619480824196     
          73          77   1.5599796486190418     
          76          77   1.2462307287084233     
          77          78  0.95874531827275533     
