    0.46593156
   -0.21826521
   -0.24857329
   -0.24423993
   -0.21714668
    0.05728313
   -0.02679109
   -0.02878635
    0.05435063
    0.04957627
   -0.02377876
   -0.03399752
    0.04943269
    0.04838822
   -0.02252569
   -0.03087528
    0.05416744
    0.05603362
   -0.02563997
   -0.02522261
    0.05940719
   -0.06388974
    0.04155445
   -0.07253448
    0.03587654
   -0.07762105
    0.03384539
   -0.06933507
    0.03947869
   -0.09972019
    0.03611251
    0.03832154
    0.03605601
   -0.10038498
    0.03737978
    0.04002948
    0.03601101
   -0.10092456
    0.03710104
    0.03596605
    0.04295885
   -0.02831165
    0.02439358
   -0.09528246
    0.03566681
    0.02511793
   -0.10079106
    0.03909736
    0.03494138
    0.04336618
   -0.02758398
    0.02616798
   -0.09444339
    0.03704618
    0.02606163
   -0.10029117
    0.03997618
    0.03799336
    0.03684564
   -0.10053378
    0.03883731
    0.03686700
    0.03952737
   -0.47969367
    0.32520843
    0.32490534
   -0.07596843
    0.07095593
    0.07423587
    0.07613500
   -0.11186871
    0.16641219
