           1           2  0.58236285272583599     
           1           3  0.56715983656244673     
           1           4  0.56659079824421410     
           1           5  0.58266144723531077     
           2           6   1.2565463034732922     
           6           7   1.1262599018422952     
           7           8   1.6104232246169528     
           2           9   1.2443158228492139     
           8           9   1.1257081630168662     
           3          10   1.2343276811692590     
          10          11   1.1628909730302479     
          11          12   1.5261179972538441     
           3          13   1.2471683366462702     
          12          13   1.1241631236336773     
           4          14   1.2318281895151790     
          14          15   1.1593012628874406     
          15          16   1.5291311964658716     
           4          17   1.2534624465462727     
          16          17   1.1235705559740234     
           5          18   1.2502378128872864     
          18          19   1.1232393445088404     
          19          20   1.6132335171572634     
           5          21   1.2520561647634638     
          20          21   1.1235702202679836     
           6          22   1.3564806062368246     
          21          22   1.3638086989543239     
          22          23  0.96149434271035172     
           9          24   1.3701013462985032     
          10          24   1.3419391424028031     
          24          25  0.96040387821854956     
          13          26   1.3614980696564385     
          14          26   1.3501519835027875     
          26          27  0.95846080206136364     
          17          28   1.3540099613927159     
          18          28   1.3651266056936486     
          28          29  0.95969080136081653     
           8          30   1.0300832170916077     
          30          31  0.98023451379139126     
          30          32  0.97258013005800392     
          30          33  0.97261753602626344     
           7          34   1.0305729913301951     
          34          35  0.97278879999697576     
          34          36  0.97172782621690557     
          34          37  0.98027194456933653     
          11          38   1.0332943812580384     
          38          39  0.96740142656445016     
          38          40  0.97603719089222318     
          38          41  0.97728157740826904     
          12          42   1.1021708194552087     
          42          43  0.95825946337316403     
          42          44   1.8898075708120654     
          44          45  0.97568653627066038     
          44          46  0.97919307423122459     
          15          47   1.0335204904365658     
          47          48  0.96717981658904284     
          47          49  0.97600958934520243     
          47          50  0.97727106645394279     
          16          51   1.1012909079454389     
          51          52  0.95841022171727186     
          51          53   1.8911420292440577     
          53          54  0.97553861060532265     
          53          55  0.97909934470303006     
          19          56   1.0307138152582267     
          56          57  0.97195809183038206     
          56          58  0.97243941954007751     
          56          59  0.98019083388922656     
          20          60   1.0307209213918702     
          60          61  0.97250501269796275     
          60          62  0.98023160386969910     
          60          63  0.97196185033750093     
           1          64  0.27452257746579783     
          64          65  0.87999436731929315     
          64          66  0.87994822373885295     
          67          68  0.98098007569476520     
          67          69  0.97870156373160300     
          67          70  0.97451413993351954     
           1          71  0.43929445626651947     
          67          71  0.99314701073634470     
          71          72  0.94188900643252638     
