           1           2  0.57749495264798389     
           1           3  0.56988579659574445     
           1           4  0.57012069513329477     
           1           5  0.58206246852699139     
           2           6   1.2507922811901500     
           6           7   1.1299815760165530     
           7           8   1.6063610910841801     
           2           9   1.2429479226190456     
           8           9   1.1294646585880441     
           3          10   1.2370519103029629     
          10          11   1.1608234443956751     
          11          12   1.5339921290446967     
           3          13   1.2462247110433502     
          12          13   1.1225094064065568     
           4          14   1.2349798177560767     
          14          15   1.1546780753697561     
          15          16   1.5336820410730492     
           4          17   1.2559585652711809     
          16          17   1.1188594514269317     
           5          18   1.2496935721458735     
          18          19   1.1271769306249659     
          19          20   1.6086640768903402     
           5          21   1.2501804054682122     
          20          21   1.1276354660280157     
           6          22   1.3556326260824112     
          21          22   1.3606084953791076     
          22          23  0.96182592290485192     
           9          24   1.3690022277171290     
          10          24   1.3432682089541446     
          24          25  0.96187920015727024     
          13          26   1.3617693835365454     
          14          26   1.3524690031839037     
          26          27  0.95640411563394512     
          17          28   1.3569020571242167     
          18          28   1.3622458546858320     
          28          29  0.95954237557958277     
           8          30   1.0299951110996026     
          30          31  0.97338335152083122     
          30          32  0.98029242410572404     
          30          33  0.97189543709599402     
           7          34   1.0301427212338969     
          34          35  0.97273520571564676     
          34          36  0.97225871583802725     
          34          37  0.98033175136050299     
          11          38   1.0317252157499135     
          38          39  0.97305083156922945     
          38          40  0.97000028138755523     
          38          41  0.98212816789439261     
          12          42   1.0943233163583412     
          42          43  0.95749935951124454     
          42          44   1.8984610375706459     
          44          45  0.97523986914896321     
          44          46  0.97892928613752128     
          15          47   1.0342741731241498     
          47          48  0.96643100958456540     
          47          49  0.97576158304595628     
          47          50  0.97718977241397531     
          16          51   1.1021458854017627     
          51          52  0.95807899117734929     
          51          53   1.8903506310754872     
          53          54  0.97553513921660140     
          53          55  0.97913749794666916     
          19          56   1.0304316419575354     
          56          57  0.97261739202198327     
          56          58  0.97206268259060691     
          56          59  0.98027258474102386     
          20          60   1.0302153751662120     
          60          61  0.98029142007583914     
          60          62  0.97262768552564094     
          60          63  0.97238583084098562     
           1          64  0.27312503919478720     
          64          65  0.87990418114601365     
          64          66  0.87928052847057692     
          67          68  0.98111433443925200     
          67          69  0.97862750068767768     
          67          70  0.97413223849820774     
           1          71  0.44225953145269309     
          67          71  0.99285764148410038     
          71          72  0.94212658564896701     
