    0.46553222
   -0.22922788
   -0.24224838
   -0.23629187
   -0.22051397
    0.05490917
   -0.02882486
   -0.02919613
    0.05098970
    0.04883570
   -0.02477539
   -0.03125123
    0.05486176
    0.05246220
   -0.01967914
   -0.03021660
    0.05718411
    0.05441931
   -0.02791627
   -0.02810244
    0.05624332
   -0.06863139
    0.03814064
   -0.07466088
    0.03640055
   -0.07160191
    0.04317717
   -0.06834870
    0.03836709
   -0.09944840
    0.03549377
    0.03554431
    0.03817742
   -0.09972509
    0.03531775
    0.03955318
    0.03550483
   -0.10028346
    0.03756545
    0.03828111
    0.03856448
   -0.02615437
    0.02833947
   -0.09492870
    0.03176400
    0.02693628
   -0.10181673
    0.04158139
    0.03603486
    0.04388653
   -0.02739016
    0.02605189
   -0.09487907
    0.03750479
    0.02565728
   -0.09976446
    0.03755539
    0.03856274
    0.03587033
   -0.10005089
    0.03602386
    0.03957170
    0.03598689
   -0.48036519
    0.32472636
    0.32509156
   -0.07616517
    0.07082815
    0.07461035
    0.07598147
   -0.11056757
    0.16493581
