           1           2  0.58537920184902814     
           1           3  0.58382068519200658     
           1           4  0.59619633248391646     
           1           5  0.59774829574918165     
           2           6   1.2472078266184305     
           6           7   1.1372967541834973     
           7           8   1.5980130258845233     
           2           9   1.2373163248629526     
           8           9   1.1362684922095159     
           3          10   1.2350684775734033     
          10          11   1.1626746639207064     
          11          12   1.5244377067367989     
           3          13   1.2503540379672615     
          12          13   1.1227016549250903     
           4          14   1.2398218473180149     
          14          15   1.1500065851685757     
          15          16   1.5372224673235810     
           4          17   1.2618035313689235     
          16          17   1.1129510478499762     
           5          18   1.2508068579139284     
          18          19   1.1259957850469959     
          19          20   1.6100835991686147     
           5          21   1.2497605426310447     
          20          21   1.1261912179154296     
           6          22   1.3536288268595307     
          21          22   1.3623004129392833     
          22          23  0.96201155804734784     
           9          24   1.3652677501489270     
          10          24   1.3414043871751511     
          24          25  0.96077446079423412     
          13          26   1.3604899970567070     
          14          26   1.3517121939420742     
          26          27  0.95855858361452362     
          17          28   1.3543842755181275     
          18          28   1.3603235174593351     
          28          29  0.96002504476791373     
           8          30   1.0287516293636585     
          30          31  0.98044244994814034     
          30          32  0.97332628891420059     
          30          33  0.97344901447598753     
           7          34   1.0293750045386310     
          34          35  0.97282442580376005     
          34          36  0.97312356985341830     
          34          37  0.98049055934616436     
          11          38   1.0322795110241509     
          38          39  0.97670817199563553     
          38          40  0.96823443699885647     
          38          41  0.97731546019397642     
          12          42   1.1049107592774325     
          42          43  0.95835708836005529     
          42          44   1.8864267568665978     
          44          45  0.97579023663634046     
          44          46  0.97933504089898304     
          15          47   1.0332854282773716     
          47          48  0.97598372631844477     
          47          49  0.96774355157366598     
          47          50  0.97747688051010573     
          16          51   1.1036871237501404     
          51          52  0.95825398898184577     
          51          53   1.8878197459731048     
          53          54  0.97578730473061892     
          53          55  0.97929307747322070     
          19          56   1.0298955259780265     
          56          57  0.97248322635681084     
          56          58  0.97296097037328610     
          56          59  0.98042097665964878     
          20          60   1.0295518267509756     
          60          61  0.98042391736443035     
          60          62  0.97317933783101984     
          60          63  0.97282661740871368     
           1          64  0.26213877286948578     
          64          65  0.88381724950607010     
          64          66  0.88411907417824576     
          67          68  0.97101347270593197     
          67          69  0.97090061798883553     
          67          70  0.98183762049174361     
          71          72  0.94121281609254437     
          67          73   1.0317166924101626     
          71          73   1.1887758824553085     
          71          74   1.2620960034030460     
          73          74  0.11199270396315973     
          74          75  0.95479497708426608     
           1          76  0.50950167891922837     
          74          76   1.4798290097182096     
          73          77   1.5603056344743180     
          76          77   1.2457490112826377     
          77          78  0.95765556205485081     
