    0.44063948
   -0.23360553
   -0.23286944
   -0.20500277
   -0.20581562
    0.04912510
   -0.03101215
   -0.03400782
    0.04506840
    0.04554234
   -0.02560142
   -0.03357943
    0.05243660
    0.05378561
   -0.01995879
   -0.03081307
    0.05897590
    0.05586362
   -0.02811932
   -0.02864660
    0.05341147
   -0.07017562
    0.03654768
   -0.07953948
    0.03182017
   -0.06912401
    0.03598317
   -0.06573560
    0.03760177
   -0.09795422
    0.03360883
    0.03342978
    0.03448683
   -0.09895381
    0.03625991
    0.03558312
    0.03350676
   -0.09965258
    0.03366173
    0.03465032
    0.04201969
   -0.02743967
    0.02481649
   -0.09696804
    0.03343643
    0.02302489
   -0.10051412
    0.03564832
    0.03741048
    0.04348812
   -0.02678962
    0.02675901
   -0.09733562
    0.03412107
    0.02316204
   -0.09930547
    0.03873783
    0.03579884
    0.03458191
   -0.09901335
    0.03695700
    0.03475991
    0.03532341
   -0.48074369
    0.32134421
    0.32126059
   -0.11803913
    0.05685943
    0.05658088
    0.06403020
   -0.08433336
    0.17430212
    0.03872889
    0.07303038
    0.06960807
   -0.13165143
   -0.00324782
    0.06776984
