           1           2  0.58540865654295515     
           1           3  0.58383576604906173     
           1           4  0.59614785154662253     
           1           5  0.59778543636405301     
           2           6   1.2471843718473814     
           6           7   1.1373216202214493     
           7           8   1.5979873494323351     
           2           9   1.2373194674755061     
           8           9   1.1362887185286006     
           3          10   1.2350994579525019     
          10          11   1.1625831282155825     
          11          12   1.5246144424418051     
           3          13   1.2503804627192936     
          12          13   1.1226747848335148     
           4          14   1.2398964990518480     
          14          15   1.1499579819537407     
          15          16   1.5372569939846508     
           4          17   1.2618209981847937     
          16          17   1.1129127613558911     
           5          18   1.2508008341157022     
          18          19   1.1259867919909508     
          19          20   1.6100899631000762     
           5          21   1.2497372887880815     
          20          21   1.1261962126211753     
           6          22   1.3536122052034898     
          21          22   1.3623005728890725     
          22          23  0.96201191522011809     
           9          24   1.3652286779760787     
          10          24   1.3414550025740390     
          24          25  0.96078506203401259     
          13          26   1.3604921125500633     
          14          26   1.3517092616834807     
          26          27  0.95857842350280054     
          17          28   1.3544062841733053     
          18          28   1.3603188244890578     
          28          29  0.96002199431559165     
           8          30   1.0287494116152507     
          30          31  0.98044533466061656     
          30          32  0.97332634313739974     
          30          33  0.97345079259412581     
           7          34   1.0293706087893957     
          34          35  0.97282022773484544     
          34          36  0.97313221564257812     
          34          37  0.98049322163632413     
          11          38   1.0322769025879950     
          38          39  0.97669432184516325     
          38          40  0.96824268697316962     
          38          41  0.97733854450418667     
          12          42   1.1047376021851607     
          42          43  0.95834774410423051     
          42          44   1.8866088978429774     
          44          45  0.97579749685181150     
          44          46  0.97933037348138186     
          15          47   1.0332832448309339     
          47          48  0.97596214355397781     
          47          49  0.96775265141016942     
          47          50  0.97749088653699201     
          16          51   1.1037108718883035     
          51          52  0.95825741743123416     
          51          53   1.8877920664678667     
          53          54  0.97578283990982029     
          53          55  0.97929424351818184     
          19          56   1.0298936615687047     
          56          57  0.97247615938667531     
          56          58  0.97296792027810541     
          56          59  0.98042353642294711     
          20          60   1.0295474303561800     
          60          61  0.97282263676562908     
          60          62  0.98042670001880616     
          60          63  0.97318709329307496     
           1          64  0.26219567355876672     
          64          65  0.88382340257334002     
          64          66  0.88413040375516561     
          67          68  0.97103364308869267     
          67          69  0.97088233520124334     
          67          70  0.98183841502518931     
          71          72  0.94121342240231820     
          67          73   1.0317154559500712     
          71          73   1.1887591605836207     
          71          74   1.2621191732428125     
          73          74  0.11199200672418194     
          74          75  0.95478877396300132     
           1          76  0.50936162528741891     
          74          76   1.4798802273054457     
          73          77   1.5603200874788050     
          76          77   1.2457763881121307     
          77          78  0.95766451875888114     
